,location_id,product_id,year,export_value,import_value,hs_eci,hs_coi,location_code,hs_product_code
4292,165,5000,1997,0.0,0.0,1.1610610000000001,-0.485941,NRU,010111
10818,165,5001,1997,0.0,0.0,1.1610610000000001,-0.485941,NRU,010119
17344,165,5002,1997,0.0,0.0,1.1610610000000001,-0.485941,NRU,010120
23870,165,5003,1997,0.0,0.0,1.1610610000000001,-0.485941,NRU,010210
30396,165,5004,1997,0.0,0.0,1.1610610000000001,-0.485941,NRU,010290
36922,165,5005,1997,0.0,0.0,1.1610610000000001,-0.485941,NRU,010310
43448,165,5006,1997,0.0,0.0,1.1610610000000001,-0.485941,NRU,010391
49974,165,5007,1997,0.0,0.0,1.1610610000000001,-0.485941,NRU,010392
56500,165,5008,1997,0.0,0.0,1.1610610000000001,-0.485941,NRU,010410
63026,165,5009,1997,0.0,0.0,1.1610610000000001,-0.485941,NRU,010420
69552,165,5010,1997,0.0,1.0174993167190228e-09,1.1610610000000001,-0.485941,NRU,010511
76078,165,5011,1997,0.0,0.0,1.1610610000000001,-0.485941,NRU,010519
82604,165,5012,1997,0.0,0.0,1.1610610000000001,-0.485941,NRU,010591
89130,165,5013,1997,0.0,0.0,1.1610610000000001,-0.485941,NRU,010599
95656,165,5014,1997,0.0,0.0,1.1610610000000001,-0.485941,NRU,010600
102182,165,5015,1997,0.0,1.1762557247673653e-09,1.1610610000000001,-0.485941,NRU,020110
108708,165,5016,1997,0.0,7.059522946617324e-10,1.1610610000000001,-0.485941,NRU,020120
115234,165,5017,1997,0.0,6.7386958004987525e-09,1.1610610000000001,-0.485941,NRU,020130
121760,165,5018,1997,0.0,0.0,1.1610610000000001,-0.485941,NRU,020210
128286,165,5019,1997,0.0,3.900038423353773e-08,1.1610610000000001,-0.485941,NRU,020220
134812,165,5020,1997,0.0,1.3205450822701752e-07,1.1610610000000001,-0.485941,NRU,020230
141338,165,5021,1997,0.0,1.602677425383227e-08,1.1610610000000001,-0.485941,NRU,020311
147864,165,5022,1997,0.0,4.043151193698814e-08,1.1610610000000001,-0.485941,NRU,020312
154390,165,5023,1997,0.0,2.2680623205770735e-08,1.1610610000000001,-0.485941,NRU,020319
160916,165,5024,1997,0.0,1.1970133736944377e-07,1.1610610000000001,-0.485941,NRU,020321
167442,165,5025,1997,0.0,1.3129055515697278e-08,1.1610610000000001,-0.485941,NRU,020322
173968,165,5026,1997,0.0,3.033937702034506e-09,1.1610610000000001,-0.485941,NRU,020329
180494,165,5027,1997,0.0,0.0,1.1610610000000001,-0.485941,NRU,020410
187020,165,5028,1997,0.0,0.0,1.1610610000000001,-0.485941,NRU,020421
193546,165,5029,1997,0.0,1.0202170673369692e-08,1.1610610000000001,-0.485941,NRU,020422
200072,165,5030,1997,0.0,0.0,1.1610610000000001,-0.485941,NRU,020423
206598,165,5031,1997,0.0,8.760437113849252e-09,1.1610610000000001,-0.485941,NRU,020430
213124,165,5032,1997,0.0,0.0,1.1610610000000001,-0.485941,NRU,020441
219650,165,5033,1997,0.0,3.323378142845816e-08,1.1610610000000001,-0.485941,NRU,020442
226176,165,5034,1997,0.0,4.633433370596722e-10,1.1610610000000001,-0.485941,NRU,020443
232702,165,5035,1997,0.0,0.0,1.1610610000000001,-0.485941,NRU,020450
239228,165,5036,1997,0.0,0.0,1.1610610000000001,-0.485941,NRU,020500
245754,165,5037,1997,0.0,0.0,1.1610610000000001,-0.485941,NRU,020610
252280,165,5038,1997,0.0,0.0,1.1610610000000001,-0.485941,NRU,020621
258806,165,5039,1997,0.0,0.0,1.1610610000000001,-0.485941,NRU,020622
265332,165,5040,1997,0.0,6.618717053706477e-10,1.1610610000000001,-0.485941,NRU,020629
271858,165,5041,1997,0.0,0.0,1.1610610000000001,-0.485941,NRU,020630
278384,165,5042,1997,0.0,0.0,1.1610610000000001,-0.485941,NRU,020641
284910,165,5043,1997,0.0,0.0,1.1610610000000001,-0.485941,NRU,020649
291436,165,5044,1997,0.0,0.0,1.1610610000000001,-0.485941,NRU,020680
297962,165,5045,1997,0.0,4.885322452260064e-10,1.1610610000000001,-0.485941,NRU,020690
304488,165,5046,1997,0.0,9.09419014705318e-09,1.1610610000000001,-0.485941,NRU,020710
311014,165,5047,1997,0.0,1.7297156951221196e-07,1.1610610000000001,-0.485941,NRU,020721
317540,165,5048,1997,0.0,0.0,1.1610610000000001,-0.485941,NRU,020722
324066,165,5049,1997,0.0,1.5922041425140668e-09,1.1610610000000001,-0.485941,NRU,020723
330592,165,5050,1997,0.0,0.0,1.1610610000000001,-0.485941,NRU,020731
337118,165,5051,1997,0.0,0.0,1.1610610000000001,-0.485941,NRU,020739
343644,165,5052,1997,0.0,6.645198550581346e-08,1.1610610000000001,-0.485941,NRU,020741
350170,165,5053,1997,0.0,0.0,1.1610610000000001,-0.485941,NRU,020742
356696,165,5054,1997,0.0,0.0,1.1610610000000001,-0.485941,NRU,020743
363222,165,5055,1997,0.0,0.0,1.1610610000000001,-0.485941,NRU,020750
369748,165,5056,1997,0.0,0.0,1.1610610000000001,-0.485941,NRU,020810
376274,165,5057,1997,0.0,0.0,1.1610610000000001,-0.485941,NRU,020820
382800,165,5058,1997,0.0,0.0,1.1610610000000001,-0.485941,NRU,020890
389326,165,5059,1997,0.0,0.0,1.1610610000000001,-0.485941,NRU,020900
395852,165,5060,1997,0.0,6.0768240951281045e-09,1.1610610000000001,-0.485941,NRU,021011
402378,165,5061,1997,0.0,0.0,1.1610610000000001,-0.485941,NRU,021012
408904,165,5062,1997,0.0,0.0,1.1610610000000001,-0.485941,NRU,021019
415430,165,5063,1997,0.0,0.0,1.1610610000000001,-0.485941,NRU,021020
421956,165,5064,1997,0.0,0.0,1.1610610000000001,-0.485941,NRU,021090
428482,165,5065,1997,0.0,0.0,1.1610610000000001,-0.485941,NRU,030110
435008,165,5066,1997,0.0,0.0,1.1610610000000001,-0.485941,NRU,030191
441534,165,5067,1997,0.0,0.0,1.1610610000000001,-0.485941,NRU,030192
448060,165,5068,1997,0.0,0.0,1.1610610000000001,-0.485941,NRU,030193
454586,165,5069,1997,0.0,0.0,1.1610610000000001,-0.485941,NRU,030199
461112,165,5070,1997,0.0,0.0,1.1610610000000001,-0.485941,NRU,030211
467638,165,5071,1997,0.0,0.0,1.1610610000000001,-0.485941,NRU,030212
474164,165,5072,1997,0.0,0.0,1.1610610000000001,-0.485941,NRU,030219
480690,165,5073,1997,0.0,0.0,1.1610610000000001,-0.485941,NRU,030221
487216,165,5074,1997,0.0,0.0,1.1610610000000001,-0.485941,NRU,030222
493742,165,5075,1997,0.0,0.0,1.1610610000000001,-0.485941,NRU,030223
500268,165,5076,1997,0.0,0.0,1.1610610000000001,-0.485941,NRU,030229
506794,165,5077,1997,0.0,0.0,1.1610610000000001,-0.485941,NRU,030231
513320,165,5078,1997,0.0,0.0,1.1610610000000001,-0.485941,NRU,030232
519846,165,5079,1997,0.0,0.0,1.1610610000000001,-0.485941,NRU,030233
526372,165,5080,1997,0.0,0.0,1.1610610000000001,-0.485941,NRU,030239
532898,165,5081,1997,0.0,0.0,1.1610610000000001,-0.485941,NRU,030240
539424,165,5082,1997,0.0,0.0,1.1610610000000001,-0.485941,NRU,030250
545950,165,5083,1997,0.0,0.0,1.1610610000000001,-0.485941,NRU,030261
552476,165,5084,1997,0.0,0.0,1.1610610000000001,-0.485941,NRU,030262
559002,165,5085,1997,0.0,0.0,1.1610610000000001,-0.485941,NRU,030263
565528,165,5086,1997,0.0,0.0,1.1610610000000001,-0.485941,NRU,030264
572054,165,5087,1997,0.0,0.0,1.1610610000000001,-0.485941,NRU,030265
578580,165,5088,1997,0.0,0.0,1.1610610000000001,-0.485941,NRU,030266
585106,165,5089,1997,0.0,0.0,1.1610610000000001,-0.485941,NRU,030269
591632,165,5090,1997,0.0,0.0,1.1610610000000001,-0.485941,NRU,030270
598158,165,5091,1997,0.0,0.0,1.1610610000000001,-0.485941,NRU,030310
604684,165,5092,1997,0.0,0.0,1.1610610000000001,-0.485941,NRU,030321
611210,165,5093,1997,0.0,0.0,1.1610610000000001,-0.485941,NRU,030322
617736,165,5094,1997,0.0,0.0,1.1610610000000001,-0.485941,NRU,030329
624262,165,5095,1997,0.0,0.0,1.1610610000000001,-0.485941,NRU,030331
630788,165,5096,1997,0.0,0.0,1.1610610000000001,-0.485941,NRU,030332
637314,165,5097,1997,0.0,0.0,1.1610610000000001,-0.485941,NRU,030333
643840,165,5098,1997,0.0,1.663793670986806e-09,1.1610610000000001,-0.485941,NRU,030339
650366,165,5099,1997,0.0,0.0,1.1610610000000001,-0.485941,NRU,030341
656892,165,5100,1997,0.0,0.0,1.1610610000000001,-0.485941,NRU,030342
663418,165,5101,1997,0.0,0.0,1.1610610000000001,-0.485941,NRU,030343
669944,165,5102,1997,0.0,0.0,1.1610610000000001,-0.485941,NRU,030349
676470,165,5103,1997,7.687140564460183e-09,0.0,1.1610610000000001,-0.485941,NRU,030350
682996,165,5104,1997,0.0,0.0,1.1610610000000001,-0.485941,NRU,030360
689522,165,5105,1997,0.0,0.0,1.1610610000000001,-0.485941,NRU,030371
696048,165,5106,1997,0.0,0.0,1.1610610000000001,-0.485941,NRU,030372
702574,165,5107,1997,0.0,0.0,1.1610610000000001,-0.485941,NRU,030373
709100,165,5108,1997,0.0,0.0,1.1610610000000001,-0.485941,NRU,030374
715626,165,5109,1997,0.0,0.0,1.1610610000000001,-0.485941,NRU,030375
722152,165,5110,1997,0.0,0.0,1.1610610000000001,-0.485941,NRU,030376
728678,165,5111,1997,0.0,0.0,1.1610610000000001,-0.485941,NRU,030377
735204,165,5112,1997,0.0,0.0,1.1610610000000001,-0.485941,NRU,030378
741730,165,5113,1997,0.0,7.099626339882145e-09,1.1610610000000001,-0.485941,NRU,030379
748256,165,5114,1997,0.0,0.0,1.1610610000000001,-0.485941,NRU,030380
754782,165,5115,1997,0.0,0.0,1.1610610000000001,-0.485941,NRU,030410
761308,165,5116,1997,0.0,9.12037335422608e-09,1.1610610000000001,-0.485941,NRU,030420
767834,165,5117,1997,0.0,0.0,1.1610610000000001,-0.485941,NRU,030490
774360,165,5118,1997,0.0,0.0,1.1610610000000001,-0.485941,NRU,030510
780886,165,5119,1997,0.0,0.0,1.1610610000000001,-0.485941,NRU,030520
787412,165,5120,1997,0.0,0.0,1.1610610000000001,-0.485941,NRU,030530
793938,165,5121,1997,0.0,0.0,1.1610610000000001,-0.485941,NRU,030541
800464,165,5122,1997,0.0,0.0,1.1610610000000001,-0.485941,NRU,030542
806990,165,5123,1997,0.0,0.0,1.1610610000000001,-0.485941,NRU,030549
813516,165,5124,1997,0.0,0.0,1.1610610000000001,-0.485941,NRU,030551
820042,165,5125,1997,0.0,0.0,1.1610610000000001,-0.485941,NRU,030559
826568,165,5126,1997,0.0,3.930165683252718e-08,1.1610610000000001,-0.485941,NRU,030561
833094,165,5127,1997,0.0,0.0,1.1610610000000001,-0.485941,NRU,030562
839620,165,5128,1997,0.0,0.0,1.1610610000000001,-0.485941,NRU,030563
846146,165,5129,1997,0.0,0.0,1.1610610000000001,-0.485941,NRU,030569
852672,165,5130,1997,0.0,0.0,1.1610610000000001,-0.485941,NRU,030611
859198,165,5131,1997,0.0,0.0,1.1610610000000001,-0.485941,NRU,030612
865724,165,5132,1997,0.0,3.456183346822791e-09,1.1610610000000001,-0.485941,NRU,030613
872250,165,5133,1997,0.0,0.0,1.1610610000000001,-0.485941,NRU,030614
878776,165,5134,1997,0.0,0.0,1.1610610000000001,-0.485941,NRU,030619
885302,165,5135,1997,0.0,0.0,1.1610610000000001,-0.485941,NRU,030621
891828,165,5136,1997,0.0,5.8421695295785706e-09,1.1610610000000001,-0.485941,NRU,030622
898354,165,5137,1997,0.0,0.0,1.1610610000000001,-0.485941,NRU,030623
904880,165,5138,1997,0.0,0.0,1.1610610000000001,-0.485941,NRU,030624
911406,165,5139,1997,0.0,0.0,1.1610610000000001,-0.485941,NRU,030629
917932,165,5140,1997,0.0,0.0,1.1610610000000001,-0.485941,NRU,030710
924458,165,5141,1997,0.0,0.0,1.1610610000000001,-0.485941,NRU,030721
930984,165,5142,1997,0.0,0.0,1.1610610000000001,-0.485941,NRU,030729
937510,165,5143,1997,0.0,0.0,1.1610610000000001,-0.485941,NRU,030731
944036,165,5144,1997,0.0,0.0,1.1610610000000001,-0.485941,NRU,030739
950562,165,5145,1997,0.0,0.0,1.1610610000000001,-0.485941,NRU,030741
957088,165,5146,1997,0.0,0.0,1.1610610000000001,-0.485941,NRU,030749
963614,165,5147,1997,0.0,0.0,1.1610610000000001,-0.485941,NRU,030751
970140,165,5148,1997,0.0,0.0,1.1610610000000001,-0.485941,NRU,030759
976666,165,5149,1997,0.0,0.0,1.1610610000000001,-0.485941,NRU,030760
983192,165,5150,1997,0.0,0.0,1.1610610000000001,-0.485941,NRU,030791
989718,165,5151,1997,0.0,0.0,1.1610610000000001,-0.485941,NRU,030799
996244,165,5152,1997,0.0,0.0,1.1610610000000001,-0.485941,NRU,040110
1002770,165,5153,1997,0.0,0.0,1.1610610000000001,-0.485941,NRU,040120
1009296,165,5154,1997,0.0,4.946306124662767e-09,1.1610610000000001,-0.485941,NRU,040130
1015822,165,5155,1997,0.0,1.903751164571357e-09,1.1610610000000001,-0.485941,NRU,040210
1022348,165,5156,1997,0.0,1.459200078735779e-08,1.1610610000000001,-0.485941,NRU,040221
1028874,165,5157,1997,0.0,2.482764619394853e-09,1.1610610000000001,-0.485941,NRU,040229
1035400,165,5158,1997,0.0,3.7331619067518095e-08,1.1610610000000001,-0.485941,NRU,040291
1041926,165,5159,1997,0.0,1.079278428326979e-08,1.1610610000000001,-0.485941,NRU,040299
1048452,165,5160,1997,0.0,0.0,1.1610610000000001,-0.485941,NRU,040310
1054978,165,5161,1997,0.0,5.157760380059098e-09,1.1610610000000001,-0.485941,NRU,040390
1061504,165,5162,1997,0.0,0.0,1.1610610000000001,-0.485941,NRU,040410
1068030,165,5163,1997,0.0,0.0,1.1610610000000001,-0.485941,NRU,040490
1074556,165,5164,1997,0.0,9.418331623193638e-09,1.1610610000000001,-0.485941,NRU,040500
1081082,165,5165,1997,0.0,0.0,1.1610610000000001,-0.485941,NRU,040610
1087608,165,5166,1997,0.0,0.0,1.1610610000000001,-0.485941,NRU,040620
1094134,165,5167,1997,0.0,0.0,1.1610610000000001,-0.485941,NRU,040630
1100660,165,5168,1997,0.0,0.0,1.1610610000000001,-0.485941,NRU,040640
1107186,165,5169,1997,0.0,0.0,1.1610610000000001,-0.485941,NRU,040690
1113712,165,5170,1997,0.0,2.4367617186910744e-08,1.1610610000000001,-0.485941,NRU,040700
1120238,165,5171,1997,0.0,0.0,1.1610610000000001,-0.485941,NRU,040811
1126764,165,5172,1997,0.0,3.1764538929756068e-09,1.1610610000000001,-0.485941,NRU,040819
1133290,165,5173,1997,0.0,0.0,1.1610610000000001,-0.485941,NRU,040891
1139816,165,5174,1997,0.0,0.0,1.1610610000000001,-0.485941,NRU,040899
1146342,165,5175,1997,0.0,0.0,1.1610610000000001,-0.485941,NRU,040900
1152868,165,5176,1997,0.0,0.0,1.1610610000000001,-0.485941,NRU,041000
1159394,165,5177,1997,0.0,0.0,1.1610610000000001,-0.485941,NRU,050100
1165920,165,5178,1997,0.0,0.0,1.1610610000000001,-0.485941,NRU,050210
1172446,165,5179,1997,0.0,0.0,1.1610610000000001,-0.485941,NRU,050290
1178972,165,5180,1997,0.0,0.0,1.1610610000000001,-0.485941,NRU,050300
1185498,165,5181,1997,0.0,0.0,1.1610610000000001,-0.485941,NRU,050400
1192024,165,5182,1997,0.0,0.0,1.1610610000000001,-0.485941,NRU,050510
1198550,165,5183,1997,0.0,0.0,1.1610610000000001,-0.485941,NRU,050590
1205076,165,5184,1997,0.0,0.0,1.1610610000000001,-0.485941,NRU,050610
1211602,165,5185,1997,0.0,0.0,1.1610610000000001,-0.485941,NRU,050690
1218128,165,5186,1997,0.0,0.0,1.1610610000000001,-0.485941,NRU,050710
1224654,165,5187,1997,0.0,0.0,1.1610610000000001,-0.485941,NRU,050790
1231180,165,5188,1997,0.0,0.0,1.1610610000000001,-0.485941,NRU,050800
1237706,165,5189,1997,0.0,0.0,1.1610610000000001,-0.485941,NRU,050900
1244232,165,5190,1997,0.0,0.0,1.1610610000000001,-0.485941,NRU,051000
1250758,165,5191,1997,0.0,0.0,1.1610610000000001,-0.485941,NRU,051110
1257284,165,5192,1997,0.0,0.0,1.1610610000000001,-0.485941,NRU,051191
1263810,165,5193,1997,0.0,0.0,1.1610610000000001,-0.485941,NRU,051199
1270336,165,5194,1997,0.0,0.0,1.1610610000000001,-0.485941,NRU,060110
1276862,165,5195,1997,0.0,0.0,1.1610610000000001,-0.485941,NRU,060120
1283388,165,5196,1997,0.0,0.0,1.1610610000000001,-0.485941,NRU,060210
1289914,165,5197,1997,0.0,0.0,1.1610610000000001,-0.485941,NRU,060220
1296440,165,5198,1997,0.0,0.0,1.1610610000000001,-0.485941,NRU,060230
1302966,165,5199,1997,0.0,0.0,1.1610610000000001,-0.485941,NRU,060240
1309492,165,5200,1997,0.0,0.0,1.1610610000000001,-0.485941,NRU,060291
1316018,165,5201,1997,0.0,0.0,1.1610610000000001,-0.485941,NRU,060299
1322544,165,5202,1997,0.0,3.2559978135008727e-09,1.1610610000000001,-0.485941,NRU,060310
1329070,165,5203,1997,0.0,0.0,1.1610610000000001,-0.485941,NRU,060390
1335596,165,5204,1997,0.0,0.0,1.1610610000000001,-0.485941,NRU,060410
1342122,165,5205,1997,0.0,0.0,1.1610610000000001,-0.485941,NRU,060491
1348648,165,5206,1997,0.0,0.0,1.1610610000000001,-0.485941,NRU,060499
1355174,165,5207,1997,0.0,0.0,1.1610610000000001,-0.485941,NRU,070110
1361700,165,5208,1997,0.0,1.3941397804061554e-08,1.1610610000000001,-0.485941,NRU,070190
1368226,165,5209,1997,0.0,0.0,1.1610610000000001,-0.485941,NRU,070200
1374752,165,5210,1997,4.640406175881215e-09,6.842765763185975e-09,1.1610610000000001,-0.485941,NRU,070310
1381278,165,5211,1997,0.0,0.0,1.1610610000000001,-0.485941,NRU,070320
1387804,165,5212,1997,0.0,0.0,1.1610610000000001,-0.485941,NRU,070390
1394330,165,5213,1997,0.0,0.0,1.1610610000000001,-0.485941,NRU,070410
1400856,165,5214,1997,0.0,0.0,1.1610610000000001,-0.485941,NRU,070420
1407382,165,5215,1997,0.0,5.051701819358744e-09,1.1610610000000001,-0.485941,NRU,070490
1413908,165,5216,1997,0.0,0.0,1.1610610000000001,-0.485941,NRU,070511
1420434,165,5217,1997,0.0,0.0,1.1610610000000001,-0.485941,NRU,070519
1426960,165,5218,1997,0.0,0.0,1.1610610000000001,-0.485941,NRU,070521
1433486,165,5219,1997,0.0,0.0,1.1610610000000001,-0.485941,NRU,070529
1440012,165,5220,1997,0.0,0.0,1.1610610000000001,-0.485941,NRU,070610
1446538,165,5221,1997,0.0,0.0,1.1610610000000001,-0.485941,NRU,070690
1453064,165,5222,1997,0.0,0.0,1.1610610000000001,-0.485941,NRU,070700
1459590,165,5223,1997,0.0,0.0,1.1610610000000001,-0.485941,NRU,070810
1466116,165,5224,1997,0.0,0.0,1.1610610000000001,-0.485941,NRU,070820
1472642,165,5225,1997,0.0,0.0,1.1610610000000001,-0.485941,NRU,070890
1479168,165,5226,1997,0.0,0.0,1.1610610000000001,-0.485941,NRU,070910
1485694,165,5227,1997,0.0,0.0,1.1610610000000001,-0.485941,NRU,070920
1492220,165,5228,1997,0.0,0.0,1.1610610000000001,-0.485941,NRU,070930
1498746,165,5229,1997,0.0,0.0,1.1610610000000001,-0.485941,NRU,070940
1505272,165,5230,1997,0.0,0.0,1.1610610000000001,-0.485941,NRU,070951
1511798,165,5231,1997,0.0,0.0,1.1610610000000001,-0.485941,NRU,070952
1518324,165,5232,1997,0.0,0.0,1.1610610000000001,-0.485941,NRU,070960
1524850,165,5233,1997,0.0,0.0,1.1610610000000001,-0.485941,NRU,070970
1531376,165,5234,1997,0.0,4.2965317238720036e-08,1.1610610000000001,-0.485941,NRU,070990
1537902,165,5235,1997,0.0,0.0,1.1610610000000001,-0.485941,NRU,071010
1544428,165,5236,1997,0.0,0.0,1.1610610000000001,-0.485941,NRU,071021
1550954,165,5237,1997,0.0,0.0,1.1610610000000001,-0.485941,NRU,071022
1557480,165,5238,1997,0.0,0.0,1.1610610000000001,-0.485941,NRU,071029
1564006,165,5239,1997,0.0,0.0,1.1610610000000001,-0.485941,NRU,071030
1570532,165,5240,1997,0.0,0.0,1.1610610000000001,-0.485941,NRU,071040
1577058,165,5241,1997,0.0,0.0,1.1610610000000001,-0.485941,NRU,071080
1583584,165,5242,1997,0.0,3.19468270809598e-08,1.1610610000000001,-0.485941,NRU,071090
1590110,165,5243,1997,0.0,0.0,1.1610610000000001,-0.485941,NRU,071110
1596636,165,5244,1997,0.0,0.0,1.1610610000000001,-0.485941,NRU,071120
1603162,165,5245,1997,0.0,0.0,1.1610610000000001,-0.485941,NRU,071130
1609688,165,5246,1997,0.0,0.0,1.1610610000000001,-0.485941,NRU,071140
1616214,165,5247,1997,0.0,0.0,1.1610610000000001,-0.485941,NRU,071190
1622740,165,5248,1997,0.0,0.0,1.1610610000000001,-0.485941,NRU,071210
1629266,165,5249,1997,0.0,0.0,1.1610610000000001,-0.485941,NRU,071220
1635792,165,5250,1997,0.0,0.0,1.1610610000000001,-0.485941,NRU,071230
1642318,165,5251,1997,0.0,0.0,1.1610610000000001,-0.485941,NRU,071290
1648844,165,5252,1997,0.0,0.0,1.1610610000000001,-0.485941,NRU,071310
1655370,165,5253,1997,0.0,0.0,1.1610610000000001,-0.485941,NRU,071320
1661896,165,5254,1997,0.0,4.739491931297077e-10,1.1610610000000001,-0.485941,NRU,071331
1668422,165,5255,1997,0.0,0.0,1.1610610000000001,-0.485941,NRU,071332
1674948,165,5256,1997,0.0,0.0,1.1610610000000001,-0.485941,NRU,071333
1681474,165,5257,1997,0.0,0.0,1.1610610000000001,-0.485941,NRU,071339
1688000,165,5258,1997,0.0,0.0,1.1610610000000001,-0.485941,NRU,071340
1694526,165,5259,1997,0.0,0.0,1.1610610000000001,-0.485941,NRU,071350
1701052,165,5260,1997,0.0,0.0,1.1610610000000001,-0.485941,NRU,071390
1707578,165,5261,1997,0.0,0.0,1.1610610000000001,-0.485941,NRU,071410
1714104,165,5262,1997,0.0,0.0,1.1610610000000001,-0.485941,NRU,071420
1720630,165,5263,1997,0.0,0.0,1.1610610000000001,-0.485941,NRU,071490
1727156,165,5264,1997,0.0,0.0,1.1610610000000001,-0.485941,NRU,080110
1733682,165,5265,1997,0.0,0.0,1.1610610000000001,-0.485941,NRU,080120
1740208,165,5266,1997,0.0,0.0,1.1610610000000001,-0.485941,NRU,080130
1746734,165,5267,1997,0.0,0.0,1.1610610000000001,-0.485941,NRU,080211
1753260,165,5268,1997,0.0,0.0,1.1610610000000001,-0.485941,NRU,080212
1759786,165,5269,1997,0.0,0.0,1.1610610000000001,-0.485941,NRU,080221
1766312,165,5270,1997,0.0,0.0,1.1610610000000001,-0.485941,NRU,080222
1772838,165,5271,1997,0.0,0.0,1.1610610000000001,-0.485941,NRU,080231
1779364,165,5272,1997,0.0,0.0,1.1610610000000001,-0.485941,NRU,080232
1785890,165,5273,1997,0.0,0.0,1.1610610000000001,-0.485941,NRU,080240
1792416,165,5274,1997,0.0,0.0,1.1610610000000001,-0.485941,NRU,080250
1798942,165,5275,1997,0.0,0.0,1.1610610000000001,-0.485941,NRU,080290
1805468,165,5276,1997,0.0,0.0,1.1610610000000001,-0.485941,NRU,080300
1811994,165,5277,1997,0.0,0.0,1.1610610000000001,-0.485941,NRU,080410
1818520,165,5278,1997,0.0,0.0,1.1610610000000001,-0.485941,NRU,080420
1825046,165,5279,1997,0.0,0.0,1.1610610000000001,-0.485941,NRU,080430
1831572,165,5280,1997,0.0,0.0,1.1610610000000001,-0.485941,NRU,080440
1838098,165,5281,1997,0.0,7.059522946617324e-10,1.1610610000000001,-0.485941,NRU,080450
1844624,165,5282,1997,0.0,1.457973776627681e-09,1.1610610000000001,-0.485941,NRU,080510
1851150,165,5283,1997,0.0,0.0,1.1610610000000001,-0.485941,NRU,080520
1857676,165,5284,1997,0.0,0.0,1.1610610000000001,-0.485941,NRU,080530
1864202,165,5285,1997,0.0,0.0,1.1610610000000001,-0.485941,NRU,080540
1870728,165,5286,1997,0.0,0.0,1.1610610000000001,-0.485941,NRU,080590
1877254,165,5287,1997,0.0,0.0,1.1610610000000001,-0.485941,NRU,080610
1883780,165,5288,1997,0.0,0.0,1.1610610000000001,-0.485941,NRU,080620
1890306,165,5289,1997,0.0,0.0,1.1610610000000001,-0.485941,NRU,080710
1896832,165,5290,1997,0.0,0.0,1.1610610000000001,-0.485941,NRU,080720
1903358,165,5291,1997,0.0,2.621966480314068e-09,1.1610610000000001,-0.485941,NRU,080810
1909884,165,5292,1997,0.0,0.0,1.1610610000000001,-0.485941,NRU,080820
1916410,165,5293,1997,0.0,0.0,1.1610610000000001,-0.485941,NRU,080910
1922936,165,5294,1997,0.0,0.0,1.1610610000000001,-0.485941,NRU,080920
1929462,165,5295,1997,0.0,0.0,1.1610610000000001,-0.485941,NRU,080930
1935988,165,5296,1997,0.0,0.0,1.1610610000000001,-0.485941,NRU,080940
1942514,165,5297,1997,0.0,0.0,1.1610610000000001,-0.485941,NRU,081010
1949040,165,5298,1997,0.0,0.0,1.1610610000000001,-0.485941,NRU,081020
1955566,165,5299,1997,0.0,0.0,1.1610610000000001,-0.485941,NRU,081030
1962092,165,5300,1997,0.0,0.0,1.1610610000000001,-0.485941,NRU,081040
1968618,165,5301,1997,0.0,0.0,1.1610610000000001,-0.485941,NRU,081090
1975144,165,5302,1997,0.0,0.0,1.1610610000000001,-0.485941,NRU,081110
1981670,165,5303,1997,0.0,0.0,1.1610610000000001,-0.485941,NRU,081120
1988196,165,5304,1997,0.0,0.0,1.1610610000000001,-0.485941,NRU,081190
1994722,165,5305,1997,0.0,0.0,1.1610610000000001,-0.485941,NRU,081210
2001248,165,5306,1997,0.0,0.0,1.1610610000000001,-0.485941,NRU,081220
2007774,165,5307,1997,0.0,0.0,1.1610610000000001,-0.485941,NRU,081290
2014300,165,5308,1997,0.0,0.0,1.1610610000000001,-0.485941,NRU,081310
2020826,165,5309,1997,0.0,0.0,1.1610610000000001,-0.485941,NRU,081320
2027352,165,5310,1997,0.0,0.0,1.1610610000000001,-0.485941,NRU,081330
2033878,165,5311,1997,0.0,0.0,1.1610610000000001,-0.485941,NRU,081340
2040404,165,5312,1997,0.0,0.0,1.1610610000000001,-0.485941,NRU,081350
2046930,165,5313,1997,0.0,0.0,1.1610610000000001,-0.485941,NRU,081400
2053456,165,5314,1997,0.0,0.0,1.1610610000000001,-0.485941,NRU,090111
2059982,165,5315,1997,0.0,0.0,1.1610610000000001,-0.485941,NRU,090112
2066508,165,5316,1997,0.0,1.568606112758238e-08,1.1610610000000001,-0.485941,NRU,090121
2073034,165,5317,1997,0.0,0.0,1.1610610000000001,-0.485941,NRU,090122
2079560,165,5318,1997,0.0,0.0,1.1610610000000001,-0.485941,NRU,090130
2086086,165,5319,1997,0.0,0.0,1.1610610000000001,-0.485941,NRU,090140
2092612,165,5320,1997,0.0,0.0,1.1610610000000001,-0.485941,NRU,090210
2099138,165,5321,1997,0.0,0.0,1.1610610000000001,-0.485941,NRU,090220
2105664,165,5322,1997,0.0,8.612949427875323e-09,1.1610610000000001,-0.485941,NRU,090230
2112190,165,5323,1997,0.0,0.0,1.1610610000000001,-0.485941,NRU,090240
2118716,165,5324,1997,0.0,0.0,1.1610610000000001,-0.485941,NRU,090300
2125242,165,5325,1997,0.0,0.0,1.1610610000000001,-0.485941,NRU,090411
2131768,165,5326,1997,0.0,0.0,1.1610610000000001,-0.485941,NRU,090412
2138294,165,5327,1997,0.0,0.0,1.1610610000000001,-0.485941,NRU,090420
2144820,165,5328,1997,0.0,0.0,1.1610610000000001,-0.485941,NRU,090500
2151346,165,5329,1997,0.0,0.0,1.1610610000000001,-0.485941,NRU,090610
2157872,165,5330,1997,0.0,0.0,1.1610610000000001,-0.485941,NRU,090620
2164398,165,5331,1997,0.0,0.0,1.1610610000000001,-0.485941,NRU,090700
2170924,165,5332,1997,0.0,0.0,1.1610610000000001,-0.485941,NRU,090810
2177450,165,5333,1997,0.0,0.0,1.1610610000000001,-0.485941,NRU,090820
2183976,165,5334,1997,0.0,0.0,1.1610610000000001,-0.485941,NRU,090830
2190502,165,5335,1997,0.0,0.0,1.1610610000000001,-0.485941,NRU,090910
2197028,165,5336,1997,0.0,0.0,1.1610610000000001,-0.485941,NRU,090920
2203554,165,5337,1997,0.0,0.0,1.1610610000000001,-0.485941,NRU,090930
2210080,165,5338,1997,0.0,0.0,1.1610610000000001,-0.485941,NRU,090940
2216606,165,5339,1997,0.0,0.0,1.1610610000000001,-0.485941,NRU,090950
2223132,165,5340,1997,0.0,0.0,1.1610610000000001,-0.485941,NRU,091010
2229658,165,5341,1997,0.0,0.0,1.1610610000000001,-0.485941,NRU,091020
2236184,165,5342,1997,0.0,0.0,1.1610610000000001,-0.485941,NRU,091030
2242710,165,5343,1997,0.0,0.0,1.1610610000000001,-0.485941,NRU,091040
2249236,165,5344,1997,0.0,0.0,1.1610610000000001,-0.485941,NRU,091050
2255762,165,5345,1997,0.0,0.0,1.1610610000000001,-0.485941,NRU,091091
2262288,165,5346,1997,0.0,0.0,1.1610610000000001,-0.485941,NRU,091099
2268814,165,5347,1997,0.0,0.0,1.1610610000000001,-0.485941,NRU,100110
2275340,165,5348,1997,0.0,0.0,1.1610610000000001,-0.485941,NRU,100190
2281866,165,5349,1997,0.0,0.0,1.1610610000000001,-0.485941,NRU,100200
2288392,165,5350,1997,0.0,0.0,1.1610610000000001,-0.485941,NRU,100300
2294918,165,5351,1997,0.0,0.0,1.1610610000000001,-0.485941,NRU,100400
2301444,165,5352,1997,0.0,0.0,1.1610610000000001,-0.485941,NRU,100510
2307970,165,5353,1997,0.0,0.0,1.1610610000000001,-0.485941,NRU,100590
2314496,165,5354,1997,0.0,0.0,1.1610610000000001,-0.485941,NRU,100610
2321022,165,5355,1997,0.0,0.0,1.1610610000000001,-0.485941,NRU,100620
2327548,165,5356,1997,0.0,0.0,1.1610610000000001,-0.485941,NRU,100630
2334074,165,5357,1997,0.0,0.0,1.1610610000000001,-0.485941,NRU,100640
2340600,165,5358,1997,0.0,0.0,1.1610610000000001,-0.485941,NRU,100700
2347126,165,5359,1997,0.0,0.0,1.1610610000000001,-0.485941,NRU,100810
2353652,165,5360,1997,0.0,0.0,1.1610610000000001,-0.485941,NRU,100820
2360178,165,5361,1997,0.0,0.0,1.1610610000000001,-0.485941,NRU,100830
2366704,165,5362,1997,0.0,0.0,1.1610610000000001,-0.485941,NRU,100890
2373230,165,5363,1997,0.0,6.999633003121842e-08,1.1610610000000001,-0.485941,NRU,110100
2379756,165,5364,1997,0.0,0.0,1.1610610000000001,-0.485941,NRU,110210
2386282,165,5365,1997,0.0,0.0,1.1610610000000001,-0.485941,NRU,110220
2392808,165,5366,1997,0.0,0.0,1.1610610000000001,-0.485941,NRU,110230
2399334,165,5367,1997,0.0,5.5465312916263335e-09,1.1610610000000001,-0.485941,NRU,110290
2405860,165,5368,1997,0.0,0.0,1.1610610000000001,-0.485941,NRU,110311
2412386,165,5369,1997,0.0,0.0,1.1610610000000001,-0.485941,NRU,110312
2418912,165,5370,1997,0.0,0.0,1.1610610000000001,-0.485941,NRU,110313
2425438,165,5371,1997,0.0,0.0,1.1610610000000001,-0.485941,NRU,110314
2431964,165,5372,1997,0.0,0.0,1.1610610000000001,-0.485941,NRU,110319
2438490,165,5373,1997,0.0,0.0,1.1610610000000001,-0.485941,NRU,110321
2445016,165,5374,1997,0.0,0.0,1.1610610000000001,-0.485941,NRU,110329
2451542,165,5375,1997,0.0,0.0,1.1610610000000001,-0.485941,NRU,110411
2458068,165,5376,1997,0.0,0.0,1.1610610000000001,-0.485941,NRU,110412
2464594,165,5377,1997,0.0,0.0,1.1610610000000001,-0.485941,NRU,110419
2471120,165,5378,1997,0.0,0.0,1.1610610000000001,-0.485941,NRU,110421
2477646,165,5379,1997,0.0,0.0,1.1610610000000001,-0.485941,NRU,110422
2484172,165,5380,1997,0.0,0.0,1.1610610000000001,-0.485941,NRU,110423
2490698,165,5381,1997,0.0,0.0,1.1610610000000001,-0.485941,NRU,110429
2497224,165,5382,1997,0.0,0.0,1.1610610000000001,-0.485941,NRU,110430
2503750,165,5383,1997,0.0,0.0,1.1610610000000001,-0.485941,NRU,110510
2510276,165,5384,1997,0.0,0.0,1.1610610000000001,-0.485941,NRU,110520
2516802,165,5385,1997,0.0,0.0,1.1610610000000001,-0.485941,NRU,110610
2523328,165,5386,1997,0.0,0.0,1.1610610000000001,-0.485941,NRU,110620
2529854,165,5387,1997,0.0,0.0,1.1610610000000001,-0.485941,NRU,110630
2536380,165,5388,1997,0.0,0.0,1.1610610000000001,-0.485941,NRU,110710
2542906,165,5389,1997,0.0,0.0,1.1610610000000001,-0.485941,NRU,110720
2549432,165,5390,1997,0.0,0.0,1.1610610000000001,-0.485941,NRU,110811
2555958,165,5391,1997,0.0,0.0,1.1610610000000001,-0.485941,NRU,110812
2562484,165,5392,1997,0.0,0.0,1.1610610000000001,-0.485941,NRU,110813
2569010,165,5393,1997,0.0,2.138405730120891e-09,1.1610610000000001,-0.485941,NRU,110814
2575536,165,5394,1997,0.0,0.0,1.1610610000000001,-0.485941,NRU,110819
2582062,165,5395,1997,0.0,0.0,1.1610610000000001,-0.485941,NRU,110820
2588588,165,5396,1997,0.0,0.0,1.1610610000000001,-0.485941,NRU,110900
2595114,165,5397,1997,0.0,0.0,1.1610610000000001,-0.485941,NRU,120100
2601640,165,5398,1997,0.0,0.0,1.1610610000000001,-0.485941,NRU,120210
2608166,165,5399,1997,0.0,0.0,1.1610610000000001,-0.485941,NRU,120220
2614692,165,5400,1997,0.0,0.0,1.1610610000000001,-0.485941,NRU,120300
2621218,165,5401,1997,0.0,0.0,1.1610610000000001,-0.485941,NRU,120400
2627744,165,5402,1997,0.0,0.0,1.1610610000000001,-0.485941,NRU,120500
2634270,165,5403,1997,0.0,0.0,1.1610610000000001,-0.485941,NRU,120600
2640796,165,5404,1997,0.0,0.0,1.1610610000000001,-0.485941,NRU,120710
2647322,165,5405,1997,0.0,0.0,1.1610610000000001,-0.485941,NRU,120720
2653848,165,5406,1997,0.0,0.0,1.1610610000000001,-0.485941,NRU,120730
2660374,165,5407,1997,0.0,0.0,1.1610610000000001,-0.485941,NRU,120740
2666900,165,5408,1997,0.0,0.0,1.1610610000000001,-0.485941,NRU,120750
2673426,165,5409,1997,0.0,0.0,1.1610610000000001,-0.485941,NRU,120760
2679952,165,5410,1997,0.0,0.0,1.1610610000000001,-0.485941,NRU,120791
2686478,165,5411,1997,0.0,0.0,1.1610610000000001,-0.485941,NRU,120792
2693004,165,5412,1997,0.0,0.0,1.1610610000000001,-0.485941,NRU,120799
2699530,165,5413,1997,0.0,0.0,1.1610610000000001,-0.485941,NRU,120810
2706056,165,5414,1997,0.0,0.0,1.1610610000000001,-0.485941,NRU,120890
2712582,165,5415,1997,0.0,0.0,1.1610610000000001,-0.485941,NRU,120911
2719108,165,5416,1997,0.0,0.0,1.1610610000000001,-0.485941,NRU,120919
2725634,165,5417,1997,0.0,0.0,1.1610610000000001,-0.485941,NRU,120921
2732160,165,5418,1997,0.0,0.0,1.1610610000000001,-0.485941,NRU,120922
2738686,165,5419,1997,0.0,0.0,1.1610610000000001,-0.485941,NRU,120923
2745212,165,5420,1997,0.0,0.0,1.1610610000000001,-0.485941,NRU,120924
2751738,165,5421,1997,0.0,0.0,1.1610610000000001,-0.485941,NRU,120925
2758264,165,5422,1997,0.0,0.0,1.1610610000000001,-0.485941,NRU,120926
2764790,165,5423,1997,0.0,0.0,1.1610610000000001,-0.485941,NRU,120929
2771316,165,5424,1997,0.0,0.0,1.1610610000000001,-0.485941,NRU,120930
2777842,165,5425,1997,0.0,0.0,1.1610610000000001,-0.485941,NRU,120991
2784368,165,5426,1997,0.0,0.0,1.1610610000000001,-0.485941,NRU,120999
2790894,165,5427,1997,0.0,0.0,1.1610610000000001,-0.485941,NRU,121010
2797420,165,5428,1997,0.0,0.0,1.1610610000000001,-0.485941,NRU,121020
2803946,165,5429,1997,0.0,0.0,1.1610610000000001,-0.485941,NRU,121110
2810472,165,5430,1997,0.0,0.0,1.1610610000000001,-0.485941,NRU,121120
2816998,165,5431,1997,0.0,0.0,1.1610610000000001,-0.485941,NRU,121190
2823524,165,5432,1997,0.0,0.0,1.1610610000000001,-0.485941,NRU,121210
2830050,165,5433,1997,0.0,0.0,1.1610610000000001,-0.485941,NRU,121220
2836576,165,5434,1997,0.0,0.0,1.1610610000000001,-0.485941,NRU,121230
2843102,165,5435,1997,0.0,0.0,1.1610610000000001,-0.485941,NRU,121291
2849628,165,5436,1997,0.0,0.0,1.1610610000000001,-0.485941,NRU,121292
2856154,165,5437,1997,0.0,0.0,1.1610610000000001,-0.485941,NRU,121299
2862680,165,5438,1997,0.0,0.0,1.1610610000000001,-0.485941,NRU,121300
2869206,165,5439,1997,0.0,0.0,1.1610610000000001,-0.485941,NRU,121410
2875732,165,5440,1997,0.0,8.799546208107509e-10,1.1610610000000001,-0.485941,NRU,121490
2882258,165,5441,1997,0.0,0.0,1.1610610000000001,-0.485941,NRU,130110
2888784,165,5442,1997,0.0,0.0,1.1610610000000001,-0.485941,NRU,130120
2895310,165,5443,1997,0.0,0.0,1.1610610000000001,-0.485941,NRU,130190
2901836,165,5444,1997,0.0,0.0,1.1610610000000001,-0.485941,NRU,130211
2908362,165,5445,1997,0.0,0.0,1.1610610000000001,-0.485941,NRU,130212
2914888,165,5446,1997,0.0,0.0,1.1610610000000001,-0.485941,NRU,130213
2921414,165,5447,1997,0.0,0.0,1.1610610000000001,-0.485941,NRU,130214
2927940,165,5448,1997,0.0,0.0,1.1610610000000001,-0.485941,NRU,130219
2934466,165,5449,1997,0.0,0.0,1.1610610000000001,-0.485941,NRU,130220
2940992,165,5450,1997,0.0,0.0,1.1610610000000001,-0.485941,NRU,130231
2947518,165,5451,1997,0.0,0.0,1.1610610000000001,-0.485941,NRU,130232
2954044,165,5452,1997,0.0,0.0,1.1610610000000001,-0.485941,NRU,130239
2960570,165,5453,1997,0.0,0.0,1.1610610000000001,-0.485941,NRU,140110
2967096,165,5454,1997,0.0,0.0,1.1610610000000001,-0.485941,NRU,140120
2973622,165,5455,1997,0.0,0.0,1.1610610000000001,-0.485941,NRU,140190
2980148,165,5456,1997,0.0,0.0,1.1610610000000001,-0.485941,NRU,140210
2986674,165,5457,1997,0.0,0.0,1.1610610000000001,-0.485941,NRU,140291
2993200,165,5458,1997,0.0,0.0,1.1610610000000001,-0.485941,NRU,140299
2999726,165,5459,1997,0.0,0.0,1.1610610000000001,-0.485941,NRU,140310
3006252,165,5460,1997,0.0,0.0,1.1610610000000001,-0.485941,NRU,140390
3012778,165,5461,1997,0.0,0.0,1.1610610000000001,-0.485941,NRU,140410
3019304,165,5462,1997,0.0,0.0,1.1610610000000001,-0.485941,NRU,140420
3025830,165,5463,1997,0.0,0.0,1.1610610000000001,-0.485941,NRU,140490
3032356,165,5464,1997,0.0,0.0,1.1610610000000001,-0.485941,NRU,150100
3038882,165,5465,1997,0.0,0.0,1.1610610000000001,-0.485941,NRU,150200
3045408,165,5466,1997,0.0,0.0,1.1610610000000001,-0.485941,NRU,150300
3051934,165,5467,1997,0.0,0.0,1.1610610000000001,-0.485941,NRU,150410
3058460,165,5468,1997,0.0,0.0,1.1610610000000001,-0.485941,NRU,150420
3064986,165,5469,1997,0.0,0.0,1.1610610000000001,-0.485941,NRU,150430
3071512,165,5470,1997,0.0,0.0,1.1610610000000001,-0.485941,NRU,150510
3078038,165,5471,1997,0.0,0.0,1.1610610000000001,-0.485941,NRU,150590
3084564,165,5472,1997,0.0,0.0,1.1610610000000001,-0.485941,NRU,150600
3091090,165,5473,1997,0.0,0.0,1.1610610000000001,-0.485941,NRU,150710
3097616,165,5474,1997,0.0,0.0,1.1610610000000001,-0.485941,NRU,150790
3104142,165,5475,1997,0.0,6.321090217741107e-09,1.1610610000000001,-0.485941,NRU,150810
3110668,165,5476,1997,0.0,0.0,1.1610610000000001,-0.485941,NRU,150890
3117194,165,5477,1997,0.0,0.0,1.1610610000000001,-0.485941,NRU,150910
3123720,165,5478,1997,0.0,0.0,1.1610610000000001,-0.485941,NRU,150990
3130246,165,5479,1997,0.0,0.0,1.1610610000000001,-0.485941,NRU,151000
3136772,165,5480,1997,0.0,0.0,1.1610610000000001,-0.485941,NRU,151110
3143298,165,5481,1997,0.0,0.0,1.1610610000000001,-0.485941,NRU,151190
3149824,165,5482,1997,0.0,0.0,1.1610610000000001,-0.485941,NRU,151211
3156350,165,5483,1997,0.0,0.0,1.1610610000000001,-0.485941,NRU,151219
3162876,165,5484,1997,0.0,0.0,1.1610610000000001,-0.485941,NRU,151221
3169402,165,5485,1997,0.0,0.0,1.1610610000000001,-0.485941,NRU,151229
3175928,165,5486,1997,0.0,0.0,1.1610610000000001,-0.485941,NRU,151311
3182454,165,5487,1997,0.0,0.0,1.1610610000000001,-0.485941,NRU,151319
3188980,165,5488,1997,0.0,0.0,1.1610610000000001,-0.485941,NRU,151321
3195506,165,5489,1997,0.0,0.0,1.1610610000000001,-0.485941,NRU,151329
3202032,165,5490,1997,0.0,0.0,1.1610610000000001,-0.485941,NRU,151410
3208558,165,5491,1997,0.0,0.0,1.1610610000000001,-0.485941,NRU,151490
3215084,165,5492,1997,0.0,0.0,1.1610610000000001,-0.485941,NRU,151511
3221610,165,5493,1997,0.0,0.0,1.1610610000000001,-0.485941,NRU,151519
3228136,165,5494,1997,0.0,0.0,1.1610610000000001,-0.485941,NRU,151521
3234662,165,5495,1997,0.0,0.0,1.1610610000000001,-0.485941,NRU,151529
3241188,165,5496,1997,0.0,0.0,1.1610610000000001,-0.485941,NRU,151530
3247714,165,5497,1997,0.0,0.0,1.1610610000000001,-0.485941,NRU,151540
3254240,165,5498,1997,0.0,0.0,1.1610610000000001,-0.485941,NRU,151550
3260766,165,5499,1997,0.0,0.0,1.1610610000000001,-0.485941,NRU,151560
3267292,165,5500,1997,0.0,0.0,1.1610610000000001,-0.485941,NRU,151590
3273818,165,5501,1997,0.0,0.0,1.1610610000000001,-0.485941,NRU,151610
3280344,165,5502,1997,0.0,8.232795774364991e-10,1.1610610000000001,-0.485941,NRU,151620
3286870,165,5503,1997,0.0,4.771309499507183e-09,1.1610610000000001,-0.485941,NRU,151710
3293396,165,5504,1997,0.0,0.0,1.1610610000000001,-0.485941,NRU,151790
3299922,165,5505,1997,0.0,0.0,1.1610610000000001,-0.485941,NRU,151800
3306448,165,5506,1997,0.0,0.0,1.1610610000000001,-0.485941,NRU,151911
3312974,165,5507,1997,0.0,0.0,1.1610610000000001,-0.485941,NRU,151912
3319500,165,5508,1997,0.0,0.0,1.1610610000000001,-0.485941,NRU,151913
3326026,165,5509,1997,0.0,0.0,1.1610610000000001,-0.485941,NRU,151919
3332552,165,5510,1997,0.0,0.0,1.1610610000000001,-0.485941,NRU,151920
3339078,165,5511,1997,0.0,0.0,1.1610610000000001,-0.485941,NRU,151930
3345604,165,5512,1997,0.0,0.0,1.1610610000000001,-0.485941,NRU,152010
3352130,165,5513,1997,0.0,0.0,1.1610610000000001,-0.485941,NRU,152090
3358656,165,5514,1997,0.0,0.0,1.1610610000000001,-0.485941,NRU,152110
3365182,165,5515,1997,0.0,0.0,1.1610610000000001,-0.485941,NRU,152190
3371708,165,5516,1997,0.0,0.0,1.1610610000000001,-0.485941,NRU,152200
3378234,165,5517,1997,0.0,1.9959226824800086e-08,1.1610610000000001,-0.485941,NRU,160100
3384760,165,5518,1997,0.0,0.0,1.1610610000000001,-0.485941,NRU,160210
3391286,165,5519,1997,0.0,0.0,1.1610610000000001,-0.485941,NRU,160220
3397812,165,5520,1997,0.0,0.0,1.1610610000000001,-0.485941,NRU,160231
3404338,165,5521,1997,0.0,0.0,1.1610610000000001,-0.485941,NRU,160239
3410864,165,5522,1997,0.0,2.6241207948282938e-08,1.1610610000000001,-0.485941,NRU,160241
3417390,165,5523,1997,0.0,0.0,1.1610610000000001,-0.485941,NRU,160242
3423916,165,5524,1997,0.0,0.0,1.1610610000000001,-0.485941,NRU,160249
3430442,165,5525,1997,0.0,2.7458097359118627e-07,1.1610610000000001,-0.485941,NRU,160250
3436968,165,5526,1997,0.0,2.877203035299514e-08,1.1610610000000001,-0.485941,NRU,160290
3443494,165,5527,1997,0.0,0.0,1.1610610000000001,-0.485941,NRU,160300
3450020,165,5528,1997,0.0,0.0,1.1610610000000001,-0.485941,NRU,160411
3456546,165,5529,1997,0.0,4.403418867077829e-09,1.1610610000000001,-0.485941,NRU,160412
3463072,165,5530,1997,0.0,0.0,1.1610610000000001,-0.485941,NRU,160413
3469598,165,5531,1997,0.0,0.0,1.1610610000000001,-0.485941,NRU,160414
3476124,165,5532,1997,0.0,7.866230873944393e-09,1.1610610000000001,-0.485941,NRU,160415
3482650,165,5533,1997,0.0,0.0,1.1610610000000001,-0.485941,NRU,160416
3489176,165,5534,1997,0.0,7.927214546347096e-09,1.1610610000000001,-0.485941,NRU,160419
3495702,165,5535,1997,0.0,0.0,1.1610610000000001,-0.485941,NRU,160420
3502228,165,5536,1997,0.0,0.0,1.1610610000000001,-0.485941,NRU,160430
3508754,165,5537,1997,0.0,0.0,1.1610610000000001,-0.485941,NRU,160510
3515280,165,5538,1997,0.0,0.0,1.1610610000000001,-0.485941,NRU,160520
3521806,165,5539,1997,0.0,0.0,1.1610610000000001,-0.485941,NRU,160530
3528332,165,5540,1997,0.0,5.554817116681049e-10,1.1610610000000001,-0.485941,NRU,160540
3534858,165,5541,1997,0.0,0.0,1.1610610000000001,-0.485941,NRU,160590
3541384,165,5542,1997,0.0,6.270646114808002e-08,1.1610610000000001,-0.485941,NRU,170111
3547910,165,5543,1997,0.0,0.0,1.1610610000000001,-0.485941,NRU,170112
3554436,165,5544,1997,0.0,3.6852035513351183e-09,1.1610610000000001,-0.485941,NRU,170191
3560962,165,5545,1997,0.0,0.0,1.1610610000000001,-0.485941,NRU,170199
3567488,165,5546,1997,0.0,0.0,1.1610610000000001,-0.485941,NRU,170210
3574014,165,5547,1997,0.0,0.0,1.1610610000000001,-0.485941,NRU,170220
3580540,165,5548,1997,0.0,0.0,1.1610610000000001,-0.485941,NRU,170230
3587066,165,5549,1997,0.0,0.0,1.1610610000000001,-0.485941,NRU,170240
3593592,165,5550,1997,0.0,0.0,1.1610610000000001,-0.485941,NRU,170250
3600118,165,5551,1997,0.0,0.0,1.1610610000000001,-0.485941,NRU,170260
3606644,165,5552,1997,0.0,0.0,1.1610610000000001,-0.485941,NRU,170290
3613170,165,5553,1997,0.0,0.0,1.1610610000000001,-0.485941,NRU,170310
3619696,165,5554,1997,0.0,0.0,1.1610610000000001,-0.485941,NRU,170390
3626222,165,5555,1997,0.0,2.063435585025828e-08,1.1610610000000001,-0.485941,NRU,170410
3632748,165,5556,1997,0.0,3.4230400466039304e-09,1.1610610000000001,-0.485941,NRU,170490
3639274,165,5557,1997,0.0,0.0,1.1610610000000001,-0.485941,NRU,180100
3645800,165,5558,1997,0.0,0.0,1.1610610000000001,-0.485941,NRU,180200
3652326,165,5559,1997,0.0,0.0,1.1610610000000001,-0.485941,NRU,180310
3658852,165,5560,1997,0.0,0.0,1.1610610000000001,-0.485941,NRU,180320
3665378,165,5561,1997,0.0,0.0,1.1610610000000001,-0.485941,NRU,180400
3671904,165,5562,1997,0.0,0.0,1.1610610000000001,-0.485941,NRU,180500
3678430,165,5563,1997,0.0,0.0,1.1610610000000001,-0.485941,NRU,180610
3684956,165,5564,1997,0.0,2.4664249723869547e-08,1.1610610000000001,-0.485941,NRU,180620
3691482,165,5565,1997,0.0,4.843893326986487e-09,1.1610610000000001,-0.485941,NRU,180631
3698008,165,5566,1997,0.0,5.133897203901519e-10,1.1610610000000001,-0.485941,NRU,180632
3704534,165,5567,1997,0.0,1.4657955954793321e-08,1.1610610000000001,-0.485941,NRU,180690
3711060,165,5568,1997,0.0,1.417538950360671e-08,1.1610610000000001,-0.485941,NRU,190110
3717586,165,5569,1997,0.0,1.085443082167687e-09,1.1610610000000001,-0.485941,NRU,190120
3724112,165,5570,1997,0.0,1.897122504527585e-09,1.1610610000000001,-0.485941,NRU,190190
3730638,165,5571,1997,0.0,1.935568732781463e-09,1.1610610000000001,-0.485941,NRU,190211
3737164,165,5572,1997,0.0,1.914025587639204e-09,1.1610610000000001,-0.485941,NRU,190219
3743690,165,5573,1997,0.0,0.0,1.1610610000000001,-0.485941,NRU,190220
3750216,165,5574,1997,0.0,8.761099979853631e-09,1.1610610000000001,-0.485941,NRU,190230
3756742,165,5575,1997,0.0,0.0,1.1610610000000001,-0.485941,NRU,190240
3763268,165,5576,1997,0.0,0.0,1.1610610000000001,-0.485941,NRU,190300
3769794,165,5577,1997,0.0,6.442394696542138e-09,1.1610610000000001,-0.485941,NRU,190410
3776320,165,5578,1997,0.0,1.8689506993415535e-09,1.1610610000000001,-0.485941,NRU,190490
3782846,165,5579,1997,0.0,0.0,1.1610610000000001,-0.485941,NRU,190510
3789372,165,5580,1997,0.0,0.0,1.1610610000000001,-0.485941,NRU,190520
3795898,165,5581,1997,0.0,1.2027040783420161e-08,1.1610610000000001,-0.485941,NRU,190530
3802424,165,5582,1997,0.0,0.0,1.1610610000000001,-0.485941,NRU,190540
3808950,165,5583,1997,0.0,1.707940546878328e-08,1.1610610000000001,-0.485941,NRU,190590
3815476,165,5584,1997,0.0,0.0,1.1610610000000001,-0.485941,NRU,200110
3822002,165,5585,1997,0.0,0.0,1.1610610000000001,-0.485941,NRU,200120
3828528,165,5586,1997,0.0,0.0,1.1610610000000001,-0.485941,NRU,200190
3835054,165,5587,1997,0.0,0.0,1.1610610000000001,-0.485941,NRU,200210
3841580,165,5588,1997,0.0,0.0,1.1610610000000001,-0.485941,NRU,200290
3848106,165,5589,1997,0.0,0.0,1.1610610000000001,-0.485941,NRU,200310
3854632,165,5590,1997,0.0,0.0,1.1610610000000001,-0.485941,NRU,200320
3861158,165,5591,1997,0.0,0.0,1.1610610000000001,-0.485941,NRU,200410
3867684,165,5592,1997,0.0,0.0,1.1610610000000001,-0.485941,NRU,200490
3874210,165,5593,1997,0.0,0.0,1.1610610000000001,-0.485941,NRU,200510
3880736,165,5594,1997,0.0,0.0,1.1610610000000001,-0.485941,NRU,200520
3887262,165,5595,1997,0.0,0.0,1.1610610000000001,-0.485941,NRU,200530
3893788,165,5596,1997,0.0,0.0,1.1610610000000001,-0.485941,NRU,200540
3900314,165,5597,1997,0.0,0.0,1.1610610000000001,-0.485941,NRU,200551
3906840,165,5598,1997,0.0,0.0,1.1610610000000001,-0.485941,NRU,200559
3913366,165,5599,1997,0.0,0.0,1.1610610000000001,-0.485941,NRU,200560
3919892,165,5600,1997,0.0,0.0,1.1610610000000001,-0.485941,NRU,200570
3926418,165,5601,1997,0.0,0.0,1.1610610000000001,-0.485941,NRU,200580
3932944,165,5602,1997,0.0,5.813334858388163e-10,1.1610610000000001,-0.485941,NRU,200590
3939470,165,5603,1997,0.0,0.0,1.1610610000000001,-0.485941,NRU,200600
3945996,165,5604,1997,0.0,6.618717053706477e-10,1.1610610000000001,-0.485941,NRU,200710
3952522,165,5605,1997,0.0,0.0,1.1610610000000001,-0.485941,NRU,200791
3959048,165,5606,1997,0.0,6.7231184493958874e-09,1.1610610000000001,-0.485941,NRU,200799
3965574,165,5607,1997,0.0,0.0,1.1610610000000001,-0.485941,NRU,200811
3972100,165,5608,1997,0.0,3.371667931264696e-09,1.1610610000000001,-0.485941,NRU,200819
3978626,165,5609,1997,0.0,0.0,1.1610610000000001,-0.485941,NRU,200820
3985152,165,5610,1997,0.0,0.0,1.1610610000000001,-0.485941,NRU,200830
3991678,165,5611,1997,0.0,0.0,1.1610610000000001,-0.485941,NRU,200840
3998204,165,5612,1997,0.0,0.0,1.1610610000000001,-0.485941,NRU,200850
4004730,165,5613,1997,0.0,0.0,1.1610610000000001,-0.485941,NRU,200860
4011256,165,5614,1997,0.0,0.0,1.1610610000000001,-0.485941,NRU,200870
4017782,165,5615,1997,0.0,0.0,1.1610610000000001,-0.485941,NRU,200880
4024308,165,5616,1997,0.0,0.0,1.1610610000000001,-0.485941,NRU,200891
4030834,165,5617,1997,0.0,0.0,1.1610610000000001,-0.485941,NRU,200892
4037360,165,5618,1997,0.0,8.57085743659737e-10,1.1610610000000001,-0.485941,NRU,200899
4043886,165,5619,1997,0.0,0.0,1.1610610000000001,-0.485941,NRU,200911
4050412,165,5620,1997,0.0,0.0,1.1610610000000001,-0.485941,NRU,200919
4056938,165,5621,1997,0.0,0.0,1.1610610000000001,-0.485941,NRU,200920
4063464,165,5622,1997,0.0,0.0,1.1610610000000001,-0.485941,NRU,200930
4069990,165,5623,1997,0.0,0.0,1.1610610000000001,-0.485941,NRU,200940
4076516,165,5624,1997,0.0,0.0,1.1610610000000001,-0.485941,NRU,200950
4083042,165,5625,1997,0.0,0.0,1.1610610000000001,-0.485941,NRU,200960
4089568,165,5626,1997,0.0,0.0,1.1610610000000001,-0.485941,NRU,200970
4096094,165,5627,1997,0.0,4.245656758036052e-10,1.1610610000000001,-0.485941,NRU,200980
4102620,165,5628,1997,0.0,0.0,1.1610610000000001,-0.485941,NRU,200990
4109146,165,5629,1997,0.0,1.566683801345544e-09,1.1610610000000001,-0.485941,NRU,210110
4115672,165,5630,1997,0.0,0.0,1.1610610000000001,-0.485941,NRU,210120
4122198,165,5631,1997,0.0,0.0,1.1610610000000001,-0.485941,NRU,210130
4128724,165,5632,1997,0.0,0.0,1.1610610000000001,-0.485941,NRU,210210
4135250,165,5633,1997,0.0,1.2256392420934676e-09,1.1610610000000001,-0.485941,NRU,210220
4141776,165,5634,1997,0.0,0.0,1.1610610000000001,-0.485941,NRU,210230
4148302,165,5635,1997,0.0,1.5244592368667157e-08,1.1610610000000001,-0.485941,NRU,210310
4154828,165,5636,1997,0.0,6.8914864145077e-09,1.1610610000000001,-0.485941,NRU,210320
4161354,165,5637,1997,0.0,0.0,1.1610610000000001,-0.485941,NRU,210330
4167880,165,5638,1997,0.0,1.4460090452486723e-08,1.1610610000000001,-0.485941,NRU,210390
4174406,165,5639,1997,0.0,0.0,1.1610610000000001,-0.485941,NRU,210410
4180932,165,5640,1997,0.0,1.1580269096469919e-09,1.1610610000000001,-0.485941,NRU,210420
4187458,165,5641,1997,0.0,2.036523225248113e-08,1.1610610000000001,-0.485941,NRU,210500
4193984,165,5642,1997,0.0,0.0,1.1610610000000001,-0.485941,NRU,210610
4200510,165,5643,1997,0.0,2.7314388009369647e-08,1.1610610000000001,-0.485941,NRU,210690
4207036,165,5644,1997,0.0,0.0,1.1610610000000001,-0.485941,NRU,220110
4213562,165,5645,1997,0.0,4.838921831953658e-10,1.1610610000000001,-0.485941,NRU,220190
4220088,165,5646,1997,0.0,1.6520443710592197e-07,1.1610610000000001,-0.485941,NRU,220210
4226614,165,5647,1997,0.0,6.032080639832642e-10,1.1610610000000001,-0.485941,NRU,220290
4233140,165,5648,1997,0.0,1.3634656560535998e-07,1.1610610000000001,-0.485941,NRU,220300
4239666,165,5649,1997,0.0,2.431392504055619e-09,1.1610610000000001,-0.485941,NRU,220410
4246192,165,5650,1997,0.0,8.370340470273264e-09,1.1610610000000001,-0.485941,NRU,220421
4252718,165,5651,1997,0.0,0.0,1.1610610000000001,-0.485941,NRU,220429
4259244,165,5652,1997,0.0,0.0,1.1610610000000001,-0.485941,NRU,220430
4265770,165,5653,1997,0.0,0.0,1.1610610000000001,-0.485941,NRU,220510
4272296,165,5654,1997,0.0,0.0,1.1610610000000001,-0.485941,NRU,220590
4278822,165,5655,1997,0.0,0.0,1.1610610000000001,-0.485941,NRU,220600
4285348,165,5656,1997,0.0,0.0,1.1610610000000001,-0.485941,NRU,220710
4291874,165,5657,1997,0.0,0.0,1.1610610000000001,-0.485941,NRU,220720
4298400,165,5658,1997,0.0,0.0,1.1610610000000001,-0.485941,NRU,220810
4304926,165,5659,1997,0.0,4.306640430438756e-09,1.1610610000000001,-0.485941,NRU,220820
4311452,165,5660,1997,0.0,1.0527637881518905e-08,1.1610610000000001,-0.485941,NRU,220830
4317978,165,5661,1997,0.0,3.4641377388753175e-09,1.1610610000000001,-0.485941,NRU,220840
4324504,165,5662,1997,0.0,2.562308539920119e-09,1.1610610000000001,-0.485941,NRU,220850
4331030,165,5663,1997,0.0,2.5726492495884033e-08,1.1610610000000001,-0.485941,NRU,220890
4337556,165,5664,1997,0.0,0.0,1.1610610000000001,-0.485941,NRU,220900
4344082,165,5665,1997,0.0,0.0,1.1610610000000001,-0.485941,NRU,230110
4350608,165,5666,1997,0.0,0.0,1.1610610000000001,-0.485941,NRU,230120
4357134,165,5667,1997,0.0,0.0,1.1610610000000001,-0.485941,NRU,230210
4363660,165,5668,1997,0.0,0.0,1.1610610000000001,-0.485941,NRU,230220
4370186,165,5669,1997,0.0,0.0,1.1610610000000001,-0.485941,NRU,230230
4376712,165,5670,1997,0.0,0.0,1.1610610000000001,-0.485941,NRU,230240
4383238,165,5671,1997,0.0,0.0,1.1610610000000001,-0.485941,NRU,230250
4389764,165,5672,1997,0.0,0.0,1.1610610000000001,-0.485941,NRU,230310
4396290,165,5673,1997,0.0,0.0,1.1610610000000001,-0.485941,NRU,230320
4402816,165,5674,1997,0.0,0.0,1.1610610000000001,-0.485941,NRU,230330
4409342,165,5675,1997,0.0,0.0,1.1610610000000001,-0.485941,NRU,230400
4415868,165,5676,1997,0.0,0.0,1.1610610000000001,-0.485941,NRU,230500
4422394,165,5677,1997,0.0,0.0,1.1610610000000001,-0.485941,NRU,230610
4428920,165,5678,1997,0.0,0.0,1.1610610000000001,-0.485941,NRU,230620
4435446,165,5679,1997,0.0,0.0,1.1610610000000001,-0.485941,NRU,230630
4441972,165,5680,1997,0.0,0.0,1.1610610000000001,-0.485941,NRU,230640
4448498,165,5681,1997,0.0,0.0,1.1610610000000001,-0.485941,NRU,230650
4455024,165,5682,1997,0.0,0.0,1.1610610000000001,-0.485941,NRU,230660
4461550,165,5683,1997,0.0,8.404146636496501e-09,1.1610610000000001,-0.485941,NRU,230690
4468076,165,5684,1997,0.0,0.0,1.1610610000000001,-0.485941,NRU,230700
4474602,165,5685,1997,0.0,0.0,1.1610610000000001,-0.485941,NRU,230810
4481128,165,5686,1997,0.0,0.0,1.1610610000000001,-0.485941,NRU,230890
4487654,165,5687,1997,0.0,2.1771833913769577e-09,1.1610610000000001,-0.485941,NRU,230910
4494180,165,5688,1997,0.0,1.1682681894146199e-08,1.1610610000000001,-0.485941,NRU,230990
4500706,165,5689,1997,0.0,0.0,1.1610610000000001,-0.485941,NRU,240110
4507232,165,5690,1997,0.0,0.0,1.1610610000000001,-0.485941,NRU,240120
4513758,165,5691,1997,0.0,0.0,1.1610610000000001,-0.485941,NRU,240130
4520284,165,5692,1997,0.0,0.0,1.1610610000000001,-0.485941,NRU,240210
4526810,165,5693,1997,0.0,2.3769844624163374e-07,1.1610610000000001,-0.485941,NRU,240220
4533336,165,5694,1997,0.0,0.0,1.1610610000000001,-0.485941,NRU,240290
4539862,165,5695,1997,0.0,0.0,1.1610610000000001,-0.485941,NRU,240310
4546388,165,5696,1997,0.0,0.0,1.1610610000000001,-0.485941,NRU,240391
4552914,165,5697,1997,0.0,0.0,1.1610610000000001,-0.485941,NRU,240399
4559440,165,5698,1997,0.0,2.762494073242037e-09,1.1610610000000001,-0.485941,NRU,250100
4565966,165,5699,1997,0.0,0.0,1.1610610000000001,-0.485941,NRU,250200
4572492,165,5700,1997,0.0,0.0,1.1610610000000001,-0.485941,NRU,250310
4579018,165,5701,1997,0.0,0.0,1.1610610000000001,-0.485941,NRU,250390
4585544,165,5702,1997,0.0,0.0,1.1610610000000001,-0.485941,NRU,250410
4592070,165,5703,1997,0.0,0.0,1.1610610000000001,-0.485941,NRU,250490
4598596,165,5704,1997,0.0,0.0,1.1610610000000001,-0.485941,NRU,250510
4605122,165,5705,1997,0.0,0.0,1.1610610000000001,-0.485941,NRU,250590
4611648,165,5706,1997,0.0,0.0,1.1610610000000001,-0.485941,NRU,250610
4618174,165,5707,1997,0.0,0.0,1.1610610000000001,-0.485941,NRU,250621
4624700,165,5708,1997,0.0,0.0,1.1610610000000001,-0.485941,NRU,250629
4631226,165,5709,1997,0.0,0.0,1.1610610000000001,-0.485941,NRU,250700
4637752,165,5710,1997,0.0,0.0,1.1610610000000001,-0.485941,NRU,250810
4644278,165,5711,1997,0.0,0.0,1.1610610000000001,-0.485941,NRU,250820
4650804,165,5712,1997,0.0,0.0,1.1610610000000001,-0.485941,NRU,250830
4657330,165,5713,1997,0.0,0.0,1.1610610000000001,-0.485941,NRU,250840
4663856,165,5714,1997,0.0,0.0,1.1610610000000001,-0.485941,NRU,250850
4670382,165,5715,1997,0.0,0.0,1.1610610000000001,-0.485941,NRU,250860
4676908,165,5716,1997,0.0,0.0,1.1610610000000001,-0.485941,NRU,250870
4683434,165,5717,1997,0.0,0.0,1.1610610000000001,-0.485941,NRU,250900
4689960,165,5718,1997,3.818626091414347e-06,0.0,1.1610610000000001,-0.485941,NRU,251010
4696486,165,5719,1997,2.820017531001788e-06,0.0,1.1610610000000001,-0.485941,NRU,251020
4703012,165,5720,1997,0.0,0.0,1.1610610000000001,-0.485941,NRU,251110
4709538,165,5721,1997,0.0,0.0,1.1610610000000001,-0.485941,NRU,251120
4716064,165,5722,1997,0.0,0.0,1.1610610000000001,-0.485941,NRU,251200
4722590,165,5723,1997,0.0,0.0,1.1610610000000001,-0.485941,NRU,251311
4729116,165,5724,1997,0.0,0.0,1.1610610000000001,-0.485941,NRU,251319
4735642,165,5725,1997,0.0,0.0,1.1610610000000001,-0.485941,NRU,251321
4742168,165,5726,1997,0.0,0.0,1.1610610000000001,-0.485941,NRU,251329
4748694,165,5727,1997,0.0,0.0,1.1610610000000001,-0.485941,NRU,251400
4755220,165,5728,1997,0.0,0.0,1.1610610000000001,-0.485941,NRU,251511
4761746,165,5729,1997,0.0,0.0,1.1610610000000001,-0.485941,NRU,251512
4768272,165,5730,1997,0.0,0.0,1.1610610000000001,-0.485941,NRU,251520
4774798,165,5731,1997,0.0,0.0,1.1610610000000001,-0.485941,NRU,251611
4781324,165,5732,1997,0.0,0.0,1.1610610000000001,-0.485941,NRU,251612
4787850,165,5733,1997,0.0,0.0,1.1610610000000001,-0.485941,NRU,251621
4794376,165,5734,1997,0.0,0.0,1.1610610000000001,-0.485941,NRU,251622
4800902,165,5735,1997,0.0,0.0,1.1610610000000001,-0.485941,NRU,251690
4807428,165,5736,1997,0.0,0.0,1.1610610000000001,-0.485941,NRU,251710
4813954,165,5737,1997,0.0,0.0,1.1610610000000001,-0.485941,NRU,251720
4820480,165,5738,1997,0.0,0.0,1.1610610000000001,-0.485941,NRU,251730
4827006,165,5739,1997,0.0,0.0,1.1610610000000001,-0.485941,NRU,251741
4833532,165,5740,1997,0.0,0.0,1.1610610000000001,-0.485941,NRU,251749
4840058,165,5741,1997,0.0,0.0,1.1610610000000001,-0.485941,NRU,251810
4846584,165,5742,1997,0.0,0.0,1.1610610000000001,-0.485941,NRU,251820
4853110,165,5743,1997,0.0,0.0,1.1610610000000001,-0.485941,NRU,251830
4859636,165,5744,1997,0.0,0.0,1.1610610000000001,-0.485941,NRU,251910
4866162,165,5745,1997,0.0,0.0,1.1610610000000001,-0.485941,NRU,251990
4872688,165,5746,1997,0.0,0.0,1.1610610000000001,-0.485941,NRU,252010
4879214,165,5747,1997,0.0,0.0,1.1610610000000001,-0.485941,NRU,252020
4885740,165,5748,1997,0.0,0.0,1.1610610000000001,-0.485941,NRU,252100
4892266,165,5749,1997,0.0,0.0,1.1610610000000001,-0.485941,NRU,252210
4898792,165,5750,1997,0.0,0.0,1.1610610000000001,-0.485941,NRU,252220
4905318,165,5751,1997,0.0,0.0,1.1610610000000001,-0.485941,NRU,252230
4911844,165,5752,1997,0.0,0.0,1.1610610000000001,-0.485941,NRU,252310
4918370,165,5753,1997,0.0,4.899574071354174e-09,1.1610610000000001,-0.485941,NRU,252321
4924896,165,5754,1997,0.0,6.01849188674291e-08,1.1610610000000001,-0.485941,NRU,252329
4931422,165,5755,1997,0.0,0.0,1.1610610000000001,-0.485941,NRU,252330
4937948,165,5756,1997,0.0,0.0,1.1610610000000001,-0.485941,NRU,252390
4944474,165,5757,1997,0.0,0.0,1.1610610000000001,-0.485941,NRU,252400
4951000,165,5758,1997,0.0,0.0,1.1610610000000001,-0.485941,NRU,252510
4957526,165,5759,1997,0.0,0.0,1.1610610000000001,-0.485941,NRU,252520
4964052,165,5760,1997,0.0,0.0,1.1610610000000001,-0.485941,NRU,252530
4970578,165,5761,1997,0.0,0.0,1.1610610000000001,-0.485941,NRU,252610
4977104,165,5762,1997,0.0,0.0,1.1610610000000001,-0.485941,NRU,252620
4983630,165,5763,1997,0.0,0.0,1.1610610000000001,-0.485941,NRU,252700
4990156,165,5764,1997,0.0,0.0,1.1610610000000001,-0.485941,NRU,252810
4996682,165,5765,1997,0.0,0.0,1.1610610000000001,-0.485941,NRU,252890
5003208,165,5766,1997,0.0,0.0,1.1610610000000001,-0.485941,NRU,252910
5009734,165,5767,1997,0.0,0.0,1.1610610000000001,-0.485941,NRU,252921
5016260,165,5768,1997,0.0,0.0,1.1610610000000001,-0.485941,NRU,252922
5022786,165,5769,1997,0.0,0.0,1.1610610000000001,-0.485941,NRU,252930
5029312,165,5770,1997,0.0,0.0,1.1610610000000001,-0.485941,NRU,253010
5035838,165,5771,1997,0.0,0.0,1.1610610000000001,-0.485941,NRU,253020
5042364,165,5772,1997,0.0,0.0,1.1610610000000001,-0.485941,NRU,253030
5048890,165,5773,1997,0.0,0.0,1.1610610000000001,-0.485941,NRU,253040
5055416,165,5774,1997,0.0,0.0,1.1610610000000001,-0.485941,NRU,253090
5061942,165,5775,1997,0.0,0.0,1.1610610000000001,-0.485941,NRU,260111
5068468,165,5776,1997,0.0,0.0,1.1610610000000001,-0.485941,NRU,260112
5074994,165,5777,1997,0.0,0.0,1.1610610000000001,-0.485941,NRU,260120
5081520,165,5778,1997,0.0,0.0,1.1610610000000001,-0.485941,NRU,260200
5088046,165,5779,1997,0.0,0.0,1.1610610000000001,-0.485941,NRU,260300
5094572,165,5780,1997,0.0,0.0,1.1610610000000001,-0.485941,NRU,260400
5101098,165,5781,1997,0.0,0.0,1.1610610000000001,-0.485941,NRU,260500
5107624,165,5782,1997,0.0,0.0,1.1610610000000001,-0.485941,NRU,260600
5114150,165,5783,1997,0.0,0.0,1.1610610000000001,-0.485941,NRU,260700
5120676,165,5784,1997,0.0,0.0,1.1610610000000001,-0.485941,NRU,260800
5127202,165,5785,1997,0.0,0.0,1.1610610000000001,-0.485941,NRU,260900
5133728,165,5786,1997,0.0,0.0,1.1610610000000001,-0.485941,NRU,261000
5140254,165,5787,1997,0.0,0.0,1.1610610000000001,-0.485941,NRU,261100
5146780,165,5788,1997,0.0,0.0,1.1610610000000001,-0.485941,NRU,261210
5153306,165,5789,1997,0.0,0.0,1.1610610000000001,-0.485941,NRU,261220
5159832,165,5790,1997,0.0,0.0,1.1610610000000001,-0.485941,NRU,261310
5166358,165,5791,1997,0.0,0.0,1.1610610000000001,-0.485941,NRU,261390
5172884,165,5792,1997,0.0,0.0,1.1610610000000001,-0.485941,NRU,261400
5179410,165,5793,1997,0.0,0.0,1.1610610000000001,-0.485941,NRU,261510
5185936,165,5794,1997,0.0,0.0,1.1610610000000001,-0.485941,NRU,261590
5192462,165,5795,1997,0.0,0.0,1.1610610000000001,-0.485941,NRU,261610
5198988,165,5796,1997,0.0,0.0,1.1610610000000001,-0.485941,NRU,261690
5205514,165,5797,1997,0.0,0.0,1.1610610000000001,-0.485941,NRU,261710
5212040,165,5798,1997,0.0,0.0,1.1610610000000001,-0.485941,NRU,261790
5218566,165,5799,1997,0.0,0.0,1.1610610000000001,-0.485941,NRU,261800
5225092,165,5800,1997,0.0,0.0,1.1610610000000001,-0.485941,NRU,261900
5231618,165,5801,1997,0.0,0.0,1.1610610000000001,-0.485941,NRU,262011
5238144,165,5802,1997,0.0,0.0,1.1610610000000001,-0.485941,NRU,262019
5244670,165,5803,1997,0.0,0.0,1.1610610000000001,-0.485941,NRU,262020
5251196,165,5804,1997,0.0,0.0,1.1610610000000001,-0.485941,NRU,262030
5257722,165,5805,1997,0.0,0.0,1.1610610000000001,-0.485941,NRU,262040
5264248,165,5806,1997,0.0,0.0,1.1610610000000001,-0.485941,NRU,262050
5270774,165,5807,1997,0.0,0.0,1.1610610000000001,-0.485941,NRU,262090
5277300,165,5808,1997,0.0,0.0,1.1610610000000001,-0.485941,NRU,262100
5283826,165,5809,1997,0.0,0.0,1.1610610000000001,-0.485941,NRU,270111
5290352,165,5810,1997,0.0,0.0,1.1610610000000001,-0.485941,NRU,270112
5296878,165,5811,1997,0.0,0.0,1.1610610000000001,-0.485941,NRU,270119
5303404,165,5812,1997,0.0,0.0,1.1610610000000001,-0.485941,NRU,270120
5309930,165,5813,1997,0.0,0.0,1.1610610000000001,-0.485941,NRU,270210
5316456,165,5814,1997,0.0,0.0,1.1610610000000001,-0.485941,NRU,270220
5322982,165,5815,1997,0.0,0.0,1.1610610000000001,-0.485941,NRU,270300
5329508,165,5816,1997,0.0,3.098235704459096e-09,1.1610610000000001,-0.485941,NRU,270400
5336034,165,5817,1997,0.0,0.0,1.1610610000000001,-0.485941,NRU,270500
5342560,165,5818,1997,0.0,0.0,1.1610610000000001,-0.485941,NRU,270600
5349086,165,5819,1997,0.0,0.0,1.1610610000000001,-0.485941,NRU,270710
5355612,165,5820,1997,0.0,0.0,1.1610610000000001,-0.485941,NRU,270720
5362138,165,5821,1997,0.0,0.0,1.1610610000000001,-0.485941,NRU,270730
5368664,165,5822,1997,0.0,0.0,1.1610610000000001,-0.485941,NRU,270740
5375190,165,5823,1997,0.0,0.0,1.1610610000000001,-0.485941,NRU,270750
5381716,165,5824,1997,0.0,0.0,1.1610610000000001,-0.485941,NRU,270760
5388242,165,5825,1997,0.0,0.0,1.1610610000000001,-0.485941,NRU,270791
5394768,165,5826,1997,0.0,0.0,1.1610610000000001,-0.485941,NRU,270799
5401294,165,5827,1997,0.0,0.0,1.1610610000000001,-0.485941,NRU,270810
5407820,165,5828,1997,0.0,0.0,1.1610610000000001,-0.485941,NRU,270820
5414346,165,5829,1997,0.0,0.0,1.1610610000000001,-0.485941,NRU,270900
5420872,165,5830,1997,0.0,0.0,1.1610610000000001,-0.485941,NRU,271000
5427398,165,5831,1997,0.0,0.0,1.1610610000000001,-0.485941,NRU,271011
5433924,165,5832,1997,0.0,0.0,1.1610610000000001,-0.485941,NRU,271012
5440450,165,5833,1997,0.0,1.8425354890671214e-07,1.1610610000000001,-0.485941,NRU,271013
5446976,165,5834,1997,0.0,0.0,1.1610610000000001,-0.485941,NRU,271014
5453502,165,5835,1997,0.0,0.0,1.1610610000000001,-0.485941,NRU,271015
5460028,165,5836,1997,0.0,0.0,1.1610610000000001,-0.485941,NRU,271016
5466554,165,5837,1997,0.0,2.0568732115824935e-09,1.1610610000000001,-0.485941,NRU,271019
5473080,165,5838,1997,0.0,2.2595146634506294e-07,1.1610610000000001,-0.485941,NRU,271021
5479606,165,5839,1997,0.0,0.0,1.1610610000000001,-0.485941,NRU,271022
5486132,165,5840,1997,0.0,0.0,1.1610610000000001,-0.485941,NRU,271025
5492658,165,5841,1997,0.0,6.798088594490951e-07,1.1610610000000001,-0.485941,NRU,271026
5499184,165,5842,1997,0.0,0.0,1.1610610000000001,-0.485941,NRU,271027
5505710,165,5843,1997,0.0,1.4607412421959558e-07,1.1610610000000001,-0.485941,NRU,271029
5512236,165,5844,1997,0.0,0.0,1.1610610000000001,-0.485941,NRU,271091
5518762,165,5845,1997,0.0,0.0,1.1610610000000001,-0.485941,NRU,271093
5525288,165,5846,1997,0.0,0.0,1.1610610000000001,-0.485941,NRU,271094
5531814,165,5847,1997,0.0,0.0,1.1610610000000001,-0.485941,NRU,271095
5538340,165,5848,1997,0.0,0.0,1.1610610000000001,-0.485941,NRU,271096
5544866,165,5849,1997,0.0,1.3818535590150236e-07,1.1610610000000001,-0.485941,NRU,271099
5551392,165,5850,1997,0.0,0.0,1.1610610000000001,-0.485941,NRU,271111
5557918,165,5851,1997,0.0,0.0,1.1610610000000001,-0.485941,NRU,271112
5564444,165,5852,1997,0.0,0.0,1.1610610000000001,-0.485941,NRU,271113
5570970,165,5853,1997,0.0,0.0,1.1610610000000001,-0.485941,NRU,271114
5577496,165,5854,1997,0.0,0.0,1.1610610000000001,-0.485941,NRU,271119
5584022,165,5855,1997,0.0,0.0,1.1610610000000001,-0.485941,NRU,271121
5590548,165,5856,1997,0.0,0.0,1.1610610000000001,-0.485941,NRU,271129
5597074,165,5857,1997,0.0,0.0,1.1610610000000001,-0.485941,NRU,271210
5603600,165,5858,1997,0.0,0.0,1.1610610000000001,-0.485941,NRU,271220
5610126,165,5859,1997,0.0,0.0,1.1610610000000001,-0.485941,NRU,271290
5616652,165,5860,1997,0.0,0.0,1.1610610000000001,-0.485941,NRU,271311
5623178,165,5861,1997,0.0,0.0,1.1610610000000001,-0.485941,NRU,271312
5629704,165,5862,1997,0.0,0.0,1.1610610000000001,-0.485941,NRU,271320
5636230,165,5863,1997,0.0,0.0,1.1610610000000001,-0.485941,NRU,271390
5642756,165,5864,1997,0.0,0.0,1.1610610000000001,-0.485941,NRU,271410
5649282,165,5865,1997,0.0,0.0,1.1610610000000001,-0.485941,NRU,271490
5655808,165,5866,1997,0.0,0.0,1.1610610000000001,-0.485941,NRU,271500
5662334,165,5867,1997,0.0,0.0,1.1610610000000001,-0.485941,NRU,271600
5668860,165,5868,1997,0.0,0.0,1.1610610000000001,-0.485941,NRU,280110
5675386,165,5869,1997,0.0,0.0,1.1610610000000001,-0.485941,NRU,280120
5681912,165,5870,1997,0.0,0.0,1.1610610000000001,-0.485941,NRU,280130
5688438,165,5871,1997,0.0,0.0,1.1610610000000001,-0.485941,NRU,280200
5694964,165,5872,1997,0.0,0.0,1.1610610000000001,-0.485941,NRU,280300
5701490,165,5873,1997,0.0,0.0,1.1610610000000001,-0.485941,NRU,280410
5708016,165,5874,1997,0.0,0.0,1.1610610000000001,-0.485941,NRU,280421
5714542,165,5875,1997,0.0,2.5211777043485126e-08,1.1610610000000001,-0.485941,NRU,280429
5721068,165,5876,1997,0.0,0.0,1.1610610000000001,-0.485941,NRU,280430
5727594,165,5877,1997,0.0,4.953929083713105e-09,1.1610610000000001,-0.485941,NRU,280440
5734120,165,5878,1997,0.0,0.0,1.1610610000000001,-0.485941,NRU,280450
5740646,165,5879,1997,0.0,0.0,1.1610610000000001,-0.485941,NRU,280461
5747172,165,5880,1997,0.0,1.2100618909906032e-09,1.1610610000000001,-0.485941,NRU,280469
5753698,165,5881,1997,0.0,0.0,1.1610610000000001,-0.485941,NRU,280470
5760224,165,5882,1997,0.0,0.0,1.1610610000000001,-0.485941,NRU,280480
5766750,165,5883,1997,0.0,0.0,1.1610610000000001,-0.485941,NRU,280490
5773276,165,5884,1997,0.0,0.0,1.1610610000000001,-0.485941,NRU,280511
5779802,165,5885,1997,0.0,0.0,1.1610610000000001,-0.485941,NRU,280519
5786328,165,5886,1997,0.0,0.0,1.1610610000000001,-0.485941,NRU,280521
5792854,165,5887,1997,0.0,0.0,1.1610610000000001,-0.485941,NRU,280522
5799380,165,5888,1997,0.0,0.0,1.1610610000000001,-0.485941,NRU,280530
5805906,165,5889,1997,0.0,0.0,1.1610610000000001,-0.485941,NRU,280540
5812432,165,5890,1997,0.0,0.0,1.1610610000000001,-0.485941,NRU,280610
5818958,165,5891,1997,0.0,0.0,1.1610610000000001,-0.485941,NRU,280620
5825484,165,5892,1997,0.0,0.0,1.1610610000000001,-0.485941,NRU,280700
5832010,165,5893,1997,0.0,0.0,1.1610610000000001,-0.485941,NRU,280800
5838536,165,5894,1997,0.0,0.0,1.1610610000000001,-0.485941,NRU,280910
5845062,165,5895,1997,0.0,0.0,1.1610610000000001,-0.485941,NRU,280920
5851588,165,5896,1997,0.0,0.0,1.1610610000000001,-0.485941,NRU,281000
5858114,165,5897,1997,0.0,0.0,1.1610610000000001,-0.485941,NRU,281111
5864640,165,5898,1997,0.0,0.0,1.1610610000000001,-0.485941,NRU,281119
5871166,165,5899,1997,0.0,0.0,1.1610610000000001,-0.485941,NRU,281121
5877692,165,5900,1997,0.0,0.0,1.1610610000000001,-0.485941,NRU,281122
5884218,165,5901,1997,0.0,0.0,1.1610610000000001,-0.485941,NRU,281123
5890744,165,5902,1997,0.0,0.0,1.1610610000000001,-0.485941,NRU,281129
5897270,165,5903,1997,0.0,0.0,1.1610610000000001,-0.485941,NRU,281210
5903796,165,5904,1997,0.0,0.0,1.1610610000000001,-0.485941,NRU,281290
5910322,165,5905,1997,0.0,0.0,1.1610610000000001,-0.485941,NRU,281310
5916848,165,5906,1997,0.0,0.0,1.1610610000000001,-0.485941,NRU,281390
5923374,165,5907,1997,0.0,0.0,1.1610610000000001,-0.485941,NRU,281410
5929900,165,5908,1997,0.0,0.0,1.1610610000000001,-0.485941,NRU,281420
5936426,165,5909,1997,0.0,0.0,1.1610610000000001,-0.485941,NRU,281511
5942952,165,5910,1997,0.0,0.0,1.1610610000000001,-0.485941,NRU,281512
5949478,165,5911,1997,0.0,0.0,1.1610610000000001,-0.485941,NRU,281520
5956004,165,5912,1997,0.0,0.0,1.1610610000000001,-0.485941,NRU,281530
5962530,165,5913,1997,0.0,0.0,1.1610610000000001,-0.485941,NRU,281610
5969056,165,5914,1997,0.0,0.0,1.1610610000000001,-0.485941,NRU,281620
5975582,165,5915,1997,0.0,0.0,1.1610610000000001,-0.485941,NRU,281630
5982108,165,5916,1997,0.0,0.0,1.1610610000000001,-0.485941,NRU,281700
5988634,165,5917,1997,0.0,0.0,1.1610610000000001,-0.485941,NRU,281810
5995160,165,5918,1997,0.0,0.0,1.1610610000000001,-0.485941,NRU,281820
6001686,165,5919,1997,0.0,0.0,1.1610610000000001,-0.485941,NRU,281830
6008212,165,5920,1997,0.0,0.0,1.1610610000000001,-0.485941,NRU,281910
6014738,165,5921,1997,0.0,0.0,1.1610610000000001,-0.485941,NRU,281990
6021264,165,5922,1997,0.0,0.0,1.1610610000000001,-0.485941,NRU,282010
6027790,165,5923,1997,0.0,0.0,1.1610610000000001,-0.485941,NRU,282090
6034316,165,5924,1997,0.0,0.0,1.1610610000000001,-0.485941,NRU,282110
6040842,165,5925,1997,0.0,0.0,1.1610610000000001,-0.485941,NRU,282120
6047368,165,5926,1997,0.0,0.0,1.1610610000000001,-0.485941,NRU,282200
6053894,165,5927,1997,0.0,0.0,1.1610610000000001,-0.485941,NRU,282300
6060420,165,5928,1997,0.0,0.0,1.1610610000000001,-0.485941,NRU,282410
6066946,165,5929,1997,0.0,0.0,1.1610610000000001,-0.485941,NRU,282420
6073472,165,5930,1997,0.0,0.0,1.1610610000000001,-0.485941,NRU,282490
6079998,165,5931,1997,0.0,0.0,1.1610610000000001,-0.485941,NRU,282510
6086524,165,5932,1997,0.0,0.0,1.1610610000000001,-0.485941,NRU,282520
6093050,165,5933,1997,0.0,0.0,1.1610610000000001,-0.485941,NRU,282530
6099576,165,5934,1997,0.0,0.0,1.1610610000000001,-0.485941,NRU,282540
6106102,165,5935,1997,0.0,0.0,1.1610610000000001,-0.485941,NRU,282550
6112628,165,5936,1997,0.0,0.0,1.1610610000000001,-0.485941,NRU,282560
6119154,165,5937,1997,0.0,0.0,1.1610610000000001,-0.485941,NRU,282570
6125680,165,5938,1997,0.0,0.0,1.1610610000000001,-0.485941,NRU,282580
6132206,165,5939,1997,0.0,0.0,1.1610610000000001,-0.485941,NRU,282590
6138732,165,5940,1997,0.0,0.0,1.1610610000000001,-0.485941,NRU,282611
6145258,165,5941,1997,0.0,0.0,1.1610610000000001,-0.485941,NRU,282612
6151784,165,5942,1997,0.0,0.0,1.1610610000000001,-0.485941,NRU,282619
6158310,165,5943,1997,0.0,0.0,1.1610610000000001,-0.485941,NRU,282620
6164836,165,5944,1997,0.0,0.0,1.1610610000000001,-0.485941,NRU,282630
6171362,165,5945,1997,0.0,0.0,1.1610610000000001,-0.485941,NRU,282690
6177888,165,5946,1997,0.0,0.0,1.1610610000000001,-0.485941,NRU,282710
6184414,165,5947,1997,0.0,0.0,1.1610610000000001,-0.485941,NRU,282720
6190940,165,5948,1997,0.0,0.0,1.1610610000000001,-0.485941,NRU,282731
6197466,165,5949,1997,0.0,0.0,1.1610610000000001,-0.485941,NRU,282732
6203992,165,5950,1997,0.0,0.0,1.1610610000000001,-0.485941,NRU,282733
6210518,165,5951,1997,0.0,0.0,1.1610610000000001,-0.485941,NRU,282734
6217044,165,5952,1997,0.0,0.0,1.1610610000000001,-0.485941,NRU,282735
6223570,165,5953,1997,0.0,0.0,1.1610610000000001,-0.485941,NRU,282736
6230096,165,5954,1997,0.0,0.0,1.1610610000000001,-0.485941,NRU,282737
6236622,165,5955,1997,0.0,0.0,1.1610610000000001,-0.485941,NRU,282738
6243148,165,5956,1997,0.0,0.0,1.1610610000000001,-0.485941,NRU,282739
6249674,165,5957,1997,0.0,0.0,1.1610610000000001,-0.485941,NRU,282741
6256200,165,5958,1997,0.0,0.0,1.1610610000000001,-0.485941,NRU,282749
6262726,165,5959,1997,0.0,0.0,1.1610610000000001,-0.485941,NRU,282751
6269252,165,5960,1997,0.0,0.0,1.1610610000000001,-0.485941,NRU,282759
6275778,165,5961,1997,0.0,0.0,1.1610610000000001,-0.485941,NRU,282760
6282304,165,5962,1997,0.0,0.0,1.1610610000000001,-0.485941,NRU,282810
6288830,165,5963,1997,0.0,0.0,1.1610610000000001,-0.485941,NRU,282890
6295356,165,5964,1997,0.0,0.0,1.1610610000000001,-0.485941,NRU,282911
6301882,165,5965,1997,0.0,0.0,1.1610610000000001,-0.485941,NRU,282919
6308408,165,5966,1997,0.0,0.0,1.1610610000000001,-0.485941,NRU,282990
6314934,165,5967,1997,0.0,0.0,1.1610610000000001,-0.485941,NRU,283010
6321460,165,5968,1997,0.0,0.0,1.1610610000000001,-0.485941,NRU,283020
6327986,165,5969,1997,0.0,0.0,1.1610610000000001,-0.485941,NRU,283030
6334512,165,5970,1997,0.0,0.0,1.1610610000000001,-0.485941,NRU,283090
6341038,165,5971,1997,0.0,0.0,1.1610610000000001,-0.485941,NRU,283110
6347564,165,5972,1997,0.0,0.0,1.1610610000000001,-0.485941,NRU,283190
6354090,165,5973,1997,0.0,0.0,1.1610610000000001,-0.485941,NRU,283210
6360616,165,5974,1997,0.0,0.0,1.1610610000000001,-0.485941,NRU,283220
6367142,165,5975,1997,0.0,0.0,1.1610610000000001,-0.485941,NRU,283230
6373668,165,5976,1997,0.0,0.0,1.1610610000000001,-0.485941,NRU,283311
6380194,165,5977,1997,0.0,0.0,1.1610610000000001,-0.485941,NRU,283319
6386720,165,5978,1997,0.0,0.0,1.1610610000000001,-0.485941,NRU,283321
6393246,165,5979,1997,0.0,0.0,1.1610610000000001,-0.485941,NRU,283322
6399772,165,5980,1997,0.0,0.0,1.1610610000000001,-0.485941,NRU,283323
6406298,165,5981,1997,0.0,0.0,1.1610610000000001,-0.485941,NRU,283324
6412824,165,5982,1997,0.0,0.0,1.1610610000000001,-0.485941,NRU,283325
6419350,165,5983,1997,0.0,0.0,1.1610610000000001,-0.485941,NRU,283326
6425876,165,5984,1997,0.0,0.0,1.1610610000000001,-0.485941,NRU,283327
6432402,165,5985,1997,0.0,0.0,1.1610610000000001,-0.485941,NRU,283329
6438928,165,5986,1997,0.0,0.0,1.1610610000000001,-0.485941,NRU,283330
6445454,165,5987,1997,0.0,0.0,1.1610610000000001,-0.485941,NRU,283340
6451980,165,5988,1997,0.0,0.0,1.1610610000000001,-0.485941,NRU,283410
6458506,165,5989,1997,0.0,0.0,1.1610610000000001,-0.485941,NRU,283421
6465032,165,5990,1997,0.0,0.0,1.1610610000000001,-0.485941,NRU,283422
6471558,165,5991,1997,0.0,0.0,1.1610610000000001,-0.485941,NRU,283429
6478084,165,5992,1997,0.0,0.0,1.1610610000000001,-0.485941,NRU,283510
6484610,165,5993,1997,0.0,0.0,1.1610610000000001,-0.485941,NRU,283521
6491136,165,5994,1997,0.0,0.0,1.1610610000000001,-0.485941,NRU,283522
6497662,165,5995,1997,0.0,0.0,1.1610610000000001,-0.485941,NRU,283523
6504188,165,5996,1997,0.0,0.0,1.1610610000000001,-0.485941,NRU,283524
6510714,165,5997,1997,0.0,0.0,1.1610610000000001,-0.485941,NRU,283525
6517240,165,5998,1997,0.0,0.0,1.1610610000000001,-0.485941,NRU,283526
6523766,165,5999,1997,0.0,0.0,1.1610610000000001,-0.485941,NRU,283529
6530292,165,6000,1997,0.0,0.0,1.1610610000000001,-0.485941,NRU,283531
6536818,165,6001,1997,0.0,0.0,1.1610610000000001,-0.485941,NRU,283539
6543344,165,6002,1997,0.0,0.0,1.1610610000000001,-0.485941,NRU,283610
6549870,165,6003,1997,0.0,0.0,1.1610610000000001,-0.485941,NRU,283620
6556396,165,6004,1997,0.0,0.0,1.1610610000000001,-0.485941,NRU,283630
6562922,165,6005,1997,0.0,0.0,1.1610610000000001,-0.485941,NRU,283640
6569448,165,6006,1997,0.0,0.0,1.1610610000000001,-0.485941,NRU,283650
6575974,165,6007,1997,0.0,0.0,1.1610610000000001,-0.485941,NRU,283660
6582500,165,6008,1997,0.0,0.0,1.1610610000000001,-0.485941,NRU,283670
6589026,165,6009,1997,0.0,0.0,1.1610610000000001,-0.485941,NRU,283691
6595552,165,6010,1997,0.0,0.0,1.1610610000000001,-0.485941,NRU,283692
6602078,165,6011,1997,0.0,0.0,1.1610610000000001,-0.485941,NRU,283693
6608604,165,6012,1997,0.0,0.0,1.1610610000000001,-0.485941,NRU,283699
6615130,165,6013,1997,0.0,0.0,1.1610610000000001,-0.485941,NRU,283711
6621656,165,6014,1997,0.0,0.0,1.1610610000000001,-0.485941,NRU,283719
6628182,165,6015,1997,0.0,0.0,1.1610610000000001,-0.485941,NRU,283720
6634708,165,6016,1997,0.0,0.0,1.1610610000000001,-0.485941,NRU,283800
6641234,165,6017,1997,0.0,0.0,1.1610610000000001,-0.485941,NRU,283911
6647760,165,6018,1997,0.0,0.0,1.1610610000000001,-0.485941,NRU,283919
6654286,165,6019,1997,0.0,0.0,1.1610610000000001,-0.485941,NRU,283920
6660812,165,6020,1997,0.0,0.0,1.1610610000000001,-0.485941,NRU,283990
6667338,165,6021,1997,0.0,0.0,1.1610610000000001,-0.485941,NRU,284011
6673864,165,6022,1997,0.0,0.0,1.1610610000000001,-0.485941,NRU,284019
6680390,165,6023,1997,0.0,0.0,1.1610610000000001,-0.485941,NRU,284020
6686916,165,6024,1997,0.0,0.0,1.1610610000000001,-0.485941,NRU,284030
6693442,165,6025,1997,0.0,0.0,1.1610610000000001,-0.485941,NRU,284110
6699968,165,6026,1997,0.0,0.0,1.1610610000000001,-0.485941,NRU,284120
6706494,165,6027,1997,0.0,0.0,1.1610610000000001,-0.485941,NRU,284130
6713020,165,6028,1997,0.0,0.0,1.1610610000000001,-0.485941,NRU,284140
6719546,165,6029,1997,0.0,0.0,1.1610610000000001,-0.485941,NRU,284150
6726072,165,6030,1997,0.0,0.0,1.1610610000000001,-0.485941,NRU,284160
6732598,165,6031,1997,0.0,0.0,1.1610610000000001,-0.485941,NRU,284170
6739124,165,6032,1997,0.0,0.0,1.1610610000000001,-0.485941,NRU,284180
6745650,165,6033,1997,0.0,0.0,1.1610610000000001,-0.485941,NRU,284190
6752176,165,6034,1997,0.0,0.0,1.1610610000000001,-0.485941,NRU,284210
6758702,165,6035,1997,0.0,0.0,1.1610610000000001,-0.485941,NRU,284290
6765228,165,6036,1997,0.0,0.0,1.1610610000000001,-0.485941,NRU,284310
6771754,165,6037,1997,0.0,0.0,1.1610610000000001,-0.485941,NRU,284321
6778280,165,6038,1997,0.0,0.0,1.1610610000000001,-0.485941,NRU,284329
6784806,165,6039,1997,0.0,0.0,1.1610610000000001,-0.485941,NRU,284330
6791332,165,6040,1997,0.0,0.0,1.1610610000000001,-0.485941,NRU,284390
6797858,165,6041,1997,0.0,0.0,1.1610610000000001,-0.485941,NRU,284410
6804384,165,6042,1997,0.0,0.0,1.1610610000000001,-0.485941,NRU,284420
6810910,165,6043,1997,0.0,0.0,1.1610610000000001,-0.485941,NRU,284430
6817436,165,6044,1997,0.0,0.0,1.1610610000000001,-0.485941,NRU,284440
6823962,165,6045,1997,0.0,0.0,1.1610610000000001,-0.485941,NRU,284450
6830488,165,6046,1997,0.0,0.0,1.1610610000000001,-0.485941,NRU,284510
6837014,165,6047,1997,0.0,0.0,1.1610610000000001,-0.485941,NRU,284590
6843540,165,6048,1997,0.0,0.0,1.1610610000000001,-0.485941,NRU,284610
6850066,165,6049,1997,0.0,0.0,1.1610610000000001,-0.485941,NRU,284690
6856592,165,6050,1997,0.0,0.0,1.1610610000000001,-0.485941,NRU,284700
6863118,165,6051,1997,0.0,0.0,1.1610610000000001,-0.485941,NRU,284810
6869644,165,6052,1997,0.0,0.0,1.1610610000000001,-0.485941,NRU,284890
6876170,165,6053,1997,0.0,0.0,1.1610610000000001,-0.485941,NRU,284910
6882696,165,6054,1997,0.0,0.0,1.1610610000000001,-0.485941,NRU,284920
6889222,165,6055,1997,0.0,0.0,1.1610610000000001,-0.485941,NRU,284990
6895748,165,6056,1997,0.0,0.0,1.1610610000000001,-0.485941,NRU,285000
6902274,165,6057,1997,0.0,0.0,1.1610610000000001,-0.485941,NRU,285100
6908800,165,6058,1997,0.0,0.0,1.1610610000000001,-0.485941,NRU,290110
6915326,165,6059,1997,0.0,0.0,1.1610610000000001,-0.485941,NRU,290121
6921852,165,6060,1997,0.0,0.0,1.1610610000000001,-0.485941,NRU,290122
6928378,165,6061,1997,0.0,0.0,1.1610610000000001,-0.485941,NRU,290123
6934904,165,6062,1997,0.0,0.0,1.1610610000000001,-0.485941,NRU,290124
6941430,165,6063,1997,0.0,0.0,1.1610610000000001,-0.485941,NRU,290129
6947956,165,6064,1997,0.0,0.0,1.1610610000000001,-0.485941,NRU,290211
6954482,165,6065,1997,0.0,0.0,1.1610610000000001,-0.485941,NRU,290219
6961008,165,6066,1997,0.0,0.0,1.1610610000000001,-0.485941,NRU,290220
6967534,165,6067,1997,0.0,0.0,1.1610610000000001,-0.485941,NRU,290230
6974060,165,6068,1997,0.0,0.0,1.1610610000000001,-0.485941,NRU,290241
6980586,165,6069,1997,0.0,0.0,1.1610610000000001,-0.485941,NRU,290242
6987112,165,6070,1997,0.0,0.0,1.1610610000000001,-0.485941,NRU,290243
6993638,165,6071,1997,0.0,0.0,1.1610610000000001,-0.485941,NRU,290244
7000164,165,6072,1997,0.0,0.0,1.1610610000000001,-0.485941,NRU,290250
7006690,165,6073,1997,0.0,0.0,1.1610610000000001,-0.485941,NRU,290260
7013216,165,6074,1997,0.0,0.0,1.1610610000000001,-0.485941,NRU,290270
7019742,165,6075,1997,0.0,0.0,1.1610610000000001,-0.485941,NRU,290290
7026268,165,6076,1997,0.0,0.0,1.1610610000000001,-0.485941,NRU,290311
7032794,165,6077,1997,0.0,0.0,1.1610610000000001,-0.485941,NRU,290312
7039320,165,6078,1997,0.0,0.0,1.1610610000000001,-0.485941,NRU,290313
7045846,165,6079,1997,0.0,0.0,1.1610610000000001,-0.485941,NRU,290314
7052372,165,6080,1997,0.0,0.0,1.1610610000000001,-0.485941,NRU,290315
7058898,165,6081,1997,0.0,0.0,1.1610610000000001,-0.485941,NRU,290316
7065424,165,6082,1997,0.0,0.0,1.1610610000000001,-0.485941,NRU,290319
7071950,165,6083,1997,0.0,0.0,1.1610610000000001,-0.485941,NRU,290321
7078476,165,6084,1997,0.0,0.0,1.1610610000000001,-0.485941,NRU,290322
7085002,165,6085,1997,0.0,0.0,1.1610610000000001,-0.485941,NRU,290323
7091528,165,6086,1997,0.0,0.0,1.1610610000000001,-0.485941,NRU,290329
7098054,165,6087,1997,0.0,0.0,1.1610610000000001,-0.485941,NRU,290330
7104580,165,6088,1997,0.0,0.0,1.1610610000000001,-0.485941,NRU,290340
7111106,165,6089,1997,0.0,0.0,1.1610610000000001,-0.485941,NRU,290351
7117632,165,6090,1997,0.0,0.0,1.1610610000000001,-0.485941,NRU,290359
7124158,165,6091,1997,0.0,0.0,1.1610610000000001,-0.485941,NRU,290361
7130684,165,6092,1997,0.0,0.0,1.1610610000000001,-0.485941,NRU,290362
7137210,165,6093,1997,0.0,0.0,1.1610610000000001,-0.485941,NRU,290369
7143736,165,6094,1997,0.0,0.0,1.1610610000000001,-0.485941,NRU,290410
7150262,165,6095,1997,0.0,0.0,1.1610610000000001,-0.485941,NRU,290420
7156788,165,6096,1997,0.0,0.0,1.1610610000000001,-0.485941,NRU,290490
7163314,165,6097,1997,0.0,0.0,1.1610610000000001,-0.485941,NRU,290511
7169840,165,6098,1997,0.0,0.0,1.1610610000000001,-0.485941,NRU,290512
7176366,165,6099,1997,0.0,0.0,1.1610610000000001,-0.485941,NRU,290513
7182892,165,6100,1997,0.0,0.0,1.1610610000000001,-0.485941,NRU,290514
7189418,165,6101,1997,0.0,0.0,1.1610610000000001,-0.485941,NRU,290515
7195944,165,6102,1997,0.0,0.0,1.1610610000000001,-0.485941,NRU,290516
7202470,165,6103,1997,0.0,0.0,1.1610610000000001,-0.485941,NRU,290517
7208996,165,6104,1997,0.0,0.0,1.1610610000000001,-0.485941,NRU,290519
7215522,165,6105,1997,0.0,0.0,1.1610610000000001,-0.485941,NRU,290521
7222048,165,6106,1997,0.0,0.0,1.1610610000000001,-0.485941,NRU,290522
7228574,165,6107,1997,0.0,0.0,1.1610610000000001,-0.485941,NRU,290529
7235100,165,6108,1997,0.0,0.0,1.1610610000000001,-0.485941,NRU,290531
7241626,165,6109,1997,0.0,0.0,1.1610610000000001,-0.485941,NRU,290532
7248152,165,6110,1997,0.0,0.0,1.1610610000000001,-0.485941,NRU,290539
7254678,165,6111,1997,0.0,0.0,1.1610610000000001,-0.485941,NRU,290541
7261204,165,6112,1997,0.0,0.0,1.1610610000000001,-0.485941,NRU,290542
7267730,165,6113,1997,0.0,0.0,1.1610610000000001,-0.485941,NRU,290543
7274256,165,6114,1997,0.0,0.0,1.1610610000000001,-0.485941,NRU,290544
7280782,165,6115,1997,0.0,0.0,1.1610610000000001,-0.485941,NRU,290549
7287308,165,6116,1997,0.0,0.0,1.1610610000000001,-0.485941,NRU,290550
7293834,165,6117,1997,0.0,0.0,1.1610610000000001,-0.485941,NRU,290611
7300360,165,6118,1997,0.0,0.0,1.1610610000000001,-0.485941,NRU,290612
7306886,165,6119,1997,0.0,0.0,1.1610610000000001,-0.485941,NRU,290613
7313412,165,6120,1997,0.0,0.0,1.1610610000000001,-0.485941,NRU,290614
7319938,165,6121,1997,0.0,0.0,1.1610610000000001,-0.485941,NRU,290619
7326464,165,6122,1997,0.0,0.0,1.1610610000000001,-0.485941,NRU,290621
7332990,165,6123,1997,0.0,0.0,1.1610610000000001,-0.485941,NRU,290629
7339516,165,6124,1997,0.0,0.0,1.1610610000000001,-0.485941,NRU,290711
7346042,165,6125,1997,0.0,0.0,1.1610610000000001,-0.485941,NRU,290712
7352568,165,6126,1997,0.0,0.0,1.1610610000000001,-0.485941,NRU,290713
7359094,165,6127,1997,0.0,0.0,1.1610610000000001,-0.485941,NRU,290714
7365620,165,6128,1997,0.0,0.0,1.1610610000000001,-0.485941,NRU,290715
7372146,165,6129,1997,0.0,0.0,1.1610610000000001,-0.485941,NRU,290719
7378672,165,6130,1997,0.0,0.0,1.1610610000000001,-0.485941,NRU,290721
7385198,165,6131,1997,0.0,0.0,1.1610610000000001,-0.485941,NRU,290722
7391724,165,6132,1997,0.0,0.0,1.1610610000000001,-0.485941,NRU,290723
7398250,165,6133,1997,0.0,0.0,1.1610610000000001,-0.485941,NRU,290729
7404776,165,6134,1997,0.0,0.0,1.1610610000000001,-0.485941,NRU,290730
7411302,165,6135,1997,0.0,0.0,1.1610610000000001,-0.485941,NRU,290810
7417828,165,6136,1997,0.0,0.0,1.1610610000000001,-0.485941,NRU,290820
7424354,165,6137,1997,0.0,0.0,1.1610610000000001,-0.485941,NRU,290890
7430880,165,6138,1997,0.0,0.0,1.1610610000000001,-0.485941,NRU,290911
7437406,165,6139,1997,0.0,0.0,1.1610610000000001,-0.485941,NRU,290919
7443932,165,6140,1997,0.0,0.0,1.1610610000000001,-0.485941,NRU,290920
7450458,165,6141,1997,0.0,0.0,1.1610610000000001,-0.485941,NRU,290930
7456984,165,6142,1997,0.0,0.0,1.1610610000000001,-0.485941,NRU,290941
7463510,165,6143,1997,0.0,0.0,1.1610610000000001,-0.485941,NRU,290942
7470036,165,6144,1997,0.0,0.0,1.1610610000000001,-0.485941,NRU,290943
7476562,165,6145,1997,0.0,0.0,1.1610610000000001,-0.485941,NRU,290944
7483088,165,6146,1997,0.0,0.0,1.1610610000000001,-0.485941,NRU,290949
7489614,165,6147,1997,0.0,0.0,1.1610610000000001,-0.485941,NRU,290950
7496140,165,6148,1997,0.0,0.0,1.1610610000000001,-0.485941,NRU,290960
7502666,165,6149,1997,0.0,0.0,1.1610610000000001,-0.485941,NRU,291010
7509192,165,6150,1997,0.0,0.0,1.1610610000000001,-0.485941,NRU,291020
7515718,165,6151,1997,0.0,0.0,1.1610610000000001,-0.485941,NRU,291030
7522244,165,6152,1997,0.0,0.0,1.1610610000000001,-0.485941,NRU,291090
7528770,165,6153,1997,0.0,0.0,1.1610610000000001,-0.485941,NRU,291100
7535296,165,6154,1997,0.0,0.0,1.1610610000000001,-0.485941,NRU,291211
7541822,165,6155,1997,0.0,0.0,1.1610610000000001,-0.485941,NRU,291212
7548348,165,6156,1997,0.0,0.0,1.1610610000000001,-0.485941,NRU,291213
7554874,165,6157,1997,0.0,0.0,1.1610610000000001,-0.485941,NRU,291219
7561400,165,6158,1997,0.0,0.0,1.1610610000000001,-0.485941,NRU,291221
7567926,165,6159,1997,0.0,0.0,1.1610610000000001,-0.485941,NRU,291229
7574452,165,6160,1997,0.0,0.0,1.1610610000000001,-0.485941,NRU,291230
7580978,165,6161,1997,0.0,0.0,1.1610610000000001,-0.485941,NRU,291241
7587504,165,6162,1997,0.0,0.0,1.1610610000000001,-0.485941,NRU,291242
7594030,165,6163,1997,0.0,0.0,1.1610610000000001,-0.485941,NRU,291249
7600556,165,6164,1997,0.0,0.0,1.1610610000000001,-0.485941,NRU,291250
7607082,165,6165,1997,0.0,0.0,1.1610610000000001,-0.485941,NRU,291260
7613608,165,6166,1997,0.0,0.0,1.1610610000000001,-0.485941,NRU,291300
7620134,165,6167,1997,0.0,0.0,1.1610610000000001,-0.485941,NRU,291411
7626660,165,6168,1997,0.0,0.0,1.1610610000000001,-0.485941,NRU,291412
7633186,165,6169,1997,0.0,0.0,1.1610610000000001,-0.485941,NRU,291413
7639712,165,6170,1997,0.0,0.0,1.1610610000000001,-0.485941,NRU,291419
7646238,165,6171,1997,0.0,0.0,1.1610610000000001,-0.485941,NRU,291421
7652764,165,6172,1997,0.0,0.0,1.1610610000000001,-0.485941,NRU,291422
7659290,165,6173,1997,0.0,0.0,1.1610610000000001,-0.485941,NRU,291423
7665816,165,6174,1997,0.0,0.0,1.1610610000000001,-0.485941,NRU,291429
7672342,165,6175,1997,0.0,0.0,1.1610610000000001,-0.485941,NRU,291430
7678868,165,6176,1997,0.0,0.0,1.1610610000000001,-0.485941,NRU,291441
7685394,165,6177,1997,0.0,0.0,1.1610610000000001,-0.485941,NRU,291449
7691920,165,6178,1997,0.0,0.0,1.1610610000000001,-0.485941,NRU,291450
7698446,165,6179,1997,0.0,0.0,1.1610610000000001,-0.485941,NRU,291461
7704972,165,6180,1997,0.0,0.0,1.1610610000000001,-0.485941,NRU,291469
7711498,165,6181,1997,0.0,0.0,1.1610610000000001,-0.485941,NRU,291470
7718024,165,6182,1997,0.0,0.0,1.1610610000000001,-0.485941,NRU,291511
7724550,165,6183,1997,0.0,0.0,1.1610610000000001,-0.485941,NRU,291512
7731076,165,6184,1997,0.0,0.0,1.1610610000000001,-0.485941,NRU,291513
7737602,165,6185,1997,0.0,0.0,1.1610610000000001,-0.485941,NRU,291521
7744128,165,6186,1997,0.0,0.0,1.1610610000000001,-0.485941,NRU,291522
7750654,165,6187,1997,0.0,0.0,1.1610610000000001,-0.485941,NRU,291523
7757180,165,6188,1997,0.0,0.0,1.1610610000000001,-0.485941,NRU,291524
7763706,165,6189,1997,0.0,0.0,1.1610610000000001,-0.485941,NRU,291529
7770232,165,6190,1997,0.0,0.0,1.1610610000000001,-0.485941,NRU,291531
7776758,165,6191,1997,0.0,0.0,1.1610610000000001,-0.485941,NRU,291532
7783284,165,6192,1997,0.0,0.0,1.1610610000000001,-0.485941,NRU,291533
7789810,165,6193,1997,0.0,0.0,1.1610610000000001,-0.485941,NRU,291534
7796336,165,6194,1997,0.0,0.0,1.1610610000000001,-0.485941,NRU,291535
7802862,165,6195,1997,0.0,0.0,1.1610610000000001,-0.485941,NRU,291539
7809388,165,6196,1997,0.0,0.0,1.1610610000000001,-0.485941,NRU,291540
7815914,165,6197,1997,0.0,0.0,1.1610610000000001,-0.485941,NRU,291550
7822440,165,6198,1997,0.0,0.0,1.1610610000000001,-0.485941,NRU,291560
7828966,165,6199,1997,0.0,0.0,1.1610610000000001,-0.485941,NRU,291570
7835492,165,6200,1997,0.0,0.0,1.1610610000000001,-0.485941,NRU,291590
7842018,165,6201,1997,0.0,0.0,1.1610610000000001,-0.485941,NRU,291611
7848544,165,6202,1997,0.0,0.0,1.1610610000000001,-0.485941,NRU,291612
7855070,165,6203,1997,0.0,0.0,1.1610610000000001,-0.485941,NRU,291613
7861596,165,6204,1997,0.0,0.0,1.1610610000000001,-0.485941,NRU,291614
7868122,165,6205,1997,0.0,0.0,1.1610610000000001,-0.485941,NRU,291615
7874648,165,6206,1997,0.0,0.0,1.1610610000000001,-0.485941,NRU,291619
7881174,165,6207,1997,0.0,0.0,1.1610610000000001,-0.485941,NRU,291620
7887700,165,6208,1997,0.0,0.0,1.1610610000000001,-0.485941,NRU,291631
7894226,165,6209,1997,0.0,0.0,1.1610610000000001,-0.485941,NRU,291632
7900752,165,6210,1997,0.0,0.0,1.1610610000000001,-0.485941,NRU,291633
7907278,165,6211,1997,0.0,0.0,1.1610610000000001,-0.485941,NRU,291639
7913804,165,6212,1997,0.0,0.0,1.1610610000000001,-0.485941,NRU,291711
7920330,165,6213,1997,0.0,0.0,1.1610610000000001,-0.485941,NRU,291712
7926856,165,6214,1997,0.0,0.0,1.1610610000000001,-0.485941,NRU,291713
7933382,165,6215,1997,0.0,0.0,1.1610610000000001,-0.485941,NRU,291714
7939908,165,6216,1997,0.0,0.0,1.1610610000000001,-0.485941,NRU,291719
7946434,165,6217,1997,0.0,0.0,1.1610610000000001,-0.485941,NRU,291720
7952960,165,6218,1997,0.0,0.0,1.1610610000000001,-0.485941,NRU,291731
7959486,165,6219,1997,0.0,0.0,1.1610610000000001,-0.485941,NRU,291732
7966012,165,6220,1997,0.0,0.0,1.1610610000000001,-0.485941,NRU,291733
7972538,165,6221,1997,0.0,0.0,1.1610610000000001,-0.485941,NRU,291734
7979064,165,6222,1997,0.0,0.0,1.1610610000000001,-0.485941,NRU,291735
7985590,165,6223,1997,0.0,0.0,1.1610610000000001,-0.485941,NRU,291736
7992116,165,6224,1997,0.0,0.0,1.1610610000000001,-0.485941,NRU,291737
7998642,165,6225,1997,0.0,0.0,1.1610610000000001,-0.485941,NRU,291739
8005168,165,6226,1997,0.0,0.0,1.1610610000000001,-0.485941,NRU,291811
8011694,165,6227,1997,0.0,0.0,1.1610610000000001,-0.485941,NRU,291812
8018220,165,6228,1997,0.0,0.0,1.1610610000000001,-0.485941,NRU,291813
8024746,165,6229,1997,0.0,0.0,1.1610610000000001,-0.485941,NRU,291814
8031272,165,6230,1997,0.0,0.0,1.1610610000000001,-0.485941,NRU,291815
8037798,165,6231,1997,0.0,0.0,1.1610610000000001,-0.485941,NRU,291816
8044324,165,6232,1997,0.0,0.0,1.1610610000000001,-0.485941,NRU,291817
8050850,165,6233,1997,0.0,0.0,1.1610610000000001,-0.485941,NRU,291819
8057376,165,6234,1997,0.0,0.0,1.1610610000000001,-0.485941,NRU,291821
8063902,165,6235,1997,0.0,0.0,1.1610610000000001,-0.485941,NRU,291822
8070428,165,6236,1997,0.0,0.0,1.1610610000000001,-0.485941,NRU,291823
8076954,165,6237,1997,0.0,0.0,1.1610610000000001,-0.485941,NRU,291829
8083480,165,6238,1997,0.0,0.0,1.1610610000000001,-0.485941,NRU,291830
8090006,165,6239,1997,0.0,0.0,1.1610610000000001,-0.485941,NRU,291890
8096532,165,6240,1997,0.0,0.0,1.1610610000000001,-0.485941,NRU,291900
8103058,165,6241,1997,0.0,0.0,1.1610610000000001,-0.485941,NRU,292010
8109584,165,6242,1997,0.0,0.0,1.1610610000000001,-0.485941,NRU,292090
8116110,165,6243,1997,0.0,0.0,1.1610610000000001,-0.485941,NRU,292111
8122636,165,6244,1997,0.0,0.0,1.1610610000000001,-0.485941,NRU,292112
8129162,165,6245,1997,0.0,0.0,1.1610610000000001,-0.485941,NRU,292119
8135688,165,6246,1997,0.0,0.0,1.1610610000000001,-0.485941,NRU,292121
8142214,165,6247,1997,0.0,0.0,1.1610610000000001,-0.485941,NRU,292122
8148740,165,6248,1997,0.0,0.0,1.1610610000000001,-0.485941,NRU,292129
8155266,165,6249,1997,0.0,0.0,1.1610610000000001,-0.485941,NRU,292130
8161792,165,6250,1997,0.0,0.0,1.1610610000000001,-0.485941,NRU,292141
8168318,165,6251,1997,0.0,0.0,1.1610610000000001,-0.485941,NRU,292142
8174844,165,6252,1997,0.0,0.0,1.1610610000000001,-0.485941,NRU,292143
8181370,165,6253,1997,0.0,0.0,1.1610610000000001,-0.485941,NRU,292144
8187896,165,6254,1997,0.0,0.0,1.1610610000000001,-0.485941,NRU,292145
8194422,165,6255,1997,0.0,0.0,1.1610610000000001,-0.485941,NRU,292149
8200948,165,6256,1997,0.0,0.0,1.1610610000000001,-0.485941,NRU,292151
8207474,165,6257,1997,0.0,0.0,1.1610610000000001,-0.485941,NRU,292159
8214000,165,6258,1997,0.0,0.0,1.1610610000000001,-0.485941,NRU,292211
8220526,165,6259,1997,0.0,0.0,1.1610610000000001,-0.485941,NRU,292212
8227052,165,6260,1997,0.0,0.0,1.1610610000000001,-0.485941,NRU,292213
8233578,165,6261,1997,0.0,0.0,1.1610610000000001,-0.485941,NRU,292219
8240104,165,6262,1997,0.0,0.0,1.1610610000000001,-0.485941,NRU,292221
8246630,165,6263,1997,0.0,0.0,1.1610610000000001,-0.485941,NRU,292222
8253156,165,6264,1997,0.0,0.0,1.1610610000000001,-0.485941,NRU,292229
8259682,165,6265,1997,0.0,0.0,1.1610610000000001,-0.485941,NRU,292230
8266208,165,6266,1997,0.0,0.0,1.1610610000000001,-0.485941,NRU,292241
8272734,165,6267,1997,0.0,0.0,1.1610610000000001,-0.485941,NRU,292242
8279260,165,6268,1997,0.0,0.0,1.1610610000000001,-0.485941,NRU,292249
8285786,165,6269,1997,0.0,0.0,1.1610610000000001,-0.485941,NRU,292250
8292312,165,6270,1997,0.0,0.0,1.1610610000000001,-0.485941,NRU,292310
8298838,165,6271,1997,0.0,0.0,1.1610610000000001,-0.485941,NRU,292320
8305364,165,6272,1997,0.0,0.0,1.1610610000000001,-0.485941,NRU,292390
8311890,165,6273,1997,0.0,0.0,1.1610610000000001,-0.485941,NRU,292410
8318416,165,6274,1997,0.0,0.0,1.1610610000000001,-0.485941,NRU,292421
8324942,165,6275,1997,0.0,0.0,1.1610610000000001,-0.485941,NRU,292429
8331468,165,6276,1997,0.0,0.0,1.1610610000000001,-0.485941,NRU,292511
8337994,165,6277,1997,0.0,0.0,1.1610610000000001,-0.485941,NRU,292519
8344520,165,6278,1997,0.0,0.0,1.1610610000000001,-0.485941,NRU,292520
8351046,165,6279,1997,0.0,0.0,1.1610610000000001,-0.485941,NRU,292610
8357572,165,6280,1997,0.0,0.0,1.1610610000000001,-0.485941,NRU,292620
8364098,165,6281,1997,0.0,0.0,1.1610610000000001,-0.485941,NRU,292690
8370624,165,6282,1997,0.0,0.0,1.1610610000000001,-0.485941,NRU,292700
8377150,165,6283,1997,0.0,0.0,1.1610610000000001,-0.485941,NRU,292800
8383676,165,6284,1997,0.0,0.0,1.1610610000000001,-0.485941,NRU,292910
8390202,165,6285,1997,0.0,0.0,1.1610610000000001,-0.485941,NRU,292990
8396728,165,6286,1997,0.0,0.0,1.1610610000000001,-0.485941,NRU,293010
8403254,165,6287,1997,0.0,0.0,1.1610610000000001,-0.485941,NRU,293020
8409780,165,6288,1997,0.0,0.0,1.1610610000000001,-0.485941,NRU,293030
8416306,165,6289,1997,0.0,0.0,1.1610610000000001,-0.485941,NRU,293040
8422832,165,6290,1997,0.0,0.0,1.1610610000000001,-0.485941,NRU,293090
8429358,165,6291,1997,0.0,0.0,1.1610610000000001,-0.485941,NRU,293100
8435884,165,6292,1997,0.0,0.0,1.1610610000000001,-0.485941,NRU,293211
8442410,165,6293,1997,0.0,0.0,1.1610610000000001,-0.485941,NRU,293212
8448936,165,6294,1997,0.0,0.0,1.1610610000000001,-0.485941,NRU,293213
8455462,165,6295,1997,0.0,0.0,1.1610610000000001,-0.485941,NRU,293219
8461988,165,6296,1997,0.0,0.0,1.1610610000000001,-0.485941,NRU,293221
8468514,165,6297,1997,0.0,0.0,1.1610610000000001,-0.485941,NRU,293229
8475040,165,6298,1997,0.0,0.0,1.1610610000000001,-0.485941,NRU,293290
8481566,165,6299,1997,0.0,0.0,1.1610610000000001,-0.485941,NRU,293311
8488092,165,6300,1997,0.0,0.0,1.1610610000000001,-0.485941,NRU,293319
8494618,165,6301,1997,0.0,0.0,1.1610610000000001,-0.485941,NRU,293321
8501144,165,6302,1997,0.0,0.0,1.1610610000000001,-0.485941,NRU,293329
8507670,165,6303,1997,0.0,0.0,1.1610610000000001,-0.485941,NRU,293331
8514196,165,6304,1997,0.0,0.0,1.1610610000000001,-0.485941,NRU,293339
8520722,165,6305,1997,0.0,0.0,1.1610610000000001,-0.485941,NRU,293340
8527248,165,6306,1997,0.0,0.0,1.1610610000000001,-0.485941,NRU,293351
8533774,165,6307,1997,0.0,0.0,1.1610610000000001,-0.485941,NRU,293359
8540300,165,6308,1997,0.0,0.0,1.1610610000000001,-0.485941,NRU,293361
8546826,165,6309,1997,0.0,0.0,1.1610610000000001,-0.485941,NRU,293369
8553352,165,6310,1997,0.0,0.0,1.1610610000000001,-0.485941,NRU,293371
8559878,165,6311,1997,0.0,0.0,1.1610610000000001,-0.485941,NRU,293379
8566404,165,6312,1997,0.0,0.0,1.1610610000000001,-0.485941,NRU,293390
8572930,165,6313,1997,0.0,0.0,1.1610610000000001,-0.485941,NRU,293410
8579456,165,6314,1997,0.0,0.0,1.1610610000000001,-0.485941,NRU,293420
8585982,165,6315,1997,0.0,0.0,1.1610610000000001,-0.485941,NRU,293430
8592508,165,6316,1997,0.0,0.0,1.1610610000000001,-0.485941,NRU,293490
8599034,165,6317,1997,0.0,0.0,1.1610610000000001,-0.485941,NRU,293500
8605560,165,6318,1997,0.0,0.0,1.1610610000000001,-0.485941,NRU,293610
8612086,165,6319,1997,0.0,0.0,1.1610610000000001,-0.485941,NRU,293621
8618612,165,6320,1997,0.0,0.0,1.1610610000000001,-0.485941,NRU,293622
8625138,165,6321,1997,0.0,0.0,1.1610610000000001,-0.485941,NRU,293623
8631664,165,6322,1997,0.0,0.0,1.1610610000000001,-0.485941,NRU,293624
8638190,165,6323,1997,0.0,0.0,1.1610610000000001,-0.485941,NRU,293625
8644716,165,6324,1997,0.0,0.0,1.1610610000000001,-0.485941,NRU,293626
8651242,165,6325,1997,0.0,0.0,1.1610610000000001,-0.485941,NRU,293627
8657768,165,6326,1997,0.0,0.0,1.1610610000000001,-0.485941,NRU,293628
8664294,165,6327,1997,0.0,0.0,1.1610610000000001,-0.485941,NRU,293629
8670820,165,6328,1997,0.0,0.0,1.1610610000000001,-0.485941,NRU,293690
8677346,165,6329,1997,0.0,0.0,1.1610610000000001,-0.485941,NRU,293710
8683872,165,6330,1997,0.0,0.0,1.1610610000000001,-0.485941,NRU,293721
8690398,165,6331,1997,0.0,0.0,1.1610610000000001,-0.485941,NRU,293722
8696924,165,6332,1997,0.0,0.0,1.1610610000000001,-0.485941,NRU,293729
8703450,165,6333,1997,0.0,0.0,1.1610610000000001,-0.485941,NRU,293791
8709976,165,6334,1997,0.0,0.0,1.1610610000000001,-0.485941,NRU,293792
8716502,165,6335,1997,0.0,0.0,1.1610610000000001,-0.485941,NRU,293799
8723028,165,6336,1997,0.0,0.0,1.1610610000000001,-0.485941,NRU,293810
8729554,165,6337,1997,0.0,0.0,1.1610610000000001,-0.485941,NRU,293890
8736080,165,6338,1997,0.0,0.0,1.1610610000000001,-0.485941,NRU,293910
8742606,165,6339,1997,0.0,0.0,1.1610610000000001,-0.485941,NRU,293921
8749132,165,6340,1997,0.0,0.0,1.1610610000000001,-0.485941,NRU,293929
8755658,165,6341,1997,0.0,0.0,1.1610610000000001,-0.485941,NRU,293930
8762184,165,6342,1997,0.0,0.0,1.1610610000000001,-0.485941,NRU,293940
8768710,165,6343,1997,0.0,0.0,1.1610610000000001,-0.485941,NRU,293950
8775236,165,6344,1997,0.0,0.0,1.1610610000000001,-0.485941,NRU,293960
8781762,165,6345,1997,0.0,0.0,1.1610610000000001,-0.485941,NRU,293970
8788288,165,6346,1997,0.0,0.0,1.1610610000000001,-0.485941,NRU,293990
8794814,165,6347,1997,0.0,0.0,1.1610610000000001,-0.485941,NRU,294000
8801340,165,6348,1997,0.0,0.0,1.1610610000000001,-0.485941,NRU,294110
8807866,165,6349,1997,0.0,0.0,1.1610610000000001,-0.485941,NRU,294120
8814392,165,6350,1997,0.0,0.0,1.1610610000000001,-0.485941,NRU,294130
8820918,165,6351,1997,0.0,0.0,1.1610610000000001,-0.485941,NRU,294140
8827444,165,6352,1997,0.0,0.0,1.1610610000000001,-0.485941,NRU,294150
8833970,165,6353,1997,0.0,2.3720659966638586e-09,1.1610610000000001,-0.485941,NRU,294190
8840496,165,6354,1997,0.0,5.904478933990029e-09,1.1610610000000001,-0.485941,NRU,294200
8847022,165,6355,1997,0.0,0.0,1.1610610000000001,-0.485941,NRU,300110
8853548,165,6356,1997,0.0,0.0,1.1610610000000001,-0.485941,NRU,300120
8860074,165,6357,1997,0.0,0.0,1.1610610000000001,-0.485941,NRU,300190
8866600,165,6358,1997,0.0,0.0,1.1610610000000001,-0.485941,NRU,300210
8873126,165,6359,1997,3.1697674263513034e-10,0.0,1.1610610000000001,-0.485941,NRU,300220
8879652,165,6360,1997,0.0,0.0,1.1610610000000001,-0.485941,NRU,300231
8886178,165,6361,1997,7.036520042053276e-10,0.0,1.1610610000000001,-0.485941,NRU,300239
8892704,165,6362,1997,0.0,3.7110553255058296e-09,1.1610610000000001,-0.485941,NRU,300290
8899230,165,6363,1997,0.0,5.273099064820733e-09,1.1610610000000001,-0.485941,NRU,300310
8905756,165,6364,1997,0.0,0.0,1.1610610000000001,-0.485941,NRU,300320
8912282,165,6365,1997,0.0,1.4254933424131975e-09,1.1610610000000001,-0.485941,NRU,300331
8918808,165,6366,1997,0.0,0.0,1.1610610000000001,-0.485941,NRU,300339
8925334,165,6367,1997,0.0,0.0,1.1610610000000001,-0.485941,NRU,300340
8931860,165,6368,1997,0.0,1.4431918647300692e-08,1.1610610000000001,-0.485941,NRU,300390
8938386,165,6369,1997,0.0,1.542157759183587e-08,1.1610610000000001,-0.485941,NRU,300410
8944912,165,6370,1997,0.0,8.468113205918902e-10,1.1610610000000001,-0.485941,NRU,300420
8951438,165,6371,1997,0.0,0.0,1.1610610000000001,-0.485941,NRU,300431
8957964,165,6372,1997,0.0,0.0,1.1610610000000001,-0.485941,NRU,300432
8964490,165,6373,1997,0.0,1.4961217151795898e-08,1.1610610000000001,-0.485941,NRU,300439
8971016,165,6374,1997,0.0,0.0,1.1610610000000001,-0.485941,NRU,300440
8977542,165,6375,1997,0.0,0.0,1.1610610000000001,-0.485941,NRU,300450
8984068,165,6376,1997,3.88399542321243e-08,7.452171624310166e-08,1.1610610000000001,-0.485941,NRU,300490
8990594,165,6377,1997,0.0,0.0,1.1610610000000001,-0.485941,NRU,300510
8997120,165,6378,1997,0.0,4.545603625016742e-09,1.1610610000000001,-0.485941,NRU,300590
9003646,165,6379,1997,0.0,3.039572063071712e-09,1.1610610000000001,-0.485941,NRU,300610
9010172,165,6380,1997,0.0,0.0,1.1610610000000001,-0.485941,NRU,300620
9016698,165,6381,1997,0.0,1.4357677654810444e-09,1.1610610000000001,-0.485941,NRU,300630
9023224,165,6382,1997,0.0,0.0,1.1610610000000001,-0.485941,NRU,300640
9029750,165,6383,1997,0.0,0.0,1.1610610000000001,-0.485941,NRU,300650
9036276,165,6384,1997,0.0,0.0,1.1610610000000001,-0.485941,NRU,300660
9042802,165,6385,1997,0.0,0.0,1.1610610000000001,-0.485941,NRU,310100
9049328,165,6386,1997,6.018315591523602e-10,0.0,1.1610610000000001,-0.485941,NRU,310210
9055854,165,6387,1997,0.0,0.0,1.1610610000000001,-0.485941,NRU,310221
9062380,165,6388,1997,0.0,0.0,1.1610610000000001,-0.485941,NRU,310229
9068906,165,6389,1997,0.0,0.0,1.1610610000000001,-0.485941,NRU,310230
9075432,165,6390,1997,0.0,0.0,1.1610610000000001,-0.485941,NRU,310240
9081958,165,6391,1997,0.0,0.0,1.1610610000000001,-0.485941,NRU,310250
9088484,165,6392,1997,0.0,0.0,1.1610610000000001,-0.485941,NRU,310260
9095010,165,6393,1997,0.0,0.0,1.1610610000000001,-0.485941,NRU,310270
9101536,165,6394,1997,0.0,0.0,1.1610610000000001,-0.485941,NRU,310280
9108062,165,6395,1997,6.858849426176624e-08,0.0,1.1610610000000001,-0.485941,NRU,310290
9114588,165,6396,1997,0.0,0.0,1.1610610000000001,-0.485941,NRU,310310
9121114,165,6397,1997,0.0,0.0,1.1610610000000001,-0.485941,NRU,310320
9127640,165,6398,1997,0.0,0.0,1.1610610000000001,-0.485941,NRU,310390
9134166,165,6399,1997,0.0,0.0,1.1610610000000001,-0.485941,NRU,310410
9140692,165,6400,1997,0.0,0.0,1.1610610000000001,-0.485941,NRU,310420
9147218,165,6401,1997,0.0,0.0,1.1610610000000001,-0.485941,NRU,310430
9153744,165,6402,1997,0.0,0.0,1.1610610000000001,-0.485941,NRU,310490
9160270,165,6403,1997,0.0,0.0,1.1610610000000001,-0.485941,NRU,310510
9166796,165,6404,1997,3.478713687456959e-08,0.0,1.1610610000000001,-0.485941,NRU,310520
9173322,165,6405,1997,0.0,0.0,1.1610610000000001,-0.485941,NRU,310530
9179848,165,6406,1997,0.0,0.0,1.1610610000000001,-0.485941,NRU,310540
9186374,165,6407,1997,0.0,0.0,1.1610610000000001,-0.485941,NRU,310551
9192900,165,6408,1997,0.0,0.0,1.1610610000000001,-0.485941,NRU,310559
9199426,165,6409,1997,0.0,0.0,1.1610610000000001,-0.485941,NRU,310560
9205952,165,6410,1997,0.0,0.0,1.1610610000000001,-0.485941,NRU,310590
9212478,165,6411,1997,0.0,0.0,1.1610610000000001,-0.485941,NRU,320110
9219004,165,6412,1997,0.0,0.0,1.1610610000000001,-0.485941,NRU,320120
9225530,165,6413,1997,0.0,0.0,1.1610610000000001,-0.485941,NRU,320130
9232056,165,6414,1997,0.0,0.0,1.1610610000000001,-0.485941,NRU,320190
9238582,165,6415,1997,0.0,0.0,1.1610610000000001,-0.485941,NRU,320210
9245108,165,6416,1997,0.0,0.0,1.1610610000000001,-0.485941,NRU,320290
9251634,165,6417,1997,0.0,0.0,1.1610610000000001,-0.485941,NRU,320300
9258160,165,6418,1997,0.0,0.0,1.1610610000000001,-0.485941,NRU,320411
9264686,165,6419,1997,0.0,0.0,1.1610610000000001,-0.485941,NRU,320412
9271212,165,6420,1997,0.0,0.0,1.1610610000000001,-0.485941,NRU,320413
9277738,165,6421,1997,0.0,0.0,1.1610610000000001,-0.485941,NRU,320414
9284264,165,6422,1997,0.0,0.0,1.1610610000000001,-0.485941,NRU,320415
9290790,165,6423,1997,0.0,0.0,1.1610610000000001,-0.485941,NRU,320416
9297316,165,6424,1997,0.0,0.0,1.1610610000000001,-0.485941,NRU,320417
9303842,165,6425,1997,0.0,0.0,1.1610610000000001,-0.485941,NRU,320419
9310368,165,6426,1997,0.0,0.0,1.1610610000000001,-0.485941,NRU,320420
9316894,165,6427,1997,0.0,0.0,1.1610610000000001,-0.485941,NRU,320490
9323420,165,6428,1997,0.0,0.0,1.1610610000000001,-0.485941,NRU,320500
9329946,165,6429,1997,0.0,0.0,1.1610610000000001,-0.485941,NRU,320610
9336472,165,6430,1997,0.0,0.0,1.1610610000000001,-0.485941,NRU,320620
9342998,165,6431,1997,0.0,0.0,1.1610610000000001,-0.485941,NRU,320630
9349524,165,6432,1997,0.0,0.0,1.1610610000000001,-0.485941,NRU,320641
9356050,165,6433,1997,0.0,0.0,1.1610610000000001,-0.485941,NRU,320642
9362576,165,6434,1997,0.0,0.0,1.1610610000000001,-0.485941,NRU,320643
9369102,165,6435,1997,0.0,0.0,1.1610610000000001,-0.485941,NRU,320649
9375628,165,6436,1997,0.0,0.0,1.1610610000000001,-0.485941,NRU,320650
9382154,165,6437,1997,0.0,0.0,1.1610610000000001,-0.485941,NRU,320710
9388680,165,6438,1997,0.0,0.0,1.1610610000000001,-0.485941,NRU,320720
9395206,165,6439,1997,0.0,0.0,1.1610610000000001,-0.485941,NRU,320730
9401732,165,6440,1997,0.0,0.0,1.1610610000000001,-0.485941,NRU,320740
9408258,165,6441,1997,0.0,0.0,1.1610610000000001,-0.485941,NRU,320810
9414784,165,6442,1997,0.0,1.5137870941962426e-08,1.1610610000000001,-0.485941,NRU,320820
9421310,165,6443,1997,0.0,1.775818025726555e-08,1.1610610000000001,-0.485941,NRU,320890
9427836,165,6444,1997,0.0,0.0,1.1610610000000001,-0.485941,NRU,320910
9434362,165,6445,1997,0.0,9.487932553653244e-09,1.1610610000000001,-0.485941,NRU,320990
9440888,165,6446,1997,0.0,0.0,1.1610610000000001,-0.485941,NRU,321000
9447414,165,6447,1997,0.0,0.0,1.1610610000000001,-0.485941,NRU,321100
9453940,165,6448,1997,0.0,0.0,1.1610610000000001,-0.485941,NRU,321210
9460466,165,6449,1997,0.0,0.0,1.1610610000000001,-0.485941,NRU,321290
9466992,165,6450,1997,0.0,0.0,1.1610610000000001,-0.485941,NRU,321310
9473518,165,6451,1997,0.0,0.0,1.1610610000000001,-0.485941,NRU,321390
9480044,165,6452,1997,0.0,0.0,1.1610610000000001,-0.485941,NRU,321410
9486570,165,6453,1997,0.0,0.0,1.1610610000000001,-0.485941,NRU,321490
9493096,165,6454,1997,0.0,0.0,1.1610610000000001,-0.485941,NRU,321511
9499622,165,6455,1997,0.0,1.1358208985003552e-09,1.1610610000000001,-0.485941,NRU,321519
9506148,165,6456,1997,0.0,0.0,1.1610610000000001,-0.485941,NRU,321590
9512674,165,6457,1997,0.0,0.0,1.1610610000000001,-0.485941,NRU,330111
9519200,165,6458,1997,0.0,0.0,1.1610610000000001,-0.485941,NRU,330112
9525726,165,6459,1997,0.0,0.0,1.1610610000000001,-0.485941,NRU,330113
9532252,165,6460,1997,0.0,0.0,1.1610610000000001,-0.485941,NRU,330114
9538778,165,6461,1997,0.0,0.0,1.1610610000000001,-0.485941,NRU,330119
9545304,165,6462,1997,0.0,0.0,1.1610610000000001,-0.485941,NRU,330121
9551830,165,6463,1997,0.0,0.0,1.1610610000000001,-0.485941,NRU,330122
9558356,165,6464,1997,0.0,0.0,1.1610610000000001,-0.485941,NRU,330123
9564882,165,6465,1997,0.0,0.0,1.1610610000000001,-0.485941,NRU,330124
9571408,165,6466,1997,0.0,0.0,1.1610610000000001,-0.485941,NRU,330125
9577934,165,6467,1997,0.0,0.0,1.1610610000000001,-0.485941,NRU,330126
9584460,165,6468,1997,0.0,0.0,1.1610610000000001,-0.485941,NRU,330129
9590986,165,6469,1997,0.0,0.0,1.1610610000000001,-0.485941,NRU,330130
9597512,165,6470,1997,0.0,0.0,1.1610610000000001,-0.485941,NRU,330190
9604038,165,6471,1997,0.0,0.0,1.1610610000000001,-0.485941,NRU,330210
9610564,165,6472,1997,0.0,0.0,1.1610610000000001,-0.485941,NRU,330290
9617090,165,6473,1997,0.0,0.0,1.1610610000000001,-0.485941,NRU,330300
9623616,165,6474,1997,0.0,1.082128752145801e-09,1.1610610000000001,-0.485941,NRU,330410
9630142,165,6475,1997,0.0,0.0,1.1610610000000001,-0.485941,NRU,330420
9636668,165,6476,1997,0.0,0.0,1.1610610000000001,-0.485941,NRU,330430
9643194,165,6477,1997,0.0,0.0,1.1610610000000001,-0.485941,NRU,330491
9649720,165,6478,1997,0.0,1.509345891966915e-09,1.1610610000000001,-0.485941,NRU,330499
9656246,165,6479,1997,0.0,1.280325687454588e-09,1.1610610000000001,-0.485941,NRU,330510
9662772,165,6480,1997,0.0,0.0,1.1610610000000001,-0.485941,NRU,330520
9669298,165,6481,1997,0.0,0.0,1.1610610000000001,-0.485941,NRU,330530
9675824,165,6482,1997,0.0,0.0,1.1610610000000001,-0.485941,NRU,330590
9682350,165,6483,1997,0.0,0.0,1.1610610000000001,-0.485941,NRU,330610
9688876,165,6484,1997,0.0,0.0,1.1610610000000001,-0.485941,NRU,330690
9695402,165,6485,1997,0.0,0.0,1.1610610000000001,-0.485941,NRU,330710
9701928,165,6486,1997,0.0,1.6137472876563263e-09,1.1610610000000001,-0.485941,NRU,330720
9708454,165,6487,1997,0.0,0.0,1.1610610000000001,-0.485941,NRU,330730
9714980,165,6488,1997,0.0,0.0,1.1610610000000001,-0.485941,NRU,330741
9721506,165,6489,1997,0.0,0.0,1.1610610000000001,-0.485941,NRU,330749
9728032,165,6490,1997,0.0,0.0,1.1610610000000001,-0.485941,NRU,330790
9734558,165,6491,1997,0.0,2.919261883277248e-09,1.1610610000000001,-0.485941,NRU,340111
9741084,165,6492,1997,0.0,0.0,1.1610610000000001,-0.485941,NRU,340119
9747610,165,6493,1997,0.0,6.836468536144391e-09,1.1610610000000001,-0.485941,NRU,340120
9754136,165,6494,1997,0.0,8.110165563555206e-10,1.1610610000000001,-0.485941,NRU,340211
9760662,165,6495,1997,0.0,0.0,1.1610610000000001,-0.485941,NRU,340212
9767188,165,6496,1997,0.0,0.0,1.1610610000000001,-0.485941,NRU,340213
9773714,165,6497,1997,0.0,2.0469302215168352e-09,1.1610610000000001,-0.485941,NRU,340219
9780240,165,6498,1997,0.0,6.369479436060644e-09,1.1610610000000001,-0.485941,NRU,340220
9786766,165,6499,1997,0.0,0.0,1.1610610000000001,-0.485941,NRU,340290
9793292,165,6500,1997,0.0,0.0,1.1610610000000001,-0.485941,NRU,340311
9799818,165,6501,1997,0.0,0.0,1.1610610000000001,-0.485941,NRU,340319
9806344,165,6502,1997,0.0,0.0,1.1610610000000001,-0.485941,NRU,340391
9812870,165,6503,1997,0.0,0.0,1.1610610000000001,-0.485941,NRU,340399
9819396,165,6504,1997,0.0,0.0,1.1610610000000001,-0.485941,NRU,340410
9825922,165,6505,1997,0.0,0.0,1.1610610000000001,-0.485941,NRU,340420
9832448,165,6506,1997,0.0,0.0,1.1610610000000001,-0.485941,NRU,340490
9838974,165,6507,1997,0.0,0.0,1.1610610000000001,-0.485941,NRU,340510
9845500,165,6508,1997,0.0,0.0,1.1610610000000001,-0.485941,NRU,340520
9852026,165,6509,1997,0.0,0.0,1.1610610000000001,-0.485941,NRU,340530
9858552,165,6510,1997,0.0,0.0,1.1610610000000001,-0.485941,NRU,340540
9865078,165,6511,1997,0.0,0.0,1.1610610000000001,-0.485941,NRU,340590
9871604,165,6512,1997,0.0,0.0,1.1610610000000001,-0.485941,NRU,340600
9878130,165,6513,1997,0.0,0.0,1.1610610000000001,-0.485941,NRU,340700
9884656,165,6514,1997,0.0,0.0,1.1610610000000001,-0.485941,NRU,350110
9891182,165,6515,1997,0.0,0.0,1.1610610000000001,-0.485941,NRU,350190
9897708,165,6516,1997,0.0,0.0,1.1610610000000001,-0.485941,NRU,350210
9904234,165,6517,1997,0.0,0.0,1.1610610000000001,-0.485941,NRU,350290
9910760,165,6518,1997,0.0,0.0,1.1610610000000001,-0.485941,NRU,350300
9917286,165,6519,1997,0.0,0.0,1.1610610000000001,-0.485941,NRU,350400
9923812,165,6520,1997,3.562503428698463e-09,1.1974674369074362e-09,1.1610610000000001,-0.485941,NRU,350510
9930338,165,6521,1997,0.0,0.0,1.1610610000000001,-0.485941,NRU,350520
9936864,165,6522,1997,0.0,0.0,1.1610610000000001,-0.485941,NRU,350610
9943390,165,6523,1997,0.0,0.0,1.1610610000000001,-0.485941,NRU,350691
9949916,165,6524,1997,0.0,0.0,1.1610610000000001,-0.485941,NRU,350699
9956442,165,6525,1997,0.0,0.0,1.1610610000000001,-0.485941,NRU,350710
9962968,165,6526,1997,0.0,0.0,1.1610610000000001,-0.485941,NRU,350790
9969494,165,6527,1997,0.0,0.0,1.1610610000000001,-0.485941,NRU,360100
9976020,165,6528,1997,0.0,0.0,1.1610610000000001,-0.485941,NRU,360200
9982546,165,6529,1997,0.0,0.0,1.1610610000000001,-0.485941,NRU,360300
9989072,165,6530,1997,0.0,0.0,1.1610610000000001,-0.485941,NRU,360410
9995598,165,6531,1997,0.0,0.0,1.1610610000000001,-0.485941,NRU,360490
10002124,165,6532,1997,0.0,1.9700377650090785e-09,1.1610610000000001,-0.485941,NRU,360500
10008650,165,6533,1997,0.0,0.0,1.1610610000000001,-0.485941,NRU,360610
10015176,165,6534,1997,0.0,0.0,1.1610610000000001,-0.485941,NRU,360690
10021702,165,6535,1997,0.0,0.0,1.1610610000000001,-0.485941,NRU,370110
10028228,165,6536,1997,0.0,7.878162462023182e-10,1.1610610000000001,-0.485941,NRU,370120
10034754,165,6537,1997,0.0,0.0,1.1610610000000001,-0.485941,NRU,370130
10041280,165,6538,1997,0.0,0.0,1.1610610000000001,-0.485941,NRU,370191
10047806,165,6539,1997,0.0,0.0,1.1610610000000001,-0.485941,NRU,370199
10054332,165,6540,1997,0.0,0.0,1.1610610000000001,-0.485941,NRU,370210
10060858,165,6541,1997,0.0,0.0,1.1610610000000001,-0.485941,NRU,370220
10067384,165,6542,1997,0.0,0.0,1.1610610000000001,-0.485941,NRU,370231
10073910,165,6543,1997,0.0,0.0,1.1610610000000001,-0.485941,NRU,370232
10080436,165,6544,1997,0.0,0.0,1.1610610000000001,-0.485941,NRU,370239
10086962,165,6545,1997,0.0,0.0,1.1610610000000001,-0.485941,NRU,370241
10093488,165,6546,1997,0.0,0.0,1.1610610000000001,-0.485941,NRU,370242
10100014,165,6547,1997,0.0,0.0,1.1610610000000001,-0.485941,NRU,370243
10106540,165,6548,1997,0.0,0.0,1.1610610000000001,-0.485941,NRU,370244
10113066,165,6549,1997,0.0,0.0,1.1610610000000001,-0.485941,NRU,370251
10119592,165,6550,1997,0.0,0.0,1.1610610000000001,-0.485941,NRU,370252
10126118,165,6551,1997,0.0,0.0,1.1610610000000001,-0.485941,NRU,370253
10132644,165,6552,1997,1.0224469690735466e-09,0.0,1.1610610000000001,-0.485941,NRU,370254
10139170,165,6553,1997,0.0,0.0,1.1610610000000001,-0.485941,NRU,370255
10145696,165,6554,1997,0.0,0.0,1.1610610000000001,-0.485941,NRU,370256
10152222,165,6555,1997,0.0,0.0,1.1610610000000001,-0.485941,NRU,370291
10158748,165,6556,1997,0.0,0.0,1.1610610000000001,-0.485941,NRU,370292
10165274,165,6557,1997,0.0,0.0,1.1610610000000001,-0.485941,NRU,370293
10171800,165,6558,1997,0.0,0.0,1.1610610000000001,-0.485941,NRU,370294
10178326,165,6559,1997,0.0,0.0,1.1610610000000001,-0.485941,NRU,370295
10184852,165,6560,1997,0.0,0.0,1.1610610000000001,-0.485941,NRU,370310
10191378,165,6561,1997,0.0,0.0,1.1610610000000001,-0.485941,NRU,370320
10197904,165,6562,1997,0.0,0.0,1.1610610000000001,-0.485941,NRU,370390
10204430,165,6563,1997,0.0,0.0,1.1610610000000001,-0.485941,NRU,370400
10210956,165,6564,1997,0.0,0.0,1.1610610000000001,-0.485941,NRU,370510
10217482,165,6565,1997,0.0,0.0,1.1610610000000001,-0.485941,NRU,370520
10224008,165,6566,1997,0.0,0.0,1.1610610000000001,-0.485941,NRU,370590
10230534,165,6567,1997,0.0,0.0,1.1610610000000001,-0.485941,NRU,370610
10237060,165,6568,1997,0.0,0.0,1.1610610000000001,-0.485941,NRU,370690
10243586,165,6569,1997,0.0,0.0,1.1610610000000001,-0.485941,NRU,370710
10250112,165,6570,1997,0.0,0.0,1.1610610000000001,-0.485941,NRU,370790
10256638,165,6571,1997,0.0,0.0,1.1610610000000001,-0.485941,NRU,380110
10263164,165,6572,1997,0.0,0.0,1.1610610000000001,-0.485941,NRU,380120
10269690,165,6573,1997,0.0,0.0,1.1610610000000001,-0.485941,NRU,380130
10276216,165,6574,1997,0.0,0.0,1.1610610000000001,-0.485941,NRU,380190
10282742,165,6575,1997,0.0,0.0,1.1610610000000001,-0.485941,NRU,380210
10289268,165,6576,1997,0.0,0.0,1.1610610000000001,-0.485941,NRU,380290
10295794,165,6577,1997,0.0,0.0,1.1610610000000001,-0.485941,NRU,380300
10302320,165,6578,1997,0.0,0.0,1.1610610000000001,-0.485941,NRU,380400
10308846,165,6579,1997,0.0,0.0,1.1610610000000001,-0.485941,NRU,380510
10315372,165,6580,1997,0.0,0.0,1.1610610000000001,-0.485941,NRU,380520
10321898,165,6581,1997,0.0,0.0,1.1610610000000001,-0.485941,NRU,380590
10328424,165,6582,1997,0.0,0.0,1.1610610000000001,-0.485941,NRU,380610
10334950,165,6583,1997,0.0,0.0,1.1610610000000001,-0.485941,NRU,380620
10341476,165,6584,1997,0.0,0.0,1.1610610000000001,-0.485941,NRU,380630
10348002,165,6585,1997,0.0,0.0,1.1610610000000001,-0.485941,NRU,380690
10354528,165,6586,1997,0.0,0.0,1.1610610000000001,-0.485941,NRU,380700
10361054,165,6587,1997,0.0,2.8963930061262343e-09,1.1610610000000001,-0.485941,NRU,380810
10367580,165,6588,1997,0.0,0.0,1.1610610000000001,-0.485941,NRU,380820
10374106,165,6589,1997,0.0,0.0,1.1610610000000001,-0.485941,NRU,380830
10380632,165,6590,1997,0.0,2.6408581614388186e-09,1.1610610000000001,-0.485941,NRU,380840
10387158,165,6591,1997,0.0,0.0,1.1610610000000001,-0.485941,NRU,380890
10393684,165,6592,1997,0.0,0.0,1.1610610000000001,-0.485941,NRU,380910
10400210,165,6593,1997,0.0,0.0,1.1610610000000001,-0.485941,NRU,380991
10406736,165,6594,1997,0.0,0.0,1.1610610000000001,-0.485941,NRU,380992
10413262,165,6595,1997,0.0,0.0,1.1610610000000001,-0.485941,NRU,380993
10419788,165,6596,1997,0.0,0.0,1.1610610000000001,-0.485941,NRU,380999
10426314,165,6597,1997,0.0,0.0,1.1610610000000001,-0.485941,NRU,381010
10432840,165,6598,1997,0.0,0.0,1.1610610000000001,-0.485941,NRU,381090
10439366,165,6599,1997,0.0,0.0,1.1610610000000001,-0.485941,NRU,381111
10445892,165,6600,1997,2.183987938978379e-09,0.0,1.1610610000000001,-0.485941,NRU,381119
10452418,165,6601,1997,0.0,0.0,1.1610610000000001,-0.485941,NRU,381121
10458944,165,6602,1997,0.0,0.0,1.1610610000000001,-0.485941,NRU,381129
10465470,165,6603,1997,0.0,1.397321537227166e-09,1.1610610000000001,-0.485941,NRU,381190
10471996,165,6604,1997,0.0,0.0,1.1610610000000001,-0.485941,NRU,381210
10478522,165,6605,1997,0.0,0.0,1.1610610000000001,-0.485941,NRU,381220
10485048,165,6606,1997,0.0,0.0,1.1610610000000001,-0.485941,NRU,381230
10491574,165,6607,1997,0.0,0.0,1.1610610000000001,-0.485941,NRU,381300
10498100,165,6608,1997,0.0,0.0,1.1610610000000001,-0.485941,NRU,381400
10504626,165,6609,1997,0.0,0.0,1.1610610000000001,-0.485941,NRU,381511
10511152,165,6610,1997,0.0,0.0,1.1610610000000001,-0.485941,NRU,381512
10517678,165,6611,1997,0.0,0.0,1.1610610000000001,-0.485941,NRU,381519
10524204,165,6612,1997,0.0,0.0,1.1610610000000001,-0.485941,NRU,381590
10530730,165,6613,1997,0.0,0.0,1.1610610000000001,-0.485941,NRU,381600
10537256,165,6614,1997,0.0,0.0,1.1610610000000001,-0.485941,NRU,381710
10543782,165,6615,1997,0.0,0.0,1.1610610000000001,-0.485941,NRU,381720
10550308,165,6616,1997,0.0,0.0,1.1610610000000001,-0.485941,NRU,381800
10556834,165,6617,1997,0.0,0.0,1.1610610000000001,-0.485941,NRU,381900
10563360,165,6618,1997,0.0,0.0,1.1610610000000001,-0.485941,NRU,382000
10569886,165,6619,1997,0.0,3.4203885825864215e-10,1.1610610000000001,-0.485941,NRU,382100
10576412,165,6620,1997,0.0,0.0,1.1610610000000001,-0.485941,NRU,382200
10582938,165,6621,1997,0.0,0.0,1.1610610000000001,-0.485941,NRU,382310
10589464,165,6622,1997,0.0,0.0,1.1610610000000001,-0.485941,NRU,382320
10595990,165,6623,1997,0.0,0.0,1.1610610000000001,-0.485941,NRU,382330
10602516,165,6624,1997,0.0,0.0,1.1610610000000001,-0.485941,NRU,382340
10609042,165,6625,1997,0.0,0.0,1.1610610000000001,-0.485941,NRU,382350
10615568,165,6626,1997,0.0,0.0,1.1610610000000001,-0.485941,NRU,382360
10622094,165,6627,1997,0.0,0.0,1.1610610000000001,-0.485941,NRU,382390
10628620,165,6628,1997,0.0,0.0,1.1610610000000001,-0.485941,NRU,390110
10635146,165,6629,1997,0.0,0.0,1.1610610000000001,-0.485941,NRU,390120
10641672,165,6630,1997,0.0,0.0,1.1610610000000001,-0.485941,NRU,390130
10648198,165,6631,1997,0.0,0.0,1.1610610000000001,-0.485941,NRU,390190
10654724,165,6632,1997,0.0,0.0,1.1610610000000001,-0.485941,NRU,390210
10661250,165,6633,1997,0.0,0.0,1.1610610000000001,-0.485941,NRU,390220
10667776,165,6634,1997,0.0,0.0,1.1610610000000001,-0.485941,NRU,390230
10674302,165,6635,1997,0.0,0.0,1.1610610000000001,-0.485941,NRU,390290
10680828,165,6636,1997,0.0,0.0,1.1610610000000001,-0.485941,NRU,390311
10687354,165,6637,1997,0.0,0.0,1.1610610000000001,-0.485941,NRU,390319
10693880,165,6638,1997,0.0,0.0,1.1610610000000001,-0.485941,NRU,390320
10700406,165,6639,1997,0.0,0.0,1.1610610000000001,-0.485941,NRU,390330
10706932,165,6640,1997,0.0,0.0,1.1610610000000001,-0.485941,NRU,390390
10713458,165,6641,1997,0.0,0.0,1.1610610000000001,-0.485941,NRU,390410
10719984,165,6642,1997,0.0,0.0,1.1610610000000001,-0.485941,NRU,390421
10726510,165,6643,1997,0.0,0.0,1.1610610000000001,-0.485941,NRU,390422
10733036,165,6644,1997,0.0,0.0,1.1610610000000001,-0.485941,NRU,390430
10739562,165,6645,1997,0.0,0.0,1.1610610000000001,-0.485941,NRU,390440
10746088,165,6646,1997,0.0,0.0,1.1610610000000001,-0.485941,NRU,390450
10752614,165,6647,1997,0.0,0.0,1.1610610000000001,-0.485941,NRU,390461
10759140,165,6648,1997,0.0,0.0,1.1610610000000001,-0.485941,NRU,390469
10765666,165,6649,1997,0.0,0.0,1.1610610000000001,-0.485941,NRU,390490
10772192,165,6650,1997,0.0,0.0,1.1610610000000001,-0.485941,NRU,390511
10778718,165,6651,1997,0.0,0.0,1.1610610000000001,-0.485941,NRU,390519
10785244,165,6652,1997,0.0,0.0,1.1610610000000001,-0.485941,NRU,390520
10791770,165,6653,1997,0.0,0.0,1.1610610000000001,-0.485941,NRU,390590
10798296,165,6654,1997,0.0,0.0,1.1610610000000001,-0.485941,NRU,390610
10804822,165,6655,1997,3.4297732056829877e-09,1.847904703702577e-08,1.1610610000000001,-0.485941,NRU,390690
10811348,165,6656,1997,0.0,0.0,1.1610610000000001,-0.485941,NRU,390710
10817874,165,6657,1997,0.0,0.0,1.1610610000000001,-0.485941,NRU,390720
10824400,165,6658,1997,0.0,0.0,1.1610610000000001,-0.485941,NRU,390730
10830926,165,6659,1997,0.0,0.0,1.1610610000000001,-0.485941,NRU,390740
10837452,165,6660,1997,0.0,0.0,1.1610610000000001,-0.485941,NRU,390750
10843978,165,6661,1997,0.0,0.0,1.1610610000000001,-0.485941,NRU,390760
10850504,165,6662,1997,0.0,0.0,1.1610610000000001,-0.485941,NRU,390791
10857030,165,6663,1997,0.0,0.0,1.1610610000000001,-0.485941,NRU,390799
10863556,165,6664,1997,0.0,0.0,1.1610610000000001,-0.485941,NRU,390810
10870082,165,6665,1997,0.0,0.0,1.1610610000000001,-0.485941,NRU,390890
10876608,165,6666,1997,0.0,0.0,1.1610610000000001,-0.485941,NRU,390910
10883134,165,6667,1997,0.0,0.0,1.1610610000000001,-0.485941,NRU,390920
10889660,165,6668,1997,0.0,0.0,1.1610610000000001,-0.485941,NRU,390930
10896186,165,6669,1997,0.0,0.0,1.1610610000000001,-0.485941,NRU,390940
10902712,165,6670,1997,0.0,0.0,1.1610610000000001,-0.485941,NRU,390950
10909238,165,6671,1997,0.0,0.0,1.1610610000000001,-0.485941,NRU,391000
10915764,165,6672,1997,0.0,0.0,1.1610610000000001,-0.485941,NRU,391110
10922290,165,6673,1997,0.0,0.0,1.1610610000000001,-0.485941,NRU,391190
10928816,165,6674,1997,0.0,0.0,1.1610610000000001,-0.485941,NRU,391211
10935342,165,6675,1997,0.0,0.0,1.1610610000000001,-0.485941,NRU,391212
10941868,165,6676,1997,0.0,0.0,1.1610610000000001,-0.485941,NRU,391220
10948394,165,6677,1997,0.0,0.0,1.1610610000000001,-0.485941,NRU,391231
10954920,165,6678,1997,0.0,0.0,1.1610610000000001,-0.485941,NRU,391239
10961446,165,6679,1997,0.0,0.0,1.1610610000000001,-0.485941,NRU,391290
10967972,165,6680,1997,0.0,0.0,1.1610610000000001,-0.485941,NRU,391310
10974498,165,6681,1997,0.0,0.0,1.1610610000000001,-0.485941,NRU,391390
10981024,165,6682,1997,0.0,0.0,1.1610610000000001,-0.485941,NRU,391400
10987550,165,6683,1997,0.0,0.0,1.1610610000000001,-0.485941,NRU,391510
10994076,165,6684,1997,0.0,0.0,1.1610610000000001,-0.485941,NRU,391520
11000602,165,6685,1997,0.0,0.0,1.1610610000000001,-0.485941,NRU,391530
11007128,165,6686,1997,0.0,0.0,1.1610610000000001,-0.485941,NRU,391590
11013654,165,6687,1997,0.0,0.0,1.1610610000000001,-0.485941,NRU,391610
11020180,165,6688,1997,0.0,0.0,1.1610610000000001,-0.485941,NRU,391620
11026706,165,6689,1997,0.0,0.0,1.1610610000000001,-0.485941,NRU,391690
11033232,165,6690,1997,0.0,0.0,1.1610610000000001,-0.485941,NRU,391710
11039758,165,6691,1997,0.0,0.0,1.1610610000000001,-0.485941,NRU,391721
11046284,165,6692,1997,0.0,0.0,1.1610610000000001,-0.485941,NRU,391722
11052810,165,6693,1997,0.0,0.0,1.1610610000000001,-0.485941,NRU,391723
11059336,165,6694,1997,1.5270036387556613e-09,1.1762557247673653e-09,1.1610610000000001,-0.485941,NRU,391729
11065862,165,6695,1997,0.0,0.0,1.1610610000000001,-0.485941,NRU,391731
11072388,165,6696,1997,0.0,0.0,1.1610610000000001,-0.485941,NRU,391732
11078914,165,6697,1997,0.0,0.0,1.1610610000000001,-0.485941,NRU,391733
11085440,165,6698,1997,0.0,0.0,1.1610610000000001,-0.485941,NRU,391739
11091966,165,6699,1997,0.0,4.0736430299001656e-09,1.1610610000000001,-0.485941,NRU,391740
11098492,165,6700,1997,0.0,3.4800465229803706e-09,1.1610610000000001,-0.485941,NRU,391810
11105018,165,6701,1997,0.0,0.0,1.1610610000000001,-0.485941,NRU,391890
11111544,165,6702,1997,0.0,0.0,1.1610610000000001,-0.485941,NRU,391910
11118070,165,6703,1997,0.0,1.5328776351223062e-09,1.1610610000000001,-0.485941,NRU,391990
11124596,165,6704,1997,0.0,0.0,1.1610610000000001,-0.485941,NRU,392010
11131122,165,6705,1997,0.0,0.0,1.1610610000000001,-0.485941,NRU,392020
11137648,165,6706,1997,0.0,0.0,1.1610610000000001,-0.485941,NRU,392030
11144174,165,6707,1997,0.0,0.0,1.1610610000000001,-0.485941,NRU,392041
11150700,165,6708,1997,0.0,9.916475425483114e-10,1.1610610000000001,-0.485941,NRU,392042
11157226,165,6709,1997,0.0,0.0,1.1610610000000001,-0.485941,NRU,392051
11163752,165,6710,1997,0.0,0.0,1.1610610000000001,-0.485941,NRU,392059
11170278,165,6711,1997,0.0,0.0,1.1610610000000001,-0.485941,NRU,392061
11176804,165,6712,1997,0.0,0.0,1.1610610000000001,-0.485941,NRU,392062
11183330,165,6713,1997,0.0,0.0,1.1610610000000001,-0.485941,NRU,392063
11189856,165,6714,1997,0.0,0.0,1.1610610000000001,-0.485941,NRU,392069
11196382,165,6715,1997,0.0,0.0,1.1610610000000001,-0.485941,NRU,392071
11202908,165,6716,1997,0.0,0.0,1.1610610000000001,-0.485941,NRU,392072
11209434,165,6717,1997,0.0,0.0,1.1610610000000001,-0.485941,NRU,392073
11215960,165,6718,1997,0.0,0.0,1.1610610000000001,-0.485941,NRU,392079
11222486,165,6719,1997,0.0,0.0,1.1610610000000001,-0.485941,NRU,392091
11229012,165,6720,1997,0.0,0.0,1.1610610000000001,-0.485941,NRU,392092
11235538,165,6721,1997,0.0,0.0,1.1610610000000001,-0.485941,NRU,392093
11242064,165,6722,1997,0.0,0.0,1.1610610000000001,-0.485941,NRU,392094
11248590,165,6723,1997,0.0,0.0,1.1610610000000001,-0.485941,NRU,392099
11255116,165,6724,1997,0.0,0.0,1.1610610000000001,-0.485941,NRU,392111
11261642,165,6725,1997,0.0,0.0,1.1610610000000001,-0.485941,NRU,392112
11268168,165,6726,1997,0.0,0.0,1.1610610000000001,-0.485941,NRU,392113
11274694,165,6727,1997,0.0,0.0,1.1610610000000001,-0.485941,NRU,392114
11281220,165,6728,1997,0.0,0.0,1.1610610000000001,-0.485941,NRU,392119
11287746,165,6729,1997,0.0,1.1822215188067601e-09,1.1610610000000001,-0.485941,NRU,392190
11294272,165,6730,1997,0.0,0.0,1.1610610000000001,-0.485941,NRU,392210
11300798,165,6731,1997,0.0,0.0,1.1610610000000001,-0.485941,NRU,392220
11307324,165,6732,1997,0.0,0.0,1.1610610000000001,-0.485941,NRU,392290
11313850,165,6733,1997,0.0,4.701045703043198e-09,1.1610610000000001,-0.485941,NRU,392310
11320376,165,6734,1997,0.0,1.6342961337920198e-09,1.1610610000000001,-0.485941,NRU,392321
11326902,165,6735,1997,0.0,0.0,1.1610610000000001,-0.485941,NRU,392329
11333428,165,6736,1997,0.0,1.818672312909542e-08,1.1610610000000001,-0.485941,NRU,392330
11339954,165,6737,1997,0.0,0.0,1.1610610000000001,-0.485941,NRU,392340
11346480,165,6738,1997,0.0,0.0,1.1610610000000001,-0.485941,NRU,392350
11353006,165,6739,1997,0.0,0.0,1.1610610000000001,-0.485941,NRU,392390
11359532,165,6740,1997,0.0,1.2096973146881957e-08,1.1610610000000001,-0.485941,NRU,392410
11366058,165,6741,1997,0.0,2.4791188563707785e-09,1.1610610000000001,-0.485941,NRU,392490
11372584,165,6742,1997,0.0,0.0,1.1610610000000001,-0.485941,NRU,392510
11379110,165,6743,1997,0.0,0.0,1.1610610000000001,-0.485941,NRU,392520
11385636,165,6744,1997,0.0,0.0,1.1610610000000001,-0.485941,NRU,392530
11392162,165,6745,1997,0.0,1.774890013320427e-08,1.1610610000000001,-0.485941,NRU,392590
11398688,165,6746,1997,0.0,0.0,1.1610610000000001,-0.485941,NRU,392610
11405214,165,6747,1997,0.0,0.0,1.1610610000000001,-0.485941,NRU,392620
11411740,165,6748,1997,0.0,0.0,1.1610610000000001,-0.485941,NRU,392630
11418266,165,6749,1997,0.0,0.0,1.1610610000000001,-0.485941,NRU,392640
11424792,165,6750,1997,0.0,1.480809510478476e-08,1.1610610000000001,-0.485941,NRU,392690
11431318,165,6751,1997,0.0,0.0,1.1610610000000001,-0.485941,NRU,400110
11437844,165,6752,1997,0.0,0.0,1.1610610000000001,-0.485941,NRU,400121
11444370,165,6753,1997,0.0,0.0,1.1610610000000001,-0.485941,NRU,400122
11450896,165,6754,1997,0.0,0.0,1.1610610000000001,-0.485941,NRU,400129
11457422,165,6755,1997,0.0,0.0,1.1610610000000001,-0.485941,NRU,400130
11463948,165,6756,1997,0.0,0.0,1.1610610000000001,-0.485941,NRU,400211
11470474,165,6757,1997,0.0,0.0,1.1610610000000001,-0.485941,NRU,400219
11477000,165,6758,1997,0.0,0.0,1.1610610000000001,-0.485941,NRU,400220
11483526,165,6759,1997,0.0,0.0,1.1610610000000001,-0.485941,NRU,400231
11490052,165,6760,1997,0.0,0.0,1.1610610000000001,-0.485941,NRU,400239
11496578,165,6761,1997,0.0,0.0,1.1610610000000001,-0.485941,NRU,400241
11503104,165,6762,1997,0.0,0.0,1.1610610000000001,-0.485941,NRU,400249
11509630,165,6763,1997,0.0,0.0,1.1610610000000001,-0.485941,NRU,400251
11516156,165,6764,1997,0.0,0.0,1.1610610000000001,-0.485941,NRU,400259
11522682,165,6765,1997,0.0,0.0,1.1610610000000001,-0.485941,NRU,400260
11529208,165,6766,1997,0.0,0.0,1.1610610000000001,-0.485941,NRU,400270
11535734,165,6767,1997,0.0,0.0,1.1610610000000001,-0.485941,NRU,400280
11542260,165,6768,1997,0.0,0.0,1.1610610000000001,-0.485941,NRU,400291
11548786,165,6769,1997,0.0,0.0,1.1610610000000001,-0.485941,NRU,400299
11555312,165,6770,1997,0.0,0.0,1.1610610000000001,-0.485941,NRU,400300
11561838,165,6771,1997,0.0,0.0,1.1610610000000001,-0.485941,NRU,400400
11568364,165,6772,1997,0.0,0.0,1.1610610000000001,-0.485941,NRU,400510
11574890,165,6773,1997,0.0,0.0,1.1610610000000001,-0.485941,NRU,400520
11581416,165,6774,1997,0.0,2.078084923722564e-09,1.1610610000000001,-0.485941,NRU,400591
11587942,165,6775,1997,0.0,0.0,1.1610610000000001,-0.485941,NRU,400599
11594468,165,6776,1997,0.0,0.0,1.1610610000000001,-0.485941,NRU,400610
11600994,165,6777,1997,0.0,0.0,1.1610610000000001,-0.485941,NRU,400690
11607520,165,6778,1997,0.0,0.0,1.1610610000000001,-0.485941,NRU,400700
11614046,165,6779,1997,0.0,0.0,1.1610610000000001,-0.485941,NRU,400811
11620572,165,6780,1997,0.0,0.0,1.1610610000000001,-0.485941,NRU,400819
11627098,165,6781,1997,0.0,0.0,1.1610610000000001,-0.485941,NRU,400821
11633624,165,6782,1997,0.0,0.0,1.1610610000000001,-0.485941,NRU,400829
11640150,165,6783,1997,0.0,0.0,1.1610610000000001,-0.485941,NRU,400910
11646676,165,6784,1997,0.0,0.0,1.1610610000000001,-0.485941,NRU,400920
11653202,165,6785,1997,0.0,0.0,1.1610610000000001,-0.485941,NRU,400930
11659728,165,6786,1997,0.0,0.0,1.1610610000000001,-0.485941,NRU,400940
11666254,165,6787,1997,0.0,0.0,1.1610610000000001,-0.485941,NRU,400950
11672780,165,6788,1997,0.0,0.0,1.1610610000000001,-0.485941,NRU,401010
11679306,165,6789,1997,0.0,6.33994875556564e-08,1.1610610000000001,-0.485941,NRU,401091
11685832,165,6790,1997,0.0,0.0,1.1610610000000001,-0.485941,NRU,401099
11692358,165,6791,1997,0.0,3.3060441968313525e-08,1.1610610000000001,-0.485941,NRU,401110
11698884,165,6792,1997,0.0,2.534899030639121e-08,1.1610610000000001,-0.485941,NRU,401120
11705410,165,6793,1997,0.0,0.0,1.1610610000000001,-0.485941,NRU,401130
11711936,165,6794,1997,0.0,0.0,1.1610610000000001,-0.485941,NRU,401140
11718462,165,6795,1997,0.0,0.0,1.1610610000000001,-0.485941,NRU,401150
11724988,165,6796,1997,0.0,0.0,1.1610610000000001,-0.485941,NRU,401191
11731514,165,6797,1997,0.0,1.1491776484885562e-08,1.1610610000000001,-0.485941,NRU,401199
11738040,165,6798,1997,0.0,0.0,1.1610610000000001,-0.485941,NRU,401210
11744566,165,6799,1997,0.0,1.7270973744048296e-09,1.1610610000000001,-0.485941,NRU,401220
11751092,165,6800,1997,0.0,0.0,1.1610610000000001,-0.485941,NRU,401290
11757618,165,6801,1997,0.0,0.0,1.1610610000000001,-0.485941,NRU,401310
11764144,165,6802,1997,0.0,0.0,1.1610610000000001,-0.485941,NRU,401320
11770670,165,6803,1997,0.0,0.0,1.1610610000000001,-0.485941,NRU,401390
11777196,165,6804,1997,0.0,0.0,1.1610610000000001,-0.485941,NRU,401410
11783722,165,6805,1997,0.0,0.0,1.1610610000000001,-0.485941,NRU,401490
11790248,165,6806,1997,0.0,0.0,1.1610610000000001,-0.485941,NRU,401511
11796774,165,6807,1997,0.0,1.3008745335902814e-08,1.1610610000000001,-0.485941,NRU,401519
11803300,165,6808,1997,0.0,0.0,1.1610610000000001,-0.485941,NRU,401590
11809826,165,6809,1997,0.0,0.0,1.1610610000000001,-0.485941,NRU,401610
11816352,165,6810,1997,0.0,0.0,1.1610610000000001,-0.485941,NRU,401691
11822878,165,6811,1997,0.0,0.0,1.1610610000000001,-0.485941,NRU,401692
11829404,165,6812,1997,0.0,0.0,1.1610610000000001,-0.485941,NRU,401693
11835930,165,6813,1997,0.0,0.0,1.1610610000000001,-0.485941,NRU,401694
11842456,165,6814,1997,0.0,0.0,1.1610610000000001,-0.485941,NRU,401695
11848982,165,6815,1997,0.0,1.4284762394328951e-09,1.1610610000000001,-0.485941,NRU,401699
11855508,165,6816,1997,0.0,0.0,1.1610610000000001,-0.485941,NRU,401700
11862034,165,6817,1997,3.4020756203322694e-08,0.0,1.1610610000000001,-0.485941,NRU,410110
11868560,165,6818,1997,9.13747583238727e-09,0.0,1.1610610000000001,-0.485941,NRU,410121
11875086,165,6819,1997,0.0,0.0,1.1610610000000001,-0.485941,NRU,410122
11881612,165,6820,1997,0.0,0.0,1.1610610000000001,-0.485941,NRU,410129
11888138,165,6821,1997,0.0,0.0,1.1610610000000001,-0.485941,NRU,410130
11894664,165,6822,1997,0.0,0.0,1.1610610000000001,-0.485941,NRU,410140
11901190,165,6823,1997,0.0,0.0,1.1610610000000001,-0.485941,NRU,410210
11907716,165,6824,1997,0.0,0.0,1.1610610000000001,-0.485941,NRU,410221
11914242,165,6825,1997,0.0,0.0,1.1610610000000001,-0.485941,NRU,410229
11920768,165,6826,1997,0.0,0.0,1.1610610000000001,-0.485941,NRU,410310
11927294,165,6827,1997,0.0,0.0,1.1610610000000001,-0.485941,NRU,410320
11933820,165,6828,1997,0.0,0.0,1.1610610000000001,-0.485941,NRU,410390
11940346,165,6829,1997,0.0,0.0,1.1610610000000001,-0.485941,NRU,410410
11946872,165,6830,1997,0.0,0.0,1.1610610000000001,-0.485941,NRU,410421
11953398,165,6831,1997,0.0,0.0,1.1610610000000001,-0.485941,NRU,410422
11959924,165,6832,1997,0.0,0.0,1.1610610000000001,-0.485941,NRU,410429
11966450,165,6833,1997,0.0,0.0,1.1610610000000001,-0.485941,NRU,410431
11972976,165,6834,1997,0.0,0.0,1.1610610000000001,-0.485941,NRU,410439
11979502,165,6835,1997,0.0,0.0,1.1610610000000001,-0.485941,NRU,410511
11986028,165,6836,1997,0.0,0.0,1.1610610000000001,-0.485941,NRU,410512
11992554,165,6837,1997,0.0,0.0,1.1610610000000001,-0.485941,NRU,410519
11999080,165,6838,1997,0.0,0.0,1.1610610000000001,-0.485941,NRU,410520
12005606,165,6839,1997,0.0,0.0,1.1610610000000001,-0.485941,NRU,410611
12012132,165,6840,1997,0.0,0.0,1.1610610000000001,-0.485941,NRU,410612
12018658,165,6841,1997,0.0,0.0,1.1610610000000001,-0.485941,NRU,410619
12025184,165,6842,1997,0.0,0.0,1.1610610000000001,-0.485941,NRU,410620
12031710,165,6843,1997,0.0,0.0,1.1610610000000001,-0.485941,NRU,410710
12038236,165,6844,1997,0.0,0.0,1.1610610000000001,-0.485941,NRU,410721
12044762,165,6845,1997,0.0,0.0,1.1610610000000001,-0.485941,NRU,410729
12051288,165,6846,1997,0.0,0.0,1.1610610000000001,-0.485941,NRU,410790
12057814,165,6847,1997,0.0,0.0,1.1610610000000001,-0.485941,NRU,410800
12064340,165,6848,1997,0.0,0.0,1.1610610000000001,-0.485941,NRU,410900
12070866,165,6849,1997,0.0,0.0,1.1610610000000001,-0.485941,NRU,411000
12077392,165,6850,1997,0.0,0.0,1.1610610000000001,-0.485941,NRU,411100
12083918,165,6851,1997,0.0,0.0,1.1610610000000001,-0.485941,NRU,420100
12090444,165,6852,1997,0.0,5.044410293310595e-10,1.1610610000000001,-0.485941,NRU,420211
12096970,165,6853,1997,0.0,4.859139245087163e-09,1.1610610000000001,-0.485941,NRU,420212
12103496,165,6854,1997,0.0,0.0,1.1610610000000001,-0.485941,NRU,420219
12110022,165,6855,1997,0.0,0.0,1.1610610000000001,-0.485941,NRU,420221
12116548,165,6856,1997,0.0,0.0,1.1610610000000001,-0.485941,NRU,420222
12123074,165,6857,1997,0.0,0.0,1.1610610000000001,-0.485941,NRU,420229
12129600,165,6858,1997,0.0,3.3613935081968495e-09,1.1610610000000001,-0.485941,NRU,420231
12136126,165,6859,1997,0.0,0.0,1.1610610000000001,-0.485941,NRU,420232
12142652,165,6860,1997,0.0,0.0,1.1610610000000001,-0.485941,NRU,420239
12149178,165,6861,1997,0.0,0.0,1.1610610000000001,-0.485941,NRU,420291
12155704,165,6862,1997,0.0,0.0,1.1610610000000001,-0.485941,NRU,420292
12162230,165,6863,1997,0.0,0.0,1.1610610000000001,-0.485941,NRU,420299
12168756,165,6864,1997,0.0,0.0,1.1610610000000001,-0.485941,NRU,420310
12175282,165,6865,1997,0.0,0.0,1.1610610000000001,-0.485941,NRU,420321
12181808,165,6866,1997,0.0,0.0,1.1610610000000001,-0.485941,NRU,420329
12188334,165,6867,1997,0.0,0.0,1.1610610000000001,-0.485941,NRU,420330
12194860,165,6868,1997,0.0,0.0,1.1610610000000001,-0.485941,NRU,420340
12201386,165,6869,1997,0.0,0.0,1.1610610000000001,-0.485941,NRU,420400
12207912,165,6870,1997,0.0,0.0,1.1610610000000001,-0.485941,NRU,420500
12214438,165,6871,1997,0.0,0.0,1.1610610000000001,-0.485941,NRU,420610
12220964,165,6872,1997,0.0,0.0,1.1610610000000001,-0.485941,NRU,420690
12227490,165,6873,1997,0.0,0.0,1.1610610000000001,-0.485941,NRU,430110
12234016,165,6874,1997,0.0,0.0,1.1610610000000001,-0.485941,NRU,430120
12240542,165,6875,1997,0.0,0.0,1.1610610000000001,-0.485941,NRU,430130
12247068,165,6876,1997,0.0,0.0,1.1610610000000001,-0.485941,NRU,430140
12253594,165,6877,1997,0.0,0.0,1.1610610000000001,-0.485941,NRU,430150
12260120,165,6878,1997,0.0,0.0,1.1610610000000001,-0.485941,NRU,430160
12266646,165,6879,1997,0.0,0.0,1.1610610000000001,-0.485941,NRU,430170
12273172,165,6880,1997,0.0,0.0,1.1610610000000001,-0.485941,NRU,430180
12279698,165,6881,1997,0.0,0.0,1.1610610000000001,-0.485941,NRU,430190
12286224,165,6882,1997,0.0,0.0,1.1610610000000001,-0.485941,NRU,430211
12292750,165,6883,1997,0.0,0.0,1.1610610000000001,-0.485941,NRU,430212
12299276,165,6884,1997,0.0,0.0,1.1610610000000001,-0.485941,NRU,430213
12305802,165,6885,1997,0.0,0.0,1.1610610000000001,-0.485941,NRU,430219
12312328,165,6886,1997,0.0,0.0,1.1610610000000001,-0.485941,NRU,430220
12318854,165,6887,1997,0.0,0.0,1.1610610000000001,-0.485941,NRU,430230
12325380,165,6888,1997,0.0,0.0,1.1610610000000001,-0.485941,NRU,430310
12331906,165,6889,1997,0.0,0.0,1.1610610000000001,-0.485941,NRU,430390
12338432,165,6890,1997,0.0,1.0569398439794669e-09,1.1610610000000001,-0.485941,NRU,430400
12344958,165,6891,1997,0.0,3.899309270748958e-09,1.1610610000000001,-0.485941,NRU,440110
12351484,165,6892,1997,0.0,0.0,1.1610610000000001,-0.485941,NRU,440121
12358010,165,6893,1997,0.0,0.0,1.1610610000000001,-0.485941,NRU,440122
12364536,165,6894,1997,0.0,0.0,1.1610610000000001,-0.485941,NRU,440130
12371062,165,6895,1997,0.0,0.0,1.1610610000000001,-0.485941,NRU,440200
12377588,165,6896,1997,0.0,0.0,1.1610610000000001,-0.485941,NRU,440310
12384114,165,6897,1997,0.0,0.0,1.1610610000000001,-0.485941,NRU,440320
12390640,165,6898,1997,0.0,0.0,1.1610610000000001,-0.485941,NRU,440331
12397166,165,6899,1997,0.0,0.0,1.1610610000000001,-0.485941,NRU,440332
12403692,165,6900,1997,0.0,0.0,1.1610610000000001,-0.485941,NRU,440333
12410218,165,6901,1997,0.0,0.0,1.1610610000000001,-0.485941,NRU,440334
12416744,165,6902,1997,0.0,0.0,1.1610610000000001,-0.485941,NRU,440335
12423270,165,6903,1997,0.0,0.0,1.1610610000000001,-0.485941,NRU,440391
12429796,165,6904,1997,0.0,0.0,1.1610610000000001,-0.485941,NRU,440392
12436322,165,6905,1997,0.0,0.0,1.1610610000000001,-0.485941,NRU,440399
12442848,165,6906,1997,0.0,0.0,1.1610610000000001,-0.485941,NRU,440410
12449374,165,6907,1997,0.0,0.0,1.1610610000000001,-0.485941,NRU,440420
12455900,165,6908,1997,0.0,0.0,1.1610610000000001,-0.485941,NRU,440500
12462426,165,6909,1997,0.0,0.0,1.1610610000000001,-0.485941,NRU,440610
12468952,165,6910,1997,0.0,0.0,1.1610610000000001,-0.485941,NRU,440690
12475478,165,6911,1997,2.1915638649495817e-09,5.206348458179948e-08,1.1610610000000001,-0.485941,NRU,440710
12482004,165,6912,1997,0.0,0.0,1.1610610000000001,-0.485941,NRU,440721
12488530,165,6913,1997,0.0,1.5998271015644046e-08,1.1610610000000001,-0.485941,NRU,440722
12495056,165,6914,1997,0.0,0.0,1.1610610000000001,-0.485941,NRU,440723
12501582,165,6915,1997,0.0,0.0,1.1610610000000001,-0.485941,NRU,440791
12508108,165,6916,1997,0.0,0.0,1.1610610000000001,-0.485941,NRU,440792
12514634,165,6917,1997,0.0,0.0,1.1610610000000001,-0.485941,NRU,440799
12521160,165,6918,1997,0.0,0.0,1.1610610000000001,-0.485941,NRU,440810
12527686,165,6919,1997,0.0,0.0,1.1610610000000001,-0.485941,NRU,440820
12534212,165,6920,1997,0.0,0.0,1.1610610000000001,-0.485941,NRU,440890
12540738,165,6921,1997,0.0,0.0,1.1610610000000001,-0.485941,NRU,440910
12547264,165,6922,1997,0.0,0.0,1.1610610000000001,-0.485941,NRU,440920
12553790,165,6923,1997,0.0,0.0,1.1610610000000001,-0.485941,NRU,441010
12560316,165,6924,1997,0.0,0.0,1.1610610000000001,-0.485941,NRU,441090
12566842,165,6925,1997,0.0,0.0,1.1610610000000001,-0.485941,NRU,441111
12573368,165,6926,1997,0.0,0.0,1.1610610000000001,-0.485941,NRU,441119
12579894,165,6927,1997,0.0,0.0,1.1610610000000001,-0.485941,NRU,441121
12586420,165,6928,1997,0.0,0.0,1.1610610000000001,-0.485941,NRU,441129
12592946,165,6929,1997,0.0,0.0,1.1610610000000001,-0.485941,NRU,441131
12599472,165,6930,1997,0.0,0.0,1.1610610000000001,-0.485941,NRU,441139
12605998,165,6931,1997,0.0,0.0,1.1610610000000001,-0.485941,NRU,441191
12612524,165,6932,1997,0.0,0.0,1.1610610000000001,-0.485941,NRU,441199
12619050,165,6933,1997,0.0,0.0,1.1610610000000001,-0.485941,NRU,441211
12625576,165,6934,1997,0.0,0.0,1.1610610000000001,-0.485941,NRU,441212
12632102,165,6935,1997,0.0,6.214368791036376e-09,1.1610610000000001,-0.485941,NRU,441219
12638628,165,6936,1997,0.0,0.0,1.1610610000000001,-0.485941,NRU,441221
12645154,165,6937,1997,0.0,0.0,1.1610610000000001,-0.485941,NRU,441229
12651680,165,6938,1997,0.0,0.0,1.1610610000000001,-0.485941,NRU,441291
12658206,165,6939,1997,0.0,0.0,1.1610610000000001,-0.485941,NRU,441299
12664732,165,6940,1997,0.0,2.606720562213392e-09,1.1610610000000001,-0.485941,NRU,441300
12671258,165,6941,1997,0.0,0.0,1.1610610000000001,-0.485941,NRU,441400
12677784,165,6942,1997,0.0,0.0,1.1610610000000001,-0.485941,NRU,441510
12684310,165,6943,1997,0.0,0.0,1.1610610000000001,-0.485941,NRU,441520
12690836,165,6944,1997,0.0,0.0,1.1610610000000001,-0.485941,NRU,441600
12697362,165,6945,1997,0.0,0.0,1.1610610000000001,-0.485941,NRU,441700
12703888,165,6946,1997,0.0,0.0,1.1610610000000001,-0.485941,NRU,441810
12710414,165,6947,1997,0.0,1.5829240184527858e-09,1.1610610000000001,-0.485941,NRU,441820
12716940,165,6948,1997,0.0,0.0,1.1610610000000001,-0.485941,NRU,441830
12723466,165,6949,1997,0.0,0.0,1.1610610000000001,-0.485941,NRU,441840
12729992,165,6950,1997,0.0,0.0,1.1610610000000001,-0.485941,NRU,441850
12736518,165,6951,1997,0.0,0.0,1.1610610000000001,-0.485941,NRU,441890
12743044,165,6952,1997,0.0,0.0,1.1610610000000001,-0.485941,NRU,441900
12749570,165,6953,1997,0.0,3.4237029126083077e-09,1.1610610000000001,-0.485941,NRU,442010
12756096,165,6954,1997,0.0,0.0,1.1610610000000001,-0.485941,NRU,442090
12762622,165,6955,1997,0.0,5.0033126010392074e-09,1.1610610000000001,-0.485941,NRU,442110
12769148,165,6956,1997,0.0,0.0,1.1610610000000001,-0.485941,NRU,442190
12775674,165,6957,1997,0.0,0.0,1.1610610000000001,-0.485941,NRU,450110
12782200,165,6958,1997,0.0,0.0,1.1610610000000001,-0.485941,NRU,450190
12788726,165,6959,1997,0.0,0.0,1.1610610000000001,-0.485941,NRU,450200
12795252,165,6960,1997,0.0,0.0,1.1610610000000001,-0.485941,NRU,450310
12801778,165,6961,1997,0.0,0.0,1.1610610000000001,-0.485941,NRU,450390
12808304,165,6962,1997,0.0,0.0,1.1610610000000001,-0.485941,NRU,450410
12814830,165,6963,1997,0.0,0.0,1.1610610000000001,-0.485941,NRU,450490
12821356,165,6964,1997,0.0,0.0,1.1610610000000001,-0.485941,NRU,460110
12827882,165,6965,1997,0.0,0.0,1.1610610000000001,-0.485941,NRU,460120
12834408,165,6966,1997,0.0,0.0,1.1610610000000001,-0.485941,NRU,460191
12840934,165,6967,1997,0.0,0.0,1.1610610000000001,-0.485941,NRU,460199
12847460,165,6968,1997,0.0,5.397386440641461e-09,1.1610610000000001,-0.485941,NRU,460210
12853986,165,6969,1997,0.0,0.0,1.1610610000000001,-0.485941,NRU,460290
12860512,165,6970,1997,0.0,0.0,1.1610610000000001,-0.485941,NRU,470100
12867038,165,6971,1997,0.0,0.0,1.1610610000000001,-0.485941,NRU,470200
12873564,165,6972,1997,0.0,0.0,1.1610610000000001,-0.485941,NRU,470311
12880090,165,6973,1997,0.0,0.0,1.1610610000000001,-0.485941,NRU,470319
12886616,165,6974,1997,0.0,0.0,1.1610610000000001,-0.485941,NRU,470321
12893142,165,6975,1997,0.0,0.0,1.1610610000000001,-0.485941,NRU,470329
12899668,165,6976,1997,0.0,0.0,1.1610610000000001,-0.485941,NRU,470411
12906194,165,6977,1997,0.0,0.0,1.1610610000000001,-0.485941,NRU,470419
12912720,165,6978,1997,0.0,0.0,1.1610610000000001,-0.485941,NRU,470421
12919246,165,6979,1997,0.0,0.0,1.1610610000000001,-0.485941,NRU,470429
12925772,165,6980,1997,0.0,0.0,1.1610610000000001,-0.485941,NRU,470500
12932298,165,6981,1997,0.0,0.0,1.1610610000000001,-0.485941,NRU,470610
12938824,165,6982,1997,0.0,0.0,1.1610610000000001,-0.485941,NRU,470691
12945350,165,6983,1997,0.0,0.0,1.1610610000000001,-0.485941,NRU,470692
12951876,165,6984,1997,0.0,0.0,1.1610610000000001,-0.485941,NRU,470693
12958402,165,6985,1997,0.0,0.0,1.1610610000000001,-0.485941,NRU,470710
12964928,165,6986,1997,0.0,0.0,1.1610610000000001,-0.485941,NRU,470720
12971454,165,6987,1997,0.0,0.0,1.1610610000000001,-0.485941,NRU,470730
12977980,165,6988,1997,0.0,0.0,1.1610610000000001,-0.485941,NRU,470790
12984506,165,6989,1997,5.3162090762164003e-08,0.0,1.1610610000000001,-0.485941,NRU,480100
12991032,165,6990,1997,0.0,0.0,1.1610610000000001,-0.485941,NRU,480210
12997558,165,6991,1997,0.0,0.0,1.1610610000000001,-0.485941,NRU,480220
13004084,165,6992,1997,0.0,0.0,1.1610610000000001,-0.485941,NRU,480230
13010610,165,6993,1997,0.0,0.0,1.1610610000000001,-0.485941,NRU,480240
13017136,165,6994,1997,0.0,0.0,1.1610610000000001,-0.485941,NRU,480251
13023662,165,6995,1997,0.0,2.6070519952155805e-09,1.1610610000000001,-0.485941,NRU,480252
13030188,165,6996,1997,0.0,0.0,1.1610610000000001,-0.485941,NRU,480253
13036714,165,6997,1997,0.0,0.0,1.1610610000000001,-0.485941,NRU,480260
13043240,165,6998,1997,0.0,1.4407392605138735e-09,1.1610610000000001,-0.485941,NRU,480300
13049766,165,6999,1997,0.0,0.0,1.1610610000000001,-0.485941,NRU,480411
13056292,165,7000,1997,0.0,0.0,1.1610610000000001,-0.485941,NRU,480419
13062818,165,7001,1997,0.0,0.0,1.1610610000000001,-0.485941,NRU,480421
13069344,165,7002,1997,0.0,0.0,1.1610610000000001,-0.485941,NRU,480429
13075870,165,7003,1997,0.0,0.0,1.1610610000000001,-0.485941,NRU,480431
13082396,165,7004,1997,0.0,0.0,1.1610610000000001,-0.485941,NRU,480439
13088922,165,7005,1997,0.0,0.0,1.1610610000000001,-0.485941,NRU,480441
13095448,165,7006,1997,0.0,0.0,1.1610610000000001,-0.485941,NRU,480442
13101974,165,7007,1997,0.0,0.0,1.1610610000000001,-0.485941,NRU,480449
13108500,165,7008,1997,0.0,0.0,1.1610610000000001,-0.485941,NRU,480451
13115026,165,7009,1997,0.0,0.0,1.1610610000000001,-0.485941,NRU,480452
13121552,165,7010,1997,0.0,0.0,1.1610610000000001,-0.485941,NRU,480459
13128078,165,7011,1997,0.0,0.0,1.1610610000000001,-0.485941,NRU,480510
13134604,165,7012,1997,0.0,0.0,1.1610610000000001,-0.485941,NRU,480521
13141130,165,7013,1997,0.0,0.0,1.1610610000000001,-0.485941,NRU,480522
13147656,165,7014,1997,0.0,0.0,1.1610610000000001,-0.485941,NRU,480523
13154182,165,7015,1997,0.0,0.0,1.1610610000000001,-0.485941,NRU,480529
13160708,165,7016,1997,0.0,0.0,1.1610610000000001,-0.485941,NRU,480530
13167234,165,7017,1997,0.0,0.0,1.1610610000000001,-0.485941,NRU,480540
13173760,165,7018,1997,0.0,0.0,1.1610610000000001,-0.485941,NRU,480550
13180286,165,7019,1997,0.0,0.0,1.1610610000000001,-0.485941,NRU,480560
13186812,165,7020,1997,0.0,0.0,1.1610610000000001,-0.485941,NRU,480570
13193338,165,7021,1997,0.0,0.0,1.1610610000000001,-0.485941,NRU,480580
13199864,165,7022,1997,0.0,0.0,1.1610610000000001,-0.485941,NRU,480610
13206390,165,7023,1997,0.0,0.0,1.1610610000000001,-0.485941,NRU,480620
13212916,165,7024,1997,0.0,0.0,1.1610610000000001,-0.485941,NRU,480630
13219442,165,7025,1997,0.0,0.0,1.1610610000000001,-0.485941,NRU,480640
13225968,165,7026,1997,0.0,0.0,1.1610610000000001,-0.485941,NRU,480710
13232494,165,7027,1997,0.0,0.0,1.1610610000000001,-0.485941,NRU,480791
13239020,165,7028,1997,0.0,0.0,1.1610610000000001,-0.485941,NRU,480799
13245546,165,7029,1997,0.0,0.0,1.1610610000000001,-0.485941,NRU,480810
13252072,165,7030,1997,0.0,0.0,1.1610610000000001,-0.485941,NRU,480820
13258598,165,7031,1997,0.0,0.0,1.1610610000000001,-0.485941,NRU,480830
13265124,165,7032,1997,0.0,0.0,1.1610610000000001,-0.485941,NRU,480890
13271650,165,7033,1997,0.0,0.0,1.1610610000000001,-0.485941,NRU,480910
13278176,165,7034,1997,0.0,0.0,1.1610610000000001,-0.485941,NRU,480920
13284702,165,7035,1997,0.0,5.392414945608632e-10,1.1610610000000001,-0.485941,NRU,480990
13291228,165,7036,1997,0.0,0.0,1.1610610000000001,-0.485941,NRU,481011
13297754,165,7037,1997,0.0,0.0,1.1610610000000001,-0.485941,NRU,481012
13304280,165,7038,1997,0.0,0.0,1.1610610000000001,-0.485941,NRU,481021
13310806,165,7039,1997,0.0,0.0,1.1610610000000001,-0.485941,NRU,481029
13317332,165,7040,1997,0.0,0.0,1.1610610000000001,-0.485941,NRU,481031
13323858,165,7041,1997,0.0,0.0,1.1610610000000001,-0.485941,NRU,481032
13330384,165,7042,1997,0.0,0.0,1.1610610000000001,-0.485941,NRU,481039
13336910,165,7043,1997,0.0,0.0,1.1610610000000001,-0.485941,NRU,481091
13343436,165,7044,1997,0.0,0.0,1.1610610000000001,-0.485941,NRU,481099
13349962,165,7045,1997,0.0,0.0,1.1610610000000001,-0.485941,NRU,481110
13356488,165,7046,1997,0.0,0.0,1.1610610000000001,-0.485941,NRU,481121
13363014,165,7047,1997,0.0,1.032731977499611e-07,1.1610610000000001,-0.485941,NRU,481129
13369540,165,7048,1997,0.0,0.0,1.1610610000000001,-0.485941,NRU,481131
13376066,165,7049,1997,0.0,0.0,1.1610610000000001,-0.485941,NRU,481139
13382592,165,7050,1997,0.0,0.0,1.1610610000000001,-0.485941,NRU,481140
13389118,165,7051,1997,0.0,9.685798055959844e-09,1.1610610000000001,-0.485941,NRU,481190
13395644,165,7052,1997,0.0,0.0,1.1610610000000001,-0.485941,NRU,481200
13402170,165,7053,1997,0.0,0.0,1.1610610000000001,-0.485941,NRU,481310
13408696,165,7054,1997,0.0,0.0,1.1610610000000001,-0.485941,NRU,481320
13415222,165,7055,1997,0.0,0.0,1.1610610000000001,-0.485941,NRU,481390
13421748,165,7056,1997,0.0,0.0,1.1610610000000001,-0.485941,NRU,481410
13428274,165,7057,1997,0.0,0.0,1.1610610000000001,-0.485941,NRU,481420
13434800,165,7058,1997,0.0,0.0,1.1610610000000001,-0.485941,NRU,481430
13441326,165,7059,1997,0.0,0.0,1.1610610000000001,-0.485941,NRU,481490
13447852,165,7060,1997,0.0,0.0,1.1610610000000001,-0.485941,NRU,481500
13454378,165,7061,1997,0.0,0.0,1.1610610000000001,-0.485941,NRU,481610
13460904,165,7062,1997,0.0,0.0,1.1610610000000001,-0.485941,NRU,481620
13467430,165,7063,1997,0.0,0.0,1.1610610000000001,-0.485941,NRU,481630
13473956,165,7064,1997,0.0,0.0,1.1610610000000001,-0.485941,NRU,481690
13480482,165,7065,1997,0.0,3.3461475900961737e-09,1.1610610000000001,-0.485941,NRU,481710
13487008,165,7066,1997,0.0,0.0,1.1610610000000001,-0.485941,NRU,481720
13493534,165,7067,1997,0.0,0.0,1.1610610000000001,-0.485941,NRU,481730
13500060,165,7068,1997,0.0,5.8453181430993626e-08,1.1610610000000001,-0.485941,NRU,481810
13506586,165,7069,1997,0.0,2.8572839118679787e-09,1.1610610000000001,-0.485941,NRU,481820
13513112,165,7070,1997,0.0,0.0,1.1610610000000001,-0.485941,NRU,481830
13519638,165,7071,1997,0.0,6.57788450783684e-08,1.1610610000000001,-0.485941,NRU,481840
13526164,165,7072,1997,0.0,0.0,1.1610610000000001,-0.485941,NRU,481850
13532690,165,7073,1997,0.0,0.0,1.1610610000000001,-0.485941,NRU,481890
13539216,165,7074,1997,0.0,5.4613530100638616e-09,1.1610610000000001,-0.485941,NRU,481910
13545742,165,7075,1997,0.0,0.0,1.1610610000000001,-0.485941,NRU,481920
13552268,165,7076,1997,0.0,0.0,1.1610610000000001,-0.485941,NRU,481930
13558794,165,7077,1997,0.0,0.0,1.1610610000000001,-0.485941,NRU,481940
13565320,165,7078,1997,0.0,0.0,1.1610610000000001,-0.485941,NRU,481950
13571846,165,7079,1997,0.0,0.0,1.1610610000000001,-0.485941,NRU,481960
13578372,165,7080,1997,0.0,0.0,1.1610610000000001,-0.485941,NRU,482010
13584898,165,7081,1997,0.0,0.0,1.1610610000000001,-0.485941,NRU,482020
13591424,165,7082,1997,0.0,0.0,1.1610610000000001,-0.485941,NRU,482030
13597950,165,7083,1997,0.0,0.0,1.1610610000000001,-0.485941,NRU,482040
13604476,165,7084,1997,0.0,0.0,1.1610610000000001,-0.485941,NRU,482050
13611002,165,7085,1997,0.0,5.654247017337631e-10,1.1610610000000001,-0.485941,NRU,482090
13617528,165,7086,1997,0.0,0.0,1.1610610000000001,-0.485941,NRU,482110
13624054,165,7087,1997,0.0,0.0,1.1610610000000001,-0.485941,NRU,482190
13630580,165,7088,1997,0.0,0.0,1.1610610000000001,-0.485941,NRU,482210
13637106,165,7089,1997,0.0,0.0,1.1610610000000001,-0.485941,NRU,482290
13643632,165,7090,1997,0.0,0.0,1.1610610000000001,-0.485941,NRU,482311
13650158,165,7091,1997,0.0,0.0,1.1610610000000001,-0.485941,NRU,482319
13656684,165,7092,1997,0.0,0.0,1.1610610000000001,-0.485941,NRU,482320
13663210,165,7093,1997,0.0,0.0,1.1610610000000001,-0.485941,NRU,482330
13669736,165,7094,1997,0.0,0.0,1.1610610000000001,-0.485941,NRU,482340
13676262,165,7095,1997,0.0,0.0,1.1610610000000001,-0.485941,NRU,482351
13682788,165,7096,1997,0.0,0.0,1.1610610000000001,-0.485941,NRU,482359
13689314,165,7097,1997,0.0,1.336669297826651e-09,1.1610610000000001,-0.485941,NRU,482360
13695840,165,7098,1997,0.0,0.0,1.1610610000000001,-0.485941,NRU,482370
13702366,165,7099,1997,0.0,0.0,1.1610610000000001,-0.485941,NRU,482390
13708892,165,7100,1997,5.595881959369327e-09,0.0,1.1610610000000001,-0.485941,NRU,490110
13715418,165,7101,1997,0.0,0.0,1.1610610000000001,-0.485941,NRU,490191
13721944,165,7102,1997,0.0,1.7400895480906232e-08,1.1610610000000001,-0.485941,NRU,490199
13728470,165,7103,1997,0.0,0.0,1.1610610000000001,-0.485941,NRU,490210
13734996,165,7104,1997,0.0,0.0,1.1610610000000001,-0.485941,NRU,490290
13741522,165,7105,1997,0.0,0.0,1.1610610000000001,-0.485941,NRU,490300
13748048,165,7106,1997,0.0,0.0,1.1610610000000001,-0.485941,NRU,490400
13754574,165,7107,1997,0.0,0.0,1.1610610000000001,-0.485941,NRU,490510
13761100,165,7108,1997,0.0,0.0,1.1610610000000001,-0.485941,NRU,490591
13767626,165,7109,1997,0.0,0.0,1.1610610000000001,-0.485941,NRU,490599
13774152,165,7110,1997,0.0,0.0,1.1610610000000001,-0.485941,NRU,490600
13780678,165,7111,1997,0.0,6.3416390638768015e-09,1.1610610000000001,-0.485941,NRU,490700
13787204,165,7112,1997,0.0,0.0,1.1610610000000001,-0.485941,NRU,490810
13793730,165,7113,1997,0.0,0.0,1.1610610000000001,-0.485941,NRU,490890
13800256,165,7114,1997,2.4552060887474434e-09,0.0,1.1610610000000001,-0.485941,NRU,490900
13806782,165,7115,1997,0.0,0.0,1.1610610000000001,-0.485941,NRU,491000
13813308,165,7116,1997,0.0,0.0,1.1610610000000001,-0.485941,NRU,491110
13819834,165,7117,1997,0.0,0.0,1.1610610000000001,-0.485941,NRU,491191
13826360,165,7118,1997,0.0,1.3482694529032521e-09,1.1610610000000001,-0.485941,NRU,491199
13832886,165,7119,1997,0.0,0.0,1.1610610000000001,-0.485941,NRU,500100
13839412,165,7120,1997,0.0,0.0,1.1610610000000001,-0.485941,NRU,500200
13845938,165,7121,1997,0.0,0.0,1.1610610000000001,-0.485941,NRU,500310
13852464,165,7122,1997,0.0,0.0,1.1610610000000001,-0.485941,NRU,500390
13858990,165,7123,1997,0.0,0.0,1.1610610000000001,-0.485941,NRU,500400
13865516,165,7124,1997,0.0,0.0,1.1610610000000001,-0.485941,NRU,500500
13872042,165,7125,1997,0.0,0.0,1.1610610000000001,-0.485941,NRU,500600
13878568,165,7126,1997,0.0,0.0,1.1610610000000001,-0.485941,NRU,500710
13885094,165,7127,1997,0.0,0.0,1.1610610000000001,-0.485941,NRU,500720
13891620,165,7128,1997,0.0,0.0,1.1610610000000001,-0.485941,NRU,500790
13898146,165,7129,1997,0.0,0.0,1.1610610000000001,-0.485941,NRU,510111
13904672,165,7130,1997,0.0,0.0,1.1610610000000001,-0.485941,NRU,510119
13911198,165,7131,1997,0.0,0.0,1.1610610000000001,-0.485941,NRU,510121
13917724,165,7132,1997,0.0,0.0,1.1610610000000001,-0.485941,NRU,510129
13924250,165,7133,1997,0.0,0.0,1.1610610000000001,-0.485941,NRU,510130
13930776,165,7134,1997,0.0,0.0,1.1610610000000001,-0.485941,NRU,510210
13937302,165,7135,1997,0.0,0.0,1.1610610000000001,-0.485941,NRU,510220
13943828,165,7136,1997,0.0,0.0,1.1610610000000001,-0.485941,NRU,510310
13950354,165,7137,1997,0.0,0.0,1.1610610000000001,-0.485941,NRU,510320
13956880,165,7138,1997,0.0,0.0,1.1610610000000001,-0.485941,NRU,510330
13963406,165,7139,1997,0.0,0.0,1.1610610000000001,-0.485941,NRU,510400
13969932,165,7140,1997,0.0,0.0,1.1610610000000001,-0.485941,NRU,510510
13976458,165,7141,1997,0.0,0.0,1.1610610000000001,-0.485941,NRU,510521
13982984,165,7142,1997,0.0,0.0,1.1610610000000001,-0.485941,NRU,510529
13989510,165,7143,1997,0.0,0.0,1.1610610000000001,-0.485941,NRU,510530
13996036,165,7144,1997,0.0,0.0,1.1610610000000001,-0.485941,NRU,510540
14002562,165,7145,1997,0.0,0.0,1.1610610000000001,-0.485941,NRU,510610
14009088,165,7146,1997,0.0,0.0,1.1610610000000001,-0.485941,NRU,510620
14015614,165,7147,1997,0.0,0.0,1.1610610000000001,-0.485941,NRU,510710
14022140,165,7148,1997,0.0,0.0,1.1610610000000001,-0.485941,NRU,510720
14028666,165,7149,1997,0.0,0.0,1.1610610000000001,-0.485941,NRU,510810
14035192,165,7150,1997,0.0,0.0,1.1610610000000001,-0.485941,NRU,510820
14041718,165,7151,1997,0.0,0.0,1.1610610000000001,-0.485941,NRU,510910
14048244,165,7152,1997,0.0,0.0,1.1610610000000001,-0.485941,NRU,510990
14054770,165,7153,1997,0.0,0.0,1.1610610000000001,-0.485941,NRU,511000
14061296,165,7154,1997,0.0,0.0,1.1610610000000001,-0.485941,NRU,511111
14067822,165,7155,1997,0.0,0.0,1.1610610000000001,-0.485941,NRU,511119
14074348,165,7156,1997,0.0,0.0,1.1610610000000001,-0.485941,NRU,511120
14080874,165,7157,1997,0.0,0.0,1.1610610000000001,-0.485941,NRU,511130
14087400,165,7158,1997,0.0,0.0,1.1610610000000001,-0.485941,NRU,511190
14093926,165,7159,1997,0.0,0.0,1.1610610000000001,-0.485941,NRU,511211
14100452,165,7160,1997,0.0,0.0,1.1610610000000001,-0.485941,NRU,511219
14106978,165,7161,1997,0.0,0.0,1.1610610000000001,-0.485941,NRU,511220
14113504,165,7162,1997,0.0,0.0,1.1610610000000001,-0.485941,NRU,511230
14120030,165,7163,1997,0.0,0.0,1.1610610000000001,-0.485941,NRU,511290
14126556,165,7164,1997,0.0,0.0,1.1610610000000001,-0.485941,NRU,511300
14133082,165,7165,1997,0.0,0.0,1.1610610000000001,-0.485941,NRU,520100
14139608,165,7166,1997,0.0,0.0,1.1610610000000001,-0.485941,NRU,520210
14146134,165,7167,1997,0.0,0.0,1.1610610000000001,-0.485941,NRU,520291
14152660,165,7168,1997,0.0,0.0,1.1610610000000001,-0.485941,NRU,520299
14159186,165,7169,1997,0.0,0.0,1.1610610000000001,-0.485941,NRU,520300
14165712,165,7170,1997,0.0,0.0,1.1610610000000001,-0.485941,NRU,520411
14172238,165,7171,1997,0.0,0.0,1.1610610000000001,-0.485941,NRU,520419
14178764,165,7172,1997,0.0,0.0,1.1610610000000001,-0.485941,NRU,520420
14185290,165,7173,1997,0.0,0.0,1.1610610000000001,-0.485941,NRU,520511
14191816,165,7174,1997,0.0,0.0,1.1610610000000001,-0.485941,NRU,520512
14198342,165,7175,1997,0.0,0.0,1.1610610000000001,-0.485941,NRU,520513
14204868,165,7176,1997,0.0,0.0,1.1610610000000001,-0.485941,NRU,520514
14211394,165,7177,1997,0.0,0.0,1.1610610000000001,-0.485941,NRU,520515
14217920,165,7178,1997,0.0,2.2797619055543313e-08,1.1610610000000001,-0.485941,NRU,520521
14224446,165,7179,1997,0.0,0.0,1.1610610000000001,-0.485941,NRU,520522
14230972,165,7180,1997,0.0,0.0,1.1610610000000001,-0.485941,NRU,520523
14237498,165,7181,1997,0.0,0.0,1.1610610000000001,-0.485941,NRU,520524
14244024,165,7182,1997,0.0,0.0,1.1610610000000001,-0.485941,NRU,520525
14250550,165,7183,1997,0.0,0.0,1.1610610000000001,-0.485941,NRU,520531
14257076,165,7184,1997,0.0,0.0,1.1610610000000001,-0.485941,NRU,520532
14263602,165,7185,1997,0.0,0.0,1.1610610000000001,-0.485941,NRU,520533
14270128,165,7186,1997,0.0,0.0,1.1610610000000001,-0.485941,NRU,520534
14276654,165,7187,1997,0.0,0.0,1.1610610000000001,-0.485941,NRU,520535
14283180,165,7188,1997,0.0,0.0,1.1610610000000001,-0.485941,NRU,520541
14289706,165,7189,1997,0.0,0.0,1.1610610000000001,-0.485941,NRU,520542
14296232,165,7190,1997,0.0,0.0,1.1610610000000001,-0.485941,NRU,520543
14302758,165,7191,1997,0.0,0.0,1.1610610000000001,-0.485941,NRU,520544
14309284,165,7192,1997,0.0,0.0,1.1610610000000001,-0.485941,NRU,520545
14315810,165,7193,1997,0.0,0.0,1.1610610000000001,-0.485941,NRU,520611
14322336,165,7194,1997,0.0,0.0,1.1610610000000001,-0.485941,NRU,520612
14328862,165,7195,1997,0.0,0.0,1.1610610000000001,-0.485941,NRU,520613
14335388,165,7196,1997,0.0,0.0,1.1610610000000001,-0.485941,NRU,520614
14341914,165,7197,1997,0.0,0.0,1.1610610000000001,-0.485941,NRU,520615
14348440,165,7198,1997,0.0,0.0,1.1610610000000001,-0.485941,NRU,520621
14354966,165,7199,1997,0.0,0.0,1.1610610000000001,-0.485941,NRU,520622
14361492,165,7200,1997,0.0,0.0,1.1610610000000001,-0.485941,NRU,520623
14368018,165,7201,1997,0.0,0.0,1.1610610000000001,-0.485941,NRU,520624
14374544,165,7202,1997,0.0,0.0,1.1610610000000001,-0.485941,NRU,520625
14381070,165,7203,1997,0.0,0.0,1.1610610000000001,-0.485941,NRU,520631
14387596,165,7204,1997,0.0,0.0,1.1610610000000001,-0.485941,NRU,520632
14394122,165,7205,1997,0.0,0.0,1.1610610000000001,-0.485941,NRU,520633
14400648,165,7206,1997,0.0,0.0,1.1610610000000001,-0.485941,NRU,520634
14407174,165,7207,1997,0.0,0.0,1.1610610000000001,-0.485941,NRU,520635
14413700,165,7208,1997,0.0,0.0,1.1610610000000001,-0.485941,NRU,520641
14420226,165,7209,1997,0.0,0.0,1.1610610000000001,-0.485941,NRU,520642
14426752,165,7210,1997,0.0,0.0,1.1610610000000001,-0.485941,NRU,520643
14433278,165,7211,1997,0.0,0.0,1.1610610000000001,-0.485941,NRU,520644
14439804,165,7212,1997,0.0,0.0,1.1610610000000001,-0.485941,NRU,520645
14446330,165,7213,1997,0.0,0.0,1.1610610000000001,-0.485941,NRU,520710
14452856,165,7214,1997,0.0,0.0,1.1610610000000001,-0.485941,NRU,520790
14459382,165,7215,1997,0.0,0.0,1.1610610000000001,-0.485941,NRU,520811
14465908,165,7216,1997,0.0,0.0,1.1610610000000001,-0.485941,NRU,520812
14472434,165,7217,1997,0.0,0.0,1.1610610000000001,-0.485941,NRU,520813
14478960,165,7218,1997,0.0,0.0,1.1610610000000001,-0.485941,NRU,520819
14485486,165,7219,1997,0.0,0.0,1.1610610000000001,-0.485941,NRU,520821
14492012,165,7220,1997,0.0,7.338258101457942e-09,1.1610610000000001,-0.485941,NRU,520822
14498538,165,7221,1997,0.0,0.0,1.1610610000000001,-0.485941,NRU,520823
14505064,165,7222,1997,0.0,0.0,1.1610610000000001,-0.485941,NRU,520829
14511590,165,7223,1997,0.0,0.0,1.1610610000000001,-0.485941,NRU,520831
14518116,165,7224,1997,0.0,2.0566080651807426e-08,1.1610610000000001,-0.485941,NRU,520832
14524642,165,7225,1997,0.0,0.0,1.1610610000000001,-0.485941,NRU,520833
14531168,165,7226,1997,0.0,0.0,1.1610610000000001,-0.485941,NRU,520839
14537694,165,7227,1997,0.0,0.0,1.1610610000000001,-0.485941,NRU,520841
14544220,165,7228,1997,0.0,0.0,1.1610610000000001,-0.485941,NRU,520842
14550746,165,7229,1997,0.0,0.0,1.1610610000000001,-0.485941,NRU,520843
14557272,165,7230,1997,0.0,0.0,1.1610610000000001,-0.485941,NRU,520849
14563798,165,7231,1997,0.0,0.0,1.1610610000000001,-0.485941,NRU,520851
14570324,165,7232,1997,0.0,3.1731395629537207e-09,1.1610610000000001,-0.485941,NRU,520852
14576850,165,7233,1997,0.0,0.0,1.1610610000000001,-0.485941,NRU,520853
14583376,165,7234,1997,0.0,0.0,1.1610610000000001,-0.485941,NRU,520859
14589902,165,7235,1997,0.0,0.0,1.1610610000000001,-0.485941,NRU,520911
14596428,165,7236,1997,0.0,0.0,1.1610610000000001,-0.485941,NRU,520912
14602954,165,7237,1997,0.0,0.0,1.1610610000000001,-0.485941,NRU,520919
14609480,165,7238,1997,0.0,0.0,1.1610610000000001,-0.485941,NRU,520921
14616006,165,7239,1997,0.0,0.0,1.1610610000000001,-0.485941,NRU,520922
14622532,165,7240,1997,0.0,0.0,1.1610610000000001,-0.485941,NRU,520929
14629058,165,7241,1997,0.0,0.0,1.1610610000000001,-0.485941,NRU,520931
14635584,165,7242,1997,0.0,0.0,1.1610610000000001,-0.485941,NRU,520932
14642110,165,7243,1997,0.0,0.0,1.1610610000000001,-0.485941,NRU,520939
14648636,165,7244,1997,0.0,0.0,1.1610610000000001,-0.485941,NRU,520941
14655162,165,7245,1997,0.0,3.143144876255652e-08,1.1610610000000001,-0.485941,NRU,520942
14661688,165,7246,1997,0.0,0.0,1.1610610000000001,-0.485941,NRU,520943
14668214,165,7247,1997,0.0,0.0,1.1610610000000001,-0.485941,NRU,520949
14674740,165,7248,1997,0.0,0.0,1.1610610000000001,-0.485941,NRU,520951
14681266,165,7249,1997,0.0,0.0,1.1610610000000001,-0.485941,NRU,520952
14687792,165,7250,1997,0.0,0.0,1.1610610000000001,-0.485941,NRU,520959
14694318,165,7251,1997,0.0,0.0,1.1610610000000001,-0.485941,NRU,521011
14700844,165,7252,1997,0.0,0.0,1.1610610000000001,-0.485941,NRU,521012
14707370,165,7253,1997,0.0,0.0,1.1610610000000001,-0.485941,NRU,521019
14713896,165,7254,1997,0.0,0.0,1.1610610000000001,-0.485941,NRU,521021
14720422,165,7255,1997,0.0,0.0,1.1610610000000001,-0.485941,NRU,521022
14726948,165,7256,1997,0.0,0.0,1.1610610000000001,-0.485941,NRU,521029
14733474,165,7257,1997,0.0,0.0,1.1610610000000001,-0.485941,NRU,521031
14740000,165,7258,1997,0.0,0.0,1.1610610000000001,-0.485941,NRU,521032
14746526,165,7259,1997,0.0,0.0,1.1610610000000001,-0.485941,NRU,521039
14753052,165,7260,1997,0.0,0.0,1.1610610000000001,-0.485941,NRU,521041
14759578,165,7261,1997,0.0,0.0,1.1610610000000001,-0.485941,NRU,521042
14766104,165,7262,1997,0.0,0.0,1.1610610000000001,-0.485941,NRU,521049
14772630,165,7263,1997,0.0,0.0,1.1610610000000001,-0.485941,NRU,521051
14779156,165,7264,1997,0.0,0.0,1.1610610000000001,-0.485941,NRU,521052
14785682,165,7265,1997,0.0,0.0,1.1610610000000001,-0.485941,NRU,521059
14792208,165,7266,1997,0.0,0.0,1.1610610000000001,-0.485941,NRU,521111
14798734,165,7267,1997,0.0,0.0,1.1610610000000001,-0.485941,NRU,521112
14805260,165,7268,1997,0.0,0.0,1.1610610000000001,-0.485941,NRU,521119
14811786,165,7269,1997,0.0,0.0,1.1610610000000001,-0.485941,NRU,521121
14818312,165,7270,1997,0.0,0.0,1.1610610000000001,-0.485941,NRU,521122
14824838,165,7271,1997,0.0,0.0,1.1610610000000001,-0.485941,NRU,521129
14831364,165,7272,1997,0.0,0.0,1.1610610000000001,-0.485941,NRU,521131
14837890,165,7273,1997,0.0,0.0,1.1610610000000001,-0.485941,NRU,521132
14844416,165,7274,1997,0.0,0.0,1.1610610000000001,-0.485941,NRU,521139
14850942,165,7275,1997,0.0,0.0,1.1610610000000001,-0.485941,NRU,521141
14857468,165,7276,1997,0.0,0.0,1.1610610000000001,-0.485941,NRU,521142
14863994,165,7277,1997,0.0,0.0,1.1610610000000001,-0.485941,NRU,521143
14870520,165,7278,1997,0.0,0.0,1.1610610000000001,-0.485941,NRU,521149
14877046,165,7279,1997,0.0,0.0,1.1610610000000001,-0.485941,NRU,521151
14883572,165,7280,1997,0.0,0.0,1.1610610000000001,-0.485941,NRU,521152
14890098,165,7281,1997,0.0,0.0,1.1610610000000001,-0.485941,NRU,521159
14896624,165,7282,1997,0.0,0.0,1.1610610000000001,-0.485941,NRU,521211
14903150,165,7283,1997,0.0,0.0,1.1610610000000001,-0.485941,NRU,521212
14909676,165,7284,1997,0.0,0.0,1.1610610000000001,-0.485941,NRU,521213
14916202,165,7285,1997,0.0,0.0,1.1610610000000001,-0.485941,NRU,521214
14922728,165,7286,1997,0.0,0.0,1.1610610000000001,-0.485941,NRU,521215
14929254,165,7287,1997,0.0,0.0,1.1610610000000001,-0.485941,NRU,521221
14935780,165,7288,1997,0.0,0.0,1.1610610000000001,-0.485941,NRU,521222
14942306,165,7289,1997,0.0,0.0,1.1610610000000001,-0.485941,NRU,521223
14948832,165,7290,1997,0.0,0.0,1.1610610000000001,-0.485941,NRU,521224
14955358,165,7291,1997,0.0,0.0,1.1610610000000001,-0.485941,NRU,521225
14961884,165,7292,1997,0.0,0.0,1.1610610000000001,-0.485941,NRU,530110
14968410,165,7293,1997,0.0,0.0,1.1610610000000001,-0.485941,NRU,530121
14974936,165,7294,1997,0.0,0.0,1.1610610000000001,-0.485941,NRU,530129
14981462,165,7295,1997,0.0,0.0,1.1610610000000001,-0.485941,NRU,530130
14987988,165,7296,1997,0.0,0.0,1.1610610000000001,-0.485941,NRU,530210
14994514,165,7297,1997,0.0,0.0,1.1610610000000001,-0.485941,NRU,530290
15001040,165,7298,1997,0.0,0.0,1.1610610000000001,-0.485941,NRU,530310
15007566,165,7299,1997,0.0,0.0,1.1610610000000001,-0.485941,NRU,530390
15014092,165,7300,1997,0.0,0.0,1.1610610000000001,-0.485941,NRU,530410
15020618,165,7301,1997,0.0,0.0,1.1610610000000001,-0.485941,NRU,530490
15027144,165,7302,1997,0.0,0.0,1.1610610000000001,-0.485941,NRU,530511
15033670,165,7303,1997,0.0,0.0,1.1610610000000001,-0.485941,NRU,530519
15040196,165,7304,1997,0.0,0.0,1.1610610000000001,-0.485941,NRU,530521
15046722,165,7305,1997,0.0,0.0,1.1610610000000001,-0.485941,NRU,530529
15053248,165,7306,1997,0.0,0.0,1.1610610000000001,-0.485941,NRU,530591
15059774,165,7307,1997,0.0,0.0,1.1610610000000001,-0.485941,NRU,530599
15066300,165,7308,1997,0.0,0.0,1.1610610000000001,-0.485941,NRU,530610
15072826,165,7309,1997,0.0,0.0,1.1610610000000001,-0.485941,NRU,530620
15079352,165,7310,1997,0.0,0.0,1.1610610000000001,-0.485941,NRU,530710
15085878,165,7311,1997,0.0,0.0,1.1610610000000001,-0.485941,NRU,530720
15092404,165,7312,1997,0.0,0.0,1.1610610000000001,-0.485941,NRU,530810
15098930,165,7313,1997,0.0,0.0,1.1610610000000001,-0.485941,NRU,530820
15105456,165,7314,1997,0.0,0.0,1.1610610000000001,-0.485941,NRU,530830
15111982,165,7315,1997,0.0,0.0,1.1610610000000001,-0.485941,NRU,530890
15118508,165,7316,1997,0.0,0.0,1.1610610000000001,-0.485941,NRU,530911
15125034,165,7317,1997,0.0,0.0,1.1610610000000001,-0.485941,NRU,530919
15131560,165,7318,1997,0.0,0.0,1.1610610000000001,-0.485941,NRU,530921
15138086,165,7319,1997,0.0,0.0,1.1610610000000001,-0.485941,NRU,530929
15144612,165,7320,1997,0.0,0.0,1.1610610000000001,-0.485941,NRU,531010
15151138,165,7321,1997,0.0,0.0,1.1610610000000001,-0.485941,NRU,531090
15157664,165,7322,1997,0.0,0.0,1.1610610000000001,-0.485941,NRU,531100
15164190,165,7323,1997,0.0,0.0,1.1610610000000001,-0.485941,NRU,540110
15170716,165,7324,1997,0.0,0.0,1.1610610000000001,-0.485941,NRU,540120
15177242,165,7325,1997,0.0,0.0,1.1610610000000001,-0.485941,NRU,540210
15183768,165,7326,1997,0.0,0.0,1.1610610000000001,-0.485941,NRU,540220
15190294,165,7327,1997,0.0,0.0,1.1610610000000001,-0.485941,NRU,540231
15196820,165,7328,1997,0.0,0.0,1.1610610000000001,-0.485941,NRU,540232
15203346,165,7329,1997,0.0,0.0,1.1610610000000001,-0.485941,NRU,540233
15209872,165,7330,1997,0.0,0.0,1.1610610000000001,-0.485941,NRU,540239
15216398,165,7331,1997,0.0,0.0,1.1610610000000001,-0.485941,NRU,540241
15222924,165,7332,1997,0.0,0.0,1.1610610000000001,-0.485941,NRU,540242
15229450,165,7333,1997,0.0,0.0,1.1610610000000001,-0.485941,NRU,540243
15235976,165,7334,1997,0.0,0.0,1.1610610000000001,-0.485941,NRU,540249
15242502,165,7335,1997,0.0,0.0,1.1610610000000001,-0.485941,NRU,540251
15249028,165,7336,1997,0.0,0.0,1.1610610000000001,-0.485941,NRU,540252
15255554,165,7337,1997,0.0,0.0,1.1610610000000001,-0.485941,NRU,540259
15262080,165,7338,1997,0.0,0.0,1.1610610000000001,-0.485941,NRU,540261
15268606,165,7339,1997,0.0,0.0,1.1610610000000001,-0.485941,NRU,540262
15275132,165,7340,1997,0.0,0.0,1.1610610000000001,-0.485941,NRU,540269
15281658,165,7341,1997,0.0,0.0,1.1610610000000001,-0.485941,NRU,540310
15288184,165,7342,1997,0.0,0.0,1.1610610000000001,-0.485941,NRU,540320
15294710,165,7343,1997,0.0,0.0,1.1610610000000001,-0.485941,NRU,540331
15301236,165,7344,1997,0.0,0.0,1.1610610000000001,-0.485941,NRU,540332
15307762,165,7345,1997,0.0,0.0,1.1610610000000001,-0.485941,NRU,540333
15314288,165,7346,1997,0.0,0.0,1.1610610000000001,-0.485941,NRU,540339
15320814,165,7347,1997,0.0,0.0,1.1610610000000001,-0.485941,NRU,540341
15327340,165,7348,1997,0.0,0.0,1.1610610000000001,-0.485941,NRU,540342
15333866,165,7349,1997,0.0,0.0,1.1610610000000001,-0.485941,NRU,540349
15340392,165,7350,1997,0.0,0.0,1.1610610000000001,-0.485941,NRU,540410
15346918,165,7351,1997,0.0,0.0,1.1610610000000001,-0.485941,NRU,540490
15353444,165,7352,1997,0.0,0.0,1.1610610000000001,-0.485941,NRU,540500
15359970,165,7353,1997,0.0,0.0,1.1610610000000001,-0.485941,NRU,540610
15366496,165,7354,1997,0.0,0.0,1.1610610000000001,-0.485941,NRU,540620
15373022,165,7355,1997,0.0,0.0,1.1610610000000001,-0.485941,NRU,540710
15379548,165,7356,1997,0.0,0.0,1.1610610000000001,-0.485941,NRU,540720
15386074,165,7357,1997,0.0,0.0,1.1610610000000001,-0.485941,NRU,540730
15392600,165,7358,1997,0.0,0.0,1.1610610000000001,-0.485941,NRU,540741
15399126,165,7359,1997,0.0,0.0,1.1610610000000001,-0.485941,NRU,540742
15405652,165,7360,1997,0.0,0.0,1.1610610000000001,-0.485941,NRU,540743
15412178,165,7361,1997,0.0,0.0,1.1610610000000001,-0.485941,NRU,540744
15418704,165,7362,1997,0.0,0.0,1.1610610000000001,-0.485941,NRU,540751
15425230,165,7363,1997,0.0,0.0,1.1610610000000001,-0.485941,NRU,540752
15431756,165,7364,1997,0.0,0.0,1.1610610000000001,-0.485941,NRU,540753
15438282,165,7365,1997,0.0,0.0,1.1610610000000001,-0.485941,NRU,540754
15444808,165,7366,1997,0.0,6.47288653274349e-10,1.1610610000000001,-0.485941,NRU,540760
15451334,165,7367,1997,0.0,0.0,1.1610610000000001,-0.485941,NRU,540771
15457860,165,7368,1997,0.0,0.0,1.1610610000000001,-0.485941,NRU,540772
15464386,165,7369,1997,0.0,0.0,1.1610610000000001,-0.485941,NRU,540773
15470912,165,7370,1997,0.0,0.0,1.1610610000000001,-0.485941,NRU,540774
15477438,165,7371,1997,0.0,1.3386578958397825e-09,1.1610610000000001,-0.485941,NRU,540781
15483964,165,7372,1997,0.0,0.0,1.1610610000000001,-0.485941,NRU,540782
15490490,165,7373,1997,0.0,0.0,1.1610610000000001,-0.485941,NRU,540783
15497016,165,7374,1997,0.0,0.0,1.1610610000000001,-0.485941,NRU,540784
15503542,165,7375,1997,0.0,0.0,1.1610610000000001,-0.485941,NRU,540791
15510068,165,7376,1997,0.0,3.8413084953659523e-10,1.1610610000000001,-0.485941,NRU,540792
15516594,165,7377,1997,0.0,0.0,1.1610610000000001,-0.485941,NRU,540793
15523120,165,7378,1997,0.0,0.0,1.1610610000000001,-0.485941,NRU,540794
15529646,165,7379,1997,0.0,0.0,1.1610610000000001,-0.485941,NRU,540810
15536172,165,7380,1997,0.0,0.0,1.1610610000000001,-0.485941,NRU,540821
15542698,165,7381,1997,0.0,0.0,1.1610610000000001,-0.485941,NRU,540822
15549224,165,7382,1997,0.0,0.0,1.1610610000000001,-0.485941,NRU,540823
15555750,165,7383,1997,0.0,0.0,1.1610610000000001,-0.485941,NRU,540824
15562276,165,7384,1997,0.0,0.0,1.1610610000000001,-0.485941,NRU,540831
15568802,165,7385,1997,0.0,0.0,1.1610610000000001,-0.485941,NRU,540832
15575328,165,7386,1997,0.0,0.0,1.1610610000000001,-0.485941,NRU,540833
15581854,165,7387,1997,0.0,0.0,1.1610610000000001,-0.485941,NRU,540834
15588380,165,7388,1997,0.0,0.0,1.1610610000000001,-0.485941,NRU,550110
15594906,165,7389,1997,0.0,0.0,1.1610610000000001,-0.485941,NRU,550120
15601432,165,7390,1997,0.0,0.0,1.1610610000000001,-0.485941,NRU,550130
15607958,165,7391,1997,0.0,0.0,1.1610610000000001,-0.485941,NRU,550190
15614484,165,7392,1997,0.0,0.0,1.1610610000000001,-0.485941,NRU,550200
15621010,165,7393,1997,0.0,0.0,1.1610610000000001,-0.485941,NRU,550310
15627536,165,7394,1997,0.0,0.0,1.1610610000000001,-0.485941,NRU,550320
15634062,165,7395,1997,0.0,0.0,1.1610610000000001,-0.485941,NRU,550330
15640588,165,7396,1997,0.0,0.0,1.1610610000000001,-0.485941,NRU,550340
15647114,165,7397,1997,0.0,0.0,1.1610610000000001,-0.485941,NRU,550390
15653640,165,7398,1997,0.0,0.0,1.1610610000000001,-0.485941,NRU,550410
15660166,165,7399,1997,0.0,0.0,1.1610610000000001,-0.485941,NRU,550490
15666692,165,7400,1997,0.0,0.0,1.1610610000000001,-0.485941,NRU,550510
15673218,165,7401,1997,0.0,0.0,1.1610610000000001,-0.485941,NRU,550520
15679744,165,7402,1997,0.0,0.0,1.1610610000000001,-0.485941,NRU,550610
15686270,165,7403,1997,0.0,0.0,1.1610610000000001,-0.485941,NRU,550620
15692796,165,7404,1997,0.0,0.0,1.1610610000000001,-0.485941,NRU,550630
15699322,165,7405,1997,0.0,0.0,1.1610610000000001,-0.485941,NRU,550690
15705848,165,7406,1997,0.0,0.0,1.1610610000000001,-0.485941,NRU,550700
15712374,165,7407,1997,0.0,0.0,1.1610610000000001,-0.485941,NRU,550810
15718900,165,7408,1997,0.0,0.0,1.1610610000000001,-0.485941,NRU,550820
15725426,165,7409,1997,0.0,0.0,1.1610610000000001,-0.485941,NRU,550911
15731952,165,7410,1997,0.0,0.0,1.1610610000000001,-0.485941,NRU,550912
15738478,165,7411,1997,0.0,0.0,1.1610610000000001,-0.485941,NRU,550921
15745004,165,7412,1997,0.0,0.0,1.1610610000000001,-0.485941,NRU,550922
15751530,165,7413,1997,0.0,0.0,1.1610610000000001,-0.485941,NRU,550931
15758056,165,7414,1997,0.0,0.0,1.1610610000000001,-0.485941,NRU,550932
15764582,165,7415,1997,0.0,0.0,1.1610610000000001,-0.485941,NRU,550941
15771108,165,7416,1997,0.0,0.0,1.1610610000000001,-0.485941,NRU,550942
15777634,165,7417,1997,0.0,0.0,1.1610610000000001,-0.485941,NRU,550951
15784160,165,7418,1997,0.0,0.0,1.1610610000000001,-0.485941,NRU,550952
15790686,165,7419,1997,0.0,0.0,1.1610610000000001,-0.485941,NRU,550953
15797212,165,7420,1997,0.0,0.0,1.1610610000000001,-0.485941,NRU,550959
15803738,165,7421,1997,0.0,0.0,1.1610610000000001,-0.485941,NRU,550961
15810264,165,7422,1997,0.0,0.0,1.1610610000000001,-0.485941,NRU,550962
15816790,165,7423,1997,0.0,0.0,1.1610610000000001,-0.485941,NRU,550969
15823316,165,7424,1997,0.0,0.0,1.1610610000000001,-0.485941,NRU,550991
15829842,165,7425,1997,0.0,0.0,1.1610610000000001,-0.485941,NRU,550992
15836368,165,7426,1997,0.0,0.0,1.1610610000000001,-0.485941,NRU,550999
15842894,165,7427,1997,0.0,0.0,1.1610610000000001,-0.485941,NRU,551011
15849420,165,7428,1997,0.0,0.0,1.1610610000000001,-0.485941,NRU,551012
15855946,165,7429,1997,0.0,0.0,1.1610610000000001,-0.485941,NRU,551020
15862472,165,7430,1997,0.0,0.0,1.1610610000000001,-0.485941,NRU,551030
15868998,165,7431,1997,0.0,0.0,1.1610610000000001,-0.485941,NRU,551090
15875524,165,7432,1997,0.0,0.0,1.1610610000000001,-0.485941,NRU,551110
15882050,165,7433,1997,0.0,0.0,1.1610610000000001,-0.485941,NRU,551120
15888576,165,7434,1997,0.0,0.0,1.1610610000000001,-0.485941,NRU,551130
15895102,165,7435,1997,0.0,0.0,1.1610610000000001,-0.485941,NRU,551211
15901628,165,7436,1997,0.0,0.0,1.1610610000000001,-0.485941,NRU,551219
15908154,165,7437,1997,0.0,0.0,1.1610610000000001,-0.485941,NRU,551221
15914680,165,7438,1997,0.0,0.0,1.1610610000000001,-0.485941,NRU,551229
15921206,165,7439,1997,0.0,0.0,1.1610610000000001,-0.485941,NRU,551291
15927732,165,7440,1997,0.0,0.0,1.1610610000000001,-0.485941,NRU,551299
15934258,165,7441,1997,0.0,4.954923382719671e-10,1.1610610000000001,-0.485941,NRU,551311
15940784,165,7442,1997,0.0,0.0,1.1610610000000001,-0.485941,NRU,551312
15947310,165,7443,1997,0.0,0.0,1.1610610000000001,-0.485941,NRU,551313
15953836,165,7444,1997,0.0,0.0,1.1610610000000001,-0.485941,NRU,551319
15960362,165,7445,1997,0.0,9.321884619556754e-09,1.1610610000000001,-0.485941,NRU,551321
15966888,165,7446,1997,0.0,0.0,1.1610610000000001,-0.485941,NRU,551322
15973414,165,7447,1997,0.0,0.0,1.1610610000000001,-0.485941,NRU,551323
15979940,165,7448,1997,0.0,0.0,1.1610610000000001,-0.485941,NRU,551329
15986466,165,7449,1997,0.0,0.0,1.1610610000000001,-0.485941,NRU,551331
15992992,165,7450,1997,0.0,0.0,1.1610610000000001,-0.485941,NRU,551332
15999518,165,7451,1997,0.0,0.0,1.1610610000000001,-0.485941,NRU,551333
16006044,165,7452,1997,0.0,0.0,1.1610610000000001,-0.485941,NRU,551339
16012570,165,7453,1997,0.0,0.0,1.1610610000000001,-0.485941,NRU,551341
16019096,165,7454,1997,0.0,0.0,1.1610610000000001,-0.485941,NRU,551342
16025622,165,7455,1997,0.0,0.0,1.1610610000000001,-0.485941,NRU,551343
16032148,165,7456,1997,0.0,0.0,1.1610610000000001,-0.485941,NRU,551349
16038674,165,7457,1997,0.0,0.0,1.1610610000000001,-0.485941,NRU,551411
16045200,165,7458,1997,0.0,0.0,1.1610610000000001,-0.485941,NRU,551412
16051726,165,7459,1997,0.0,0.0,1.1610610000000001,-0.485941,NRU,551413
16058252,165,7460,1997,0.0,0.0,1.1610610000000001,-0.485941,NRU,551419
16064778,165,7461,1997,0.0,0.0,1.1610610000000001,-0.485941,NRU,551421
16071304,165,7462,1997,0.0,0.0,1.1610610000000001,-0.485941,NRU,551422
16077830,165,7463,1997,0.0,0.0,1.1610610000000001,-0.485941,NRU,551423
16084356,165,7464,1997,0.0,0.0,1.1610610000000001,-0.485941,NRU,551429
16090882,165,7465,1997,0.0,0.0,1.1610610000000001,-0.485941,NRU,551431
16097408,165,7466,1997,0.0,0.0,1.1610610000000001,-0.485941,NRU,551432
16103934,165,7467,1997,0.0,0.0,1.1610610000000001,-0.485941,NRU,551433
16110460,165,7468,1997,0.0,0.0,1.1610610000000001,-0.485941,NRU,551439
16116986,165,7469,1997,0.0,0.0,1.1610610000000001,-0.485941,NRU,551441
16123512,165,7470,1997,0.0,0.0,1.1610610000000001,-0.485941,NRU,551442
16130038,165,7471,1997,0.0,0.0,1.1610610000000001,-0.485941,NRU,551443
16136564,165,7472,1997,0.0,0.0,1.1610610000000001,-0.485941,NRU,551449
16143090,165,7473,1997,0.0,0.0,1.1610610000000001,-0.485941,NRU,551511
16149616,165,7474,1997,0.0,0.0,1.1610610000000001,-0.485941,NRU,551512
16156142,165,7475,1997,0.0,0.0,1.1610610000000001,-0.485941,NRU,551513
16162668,165,7476,1997,0.0,0.0,1.1610610000000001,-0.485941,NRU,551519
16169194,165,7477,1997,0.0,0.0,1.1610610000000001,-0.485941,NRU,551521
16175720,165,7478,1997,0.0,0.0,1.1610610000000001,-0.485941,NRU,551522
16182246,165,7479,1997,0.0,0.0,1.1610610000000001,-0.485941,NRU,551529
16188772,165,7480,1997,0.0,0.0,1.1610610000000001,-0.485941,NRU,551591
16195298,165,7481,1997,0.0,0.0,1.1610610000000001,-0.485941,NRU,551592
16201824,165,7482,1997,0.0,0.0,1.1610610000000001,-0.485941,NRU,551599
16208350,165,7483,1997,0.0,0.0,1.1610610000000001,-0.485941,NRU,551611
16214876,165,7484,1997,0.0,6.940207065829425e-10,1.1610610000000001,-0.485941,NRU,551612
16221402,165,7485,1997,0.0,0.0,1.1610610000000001,-0.485941,NRU,551613
16227928,165,7486,1997,0.0,0.0,1.1610610000000001,-0.485941,NRU,551614
16234454,165,7487,1997,0.0,0.0,1.1610610000000001,-0.485941,NRU,551621
16240980,165,7488,1997,0.0,0.0,1.1610610000000001,-0.485941,NRU,551622
16247506,165,7489,1997,0.0,0.0,1.1610610000000001,-0.485941,NRU,551623
16254032,165,7490,1997,0.0,0.0,1.1610610000000001,-0.485941,NRU,551624
16260558,165,7491,1997,0.0,0.0,1.1610610000000001,-0.485941,NRU,551631
16267084,165,7492,1997,0.0,0.0,1.1610610000000001,-0.485941,NRU,551632
16273610,165,7493,1997,0.0,0.0,1.1610610000000001,-0.485941,NRU,551633
16280136,165,7494,1997,0.0,0.0,1.1610610000000001,-0.485941,NRU,551634
16286662,165,7495,1997,0.0,0.0,1.1610610000000001,-0.485941,NRU,551641
16293188,165,7496,1997,0.0,0.0,1.1610610000000001,-0.485941,NRU,551642
16299714,165,7497,1997,0.0,0.0,1.1610610000000001,-0.485941,NRU,551643
16306240,165,7498,1997,0.0,0.0,1.1610610000000001,-0.485941,NRU,551644
16312766,165,7499,1997,0.0,0.0,1.1610610000000001,-0.485941,NRU,551691
16319292,165,7500,1997,0.0,0.0,1.1610610000000001,-0.485941,NRU,551692
16325818,165,7501,1997,0.0,0.0,1.1610610000000001,-0.485941,NRU,551693
16332344,165,7502,1997,0.0,0.0,1.1610610000000001,-0.485941,NRU,551694
16338870,165,7503,1997,0.0,1.0493831715295667e-08,1.1610610000000001,-0.485941,NRU,560110
16345396,165,7504,1997,0.0,0.0,1.1610610000000001,-0.485941,NRU,560121
16351922,165,7505,1997,0.0,0.0,1.1610610000000001,-0.485941,NRU,560122
16358448,165,7506,1997,0.0,0.0,1.1610610000000001,-0.485941,NRU,560129
16364974,165,7507,1997,0.0,0.0,1.1610610000000001,-0.485941,NRU,560130
16371500,165,7508,1997,0.0,0.0,1.1610610000000001,-0.485941,NRU,560210
16378026,165,7509,1997,0.0,0.0,1.1610610000000001,-0.485941,NRU,560221
16384552,165,7510,1997,0.0,0.0,1.1610610000000001,-0.485941,NRU,560229
16391078,165,7511,1997,0.0,0.0,1.1610610000000001,-0.485941,NRU,560290
16397604,165,7512,1997,1.4088191936048957e-09,0.0,1.1610610000000001,-0.485941,NRU,560300
16404130,165,7513,1997,0.0,0.0,1.1610610000000001,-0.485941,NRU,560410
16410656,165,7514,1997,0.0,0.0,1.1610610000000001,-0.485941,NRU,560420
16417182,165,7515,1997,0.0,0.0,1.1610610000000001,-0.485941,NRU,560490
16423708,165,7516,1997,0.0,0.0,1.1610610000000001,-0.485941,NRU,560500
16430234,165,7517,1997,0.0,0.0,1.1610610000000001,-0.485941,NRU,560600
16436760,165,7518,1997,0.0,0.0,1.1610610000000001,-0.485941,NRU,560710
16443286,165,7519,1997,0.0,0.0,1.1610610000000001,-0.485941,NRU,560721
16449812,165,7520,1997,0.0,0.0,1.1610610000000001,-0.485941,NRU,560729
16456338,165,7521,1997,0.0,0.0,1.1610610000000001,-0.485941,NRU,560730
16462864,165,7522,1997,0.0,0.0,1.1610610000000001,-0.485941,NRU,560741
16469390,165,7523,1997,0.0,2.2507615178628283e-09,1.1610610000000001,-0.485941,NRU,560749
16475916,165,7524,1997,0.0,8.998406009420673e-10,1.1610610000000001,-0.485941,NRU,560750
16482442,165,7525,1997,0.0,0.0,1.1610610000000001,-0.485941,NRU,560790
16488968,165,7526,1997,0.0,0.0,1.1610610000000001,-0.485941,NRU,560811
16495494,165,7527,1997,0.0,0.0,1.1610610000000001,-0.485941,NRU,560819
16502020,165,7528,1997,0.0,0.0,1.1610610000000001,-0.485941,NRU,560890
16508546,165,7529,1997,0.0,0.0,1.1610610000000001,-0.485941,NRU,560900
16515072,165,7530,1997,0.0,0.0,1.1610610000000001,-0.485941,NRU,570110
16521598,165,7531,1997,0.0,0.0,1.1610610000000001,-0.485941,NRU,570190
16528124,165,7532,1997,0.0,0.0,1.1610610000000001,-0.485941,NRU,570210
16534650,165,7533,1997,0.0,0.0,1.1610610000000001,-0.485941,NRU,570220
16541176,165,7534,1997,0.0,0.0,1.1610610000000001,-0.485941,NRU,570231
16547702,165,7535,1997,0.0,0.0,1.1610610000000001,-0.485941,NRU,570232
16554228,165,7536,1997,0.0,0.0,1.1610610000000001,-0.485941,NRU,570239
16560754,165,7537,1997,0.0,0.0,1.1610610000000001,-0.485941,NRU,570241
16567280,165,7538,1997,0.0,0.0,1.1610610000000001,-0.485941,NRU,570242
16573806,165,7539,1997,0.0,0.0,1.1610610000000001,-0.485941,NRU,570249
16580332,165,7540,1997,0.0,0.0,1.1610610000000001,-0.485941,NRU,570251
16586858,165,7541,1997,0.0,0.0,1.1610610000000001,-0.485941,NRU,570252
16593384,165,7542,1997,0.0,0.0,1.1610610000000001,-0.485941,NRU,570259
16599910,165,7543,1997,0.0,0.0,1.1610610000000001,-0.485941,NRU,570291
16606436,165,7544,1997,0.0,0.0,1.1610610000000001,-0.485941,NRU,570292
16612962,165,7545,1997,0.0,0.0,1.1610610000000001,-0.485941,NRU,570299
16619488,165,7546,1997,0.0,0.0,1.1610610000000001,-0.485941,NRU,570310
16626014,165,7547,1997,0.0,0.0,1.1610610000000001,-0.485941,NRU,570320
16632540,165,7548,1997,0.0,0.0,1.1610610000000001,-0.485941,NRU,570330
16639066,165,7549,1997,0.0,0.0,1.1610610000000001,-0.485941,NRU,570390
16645592,165,7550,1997,0.0,0.0,1.1610610000000001,-0.485941,NRU,570410
16652118,165,7551,1997,0.0,0.0,1.1610610000000001,-0.485941,NRU,570490
16658644,165,7552,1997,0.0,0.0,1.1610610000000001,-0.485941,NRU,570500
16665170,165,7553,1997,0.0,0.0,1.1610610000000001,-0.485941,NRU,580110
16671696,165,7554,1997,0.0,0.0,1.1610610000000001,-0.485941,NRU,580121
16678222,165,7555,1997,0.0,0.0,1.1610610000000001,-0.485941,NRU,580122
16684748,165,7556,1997,0.0,0.0,1.1610610000000001,-0.485941,NRU,580123
16691274,165,7557,1997,0.0,0.0,1.1610610000000001,-0.485941,NRU,580124
16697800,165,7558,1997,0.0,0.0,1.1610610000000001,-0.485941,NRU,580125
16704326,165,7559,1997,0.0,0.0,1.1610610000000001,-0.485941,NRU,580126
16710852,165,7560,1997,0.0,0.0,1.1610610000000001,-0.485941,NRU,580131
16717378,165,7561,1997,0.0,0.0,1.1610610000000001,-0.485941,NRU,580132
16723904,165,7562,1997,0.0,0.0,1.1610610000000001,-0.485941,NRU,580133
16730430,165,7563,1997,0.0,0.0,1.1610610000000001,-0.485941,NRU,580134
16736956,165,7564,1997,0.0,0.0,1.1610610000000001,-0.485941,NRU,580135
16743482,165,7565,1997,0.0,0.0,1.1610610000000001,-0.485941,NRU,580136
16750008,165,7566,1997,0.0,0.0,1.1610610000000001,-0.485941,NRU,580190
16756534,165,7567,1997,0.0,0.0,1.1610610000000001,-0.485941,NRU,580211
16763060,165,7568,1997,0.0,0.0,1.1610610000000001,-0.485941,NRU,580219
16769586,165,7569,1997,0.0,0.0,1.1610610000000001,-0.485941,NRU,580220
16776112,165,7570,1997,0.0,0.0,1.1610610000000001,-0.485941,NRU,580230
16782638,165,7571,1997,0.0,0.0,1.1610610000000001,-0.485941,NRU,580310
16789164,165,7572,1997,0.0,0.0,1.1610610000000001,-0.485941,NRU,580390
16795690,165,7573,1997,0.0,0.0,1.1610610000000001,-0.485941,NRU,580410
16802216,165,7574,1997,0.0,0.0,1.1610610000000001,-0.485941,NRU,580421
16808742,165,7575,1997,0.0,0.0,1.1610610000000001,-0.485941,NRU,580429
16815268,165,7576,1997,0.0,0.0,1.1610610000000001,-0.485941,NRU,580430
16821794,165,7577,1997,0.0,0.0,1.1610610000000001,-0.485941,NRU,580500
16828320,165,7578,1997,0.0,0.0,1.1610610000000001,-0.485941,NRU,580610
16834846,165,7579,1997,0.0,0.0,1.1610610000000001,-0.485941,NRU,580620
16841372,165,7580,1997,0.0,0.0,1.1610610000000001,-0.485941,NRU,580631
16847898,165,7581,1997,0.0,0.0,1.1610610000000001,-0.485941,NRU,580632
16854424,165,7582,1997,0.0,0.0,1.1610610000000001,-0.485941,NRU,580639
16860950,165,7583,1997,0.0,0.0,1.1610610000000001,-0.485941,NRU,580640
16867476,165,7584,1997,0.0,0.0,1.1610610000000001,-0.485941,NRU,580710
16874002,165,7585,1997,0.0,0.0,1.1610610000000001,-0.485941,NRU,580790
16880528,165,7586,1997,0.0,0.0,1.1610610000000001,-0.485941,NRU,580810
16887054,165,7587,1997,0.0,0.0,1.1610610000000001,-0.485941,NRU,580890
16893580,165,7588,1997,0.0,0.0,1.1610610000000001,-0.485941,NRU,580900
16900106,165,7589,1997,0.0,0.0,1.1610610000000001,-0.485941,NRU,581010
16906632,165,7590,1997,0.0,0.0,1.1610610000000001,-0.485941,NRU,581091
16913158,165,7591,1997,0.0,0.0,1.1610610000000001,-0.485941,NRU,581092
16919684,165,7592,1997,0.0,0.0,1.1610610000000001,-0.485941,NRU,581099
16926210,165,7593,1997,0.0,0.0,1.1610610000000001,-0.485941,NRU,581100
16932736,165,7594,1997,0.0,0.0,1.1610610000000001,-0.485941,NRU,590110
16939262,165,7595,1997,0.0,0.0,1.1610610000000001,-0.485941,NRU,590190
16945788,165,7596,1997,0.0,0.0,1.1610610000000001,-0.485941,NRU,590210
16952314,165,7597,1997,0.0,0.0,1.1610610000000001,-0.485941,NRU,590220
16958840,165,7598,1997,0.0,0.0,1.1610610000000001,-0.485941,NRU,590290
16965366,165,7599,1997,0.0,0.0,1.1610610000000001,-0.485941,NRU,590310
16971892,165,7600,1997,0.0,0.0,1.1610610000000001,-0.485941,NRU,590320
16978418,165,7601,1997,0.0,0.0,1.1610610000000001,-0.485941,NRU,590390
16984944,165,7602,1997,0.0,0.0,1.1610610000000001,-0.485941,NRU,590410
16991470,165,7603,1997,0.0,0.0,1.1610610000000001,-0.485941,NRU,590491
16997996,165,7604,1997,0.0,0.0,1.1610610000000001,-0.485941,NRU,590492
17004522,165,7605,1997,0.0,0.0,1.1610610000000001,-0.485941,NRU,590500
17011048,165,7606,1997,0.0,0.0,1.1610610000000001,-0.485941,NRU,590610
17017574,165,7607,1997,0.0,0.0,1.1610610000000001,-0.485941,NRU,590691
17024100,165,7608,1997,0.0,0.0,1.1610610000000001,-0.485941,NRU,590699
17030626,165,7609,1997,0.0,0.0,1.1610610000000001,-0.485941,NRU,590700
17037152,165,7610,1997,0.0,0.0,1.1610610000000001,-0.485941,NRU,590800
17043678,165,7611,1997,0.0,0.0,1.1610610000000001,-0.485941,NRU,590900
17050204,165,7612,1997,0.0,0.0,1.1610610000000001,-0.485941,NRU,591000
17056730,165,7613,1997,0.0,0.0,1.1610610000000001,-0.485941,NRU,591110
17063256,165,7614,1997,0.0,0.0,1.1610610000000001,-0.485941,NRU,591120
17069782,165,7615,1997,0.0,0.0,1.1610610000000001,-0.485941,NRU,591131
17076308,165,7616,1997,0.0,0.0,1.1610610000000001,-0.485941,NRU,591132
17082834,165,7617,1997,0.0,0.0,1.1610610000000001,-0.485941,NRU,591140
17089360,165,7618,1997,0.0,0.0,1.1610610000000001,-0.485941,NRU,591190
17095886,165,7619,1997,0.0,0.0,1.1610610000000001,-0.485941,NRU,600110
17102412,165,7620,1997,0.0,0.0,1.1610610000000001,-0.485941,NRU,600121
17108938,165,7621,1997,0.0,0.0,1.1610610000000001,-0.485941,NRU,600122
17115464,165,7622,1997,0.0,0.0,1.1610610000000001,-0.485941,NRU,600129
17121990,165,7623,1997,0.0,0.0,1.1610610000000001,-0.485941,NRU,600191
17128516,165,7624,1997,0.0,0.0,1.1610610000000001,-0.485941,NRU,600192
17135042,165,7625,1997,0.0,0.0,1.1610610000000001,-0.485941,NRU,600199
17141568,165,7626,1997,0.0,0.0,1.1610610000000001,-0.485941,NRU,600210
17148094,165,7627,1997,0.0,0.0,1.1610610000000001,-0.485941,NRU,600220
17154620,165,7628,1997,0.0,0.0,1.1610610000000001,-0.485941,NRU,600230
17161146,165,7629,1997,0.0,0.0,1.1610610000000001,-0.485941,NRU,600241
17167672,165,7630,1997,0.0,0.0,1.1610610000000001,-0.485941,NRU,600242
17174198,165,7631,1997,0.0,1.81406539417912e-08,1.1610610000000001,-0.485941,NRU,600243
17180724,165,7632,1997,0.0,0.0,1.1610610000000001,-0.485941,NRU,600249
17187250,165,7633,1997,0.0,0.0,1.1610610000000001,-0.485941,NRU,600291
17193776,165,7634,1997,0.0,0.0,1.1610610000000001,-0.485941,NRU,600292
17200302,165,7635,1997,0.0,0.0,1.1610610000000001,-0.485941,NRU,600293
17206828,165,7636,1997,0.0,0.0,1.1610610000000001,-0.485941,NRU,600299
17213354,165,7637,1997,0.0,0.0,1.1610610000000001,-0.485941,NRU,610110
17219880,165,7638,1997,0.0,0.0,1.1610610000000001,-0.485941,NRU,610120
17226406,165,7639,1997,0.0,0.0,1.1610610000000001,-0.485941,NRU,610130
17232932,165,7640,1997,0.0,0.0,1.1610610000000001,-0.485941,NRU,610190
17239458,165,7641,1997,0.0,0.0,1.1610610000000001,-0.485941,NRU,610210
17245984,165,7642,1997,0.0,0.0,1.1610610000000001,-0.485941,NRU,610220
17252510,165,7643,1997,0.0,0.0,1.1610610000000001,-0.485941,NRU,610230
17259036,165,7644,1997,0.0,0.0,1.1610610000000001,-0.485941,NRU,610290
17265562,165,7645,1997,0.0,0.0,1.1610610000000001,-0.485941,NRU,610311
17272088,165,7646,1997,0.0,0.0,1.1610610000000001,-0.485941,NRU,610312
17278614,165,7647,1997,0.0,0.0,1.1610610000000001,-0.485941,NRU,610319
17285140,165,7648,1997,0.0,0.0,1.1610610000000001,-0.485941,NRU,610321
17291666,165,7649,1997,0.0,0.0,1.1610610000000001,-0.485941,NRU,610322
17298192,165,7650,1997,0.0,0.0,1.1610610000000001,-0.485941,NRU,610323
17304718,165,7651,1997,0.0,0.0,1.1610610000000001,-0.485941,NRU,610329
17311244,165,7652,1997,0.0,0.0,1.1610610000000001,-0.485941,NRU,610331
17317770,165,7653,1997,0.0,0.0,1.1610610000000001,-0.485941,NRU,610332
17324296,165,7654,1997,0.0,0.0,1.1610610000000001,-0.485941,NRU,610333
17330822,165,7655,1997,0.0,0.0,1.1610610000000001,-0.485941,NRU,610339
17337348,165,7656,1997,0.0,0.0,1.1610610000000001,-0.485941,NRU,610341
17343874,165,7657,1997,0.0,3.81810818521275e-09,1.1610610000000001,-0.485941,NRU,610342
17350400,165,7658,1997,0.0,0.0,1.1610610000000001,-0.485941,NRU,610343
17356926,165,7659,1997,0.0,0.0,1.1610610000000001,-0.485941,NRU,610349
17363452,165,7660,1997,0.0,0.0,1.1610610000000001,-0.485941,NRU,610411
17369978,165,7661,1997,0.0,0.0,1.1610610000000001,-0.485941,NRU,610412
17376504,165,7662,1997,0.0,0.0,1.1610610000000001,-0.485941,NRU,610413
17383030,165,7663,1997,0.0,0.0,1.1610610000000001,-0.485941,NRU,610419
17389556,165,7664,1997,0.0,0.0,1.1610610000000001,-0.485941,NRU,610421
17396082,165,7665,1997,0.0,0.0,1.1610610000000001,-0.485941,NRU,610422
17402608,165,7666,1997,0.0,0.0,1.1610610000000001,-0.485941,NRU,610423
17409134,165,7667,1997,0.0,0.0,1.1610610000000001,-0.485941,NRU,610429
17415660,165,7668,1997,0.0,0.0,1.1610610000000001,-0.485941,NRU,610431
17422186,165,7669,1997,0.0,0.0,1.1610610000000001,-0.485941,NRU,610432
17428712,165,7670,1997,0.0,0.0,1.1610610000000001,-0.485941,NRU,610433
17435238,165,7671,1997,0.0,0.0,1.1610610000000001,-0.485941,NRU,610439
17441764,165,7672,1997,0.0,0.0,1.1610610000000001,-0.485941,NRU,610441
17448290,165,7673,1997,0.0,0.0,1.1610610000000001,-0.485941,NRU,610442
17454816,165,7674,1997,0.0,0.0,1.1610610000000001,-0.485941,NRU,610443
17461342,165,7675,1997,0.0,0.0,1.1610610000000001,-0.485941,NRU,610444
17467868,165,7676,1997,0.0,0.0,1.1610610000000001,-0.485941,NRU,610449
17474394,165,7677,1997,0.0,0.0,1.1610610000000001,-0.485941,NRU,610451
17480920,165,7678,1997,0.0,0.0,1.1610610000000001,-0.485941,NRU,610452
17487446,165,7679,1997,0.0,0.0,1.1610610000000001,-0.485941,NRU,610453
17493972,165,7680,1997,0.0,0.0,1.1610610000000001,-0.485941,NRU,610459
17500498,165,7681,1997,0.0,0.0,1.1610610000000001,-0.485941,NRU,610461
17507024,165,7682,1997,0.0,0.0,1.1610610000000001,-0.485941,NRU,610462
17513550,165,7683,1997,0.0,0.0,1.1610610000000001,-0.485941,NRU,610463
17520076,165,7684,1997,0.0,0.0,1.1610610000000001,-0.485941,NRU,610469
17526602,165,7685,1997,1.109115562184108e-09,0.0,1.1610610000000001,-0.485941,NRU,610510
17533128,165,7686,1997,0.0,1.5915412765096895e-09,1.1610610000000001,-0.485941,NRU,610520
17539654,165,7687,1997,0.0,0.0,1.1610610000000001,-0.485941,NRU,610590
17546180,165,7688,1997,0.0,0.0,1.1610610000000001,-0.485941,NRU,610610
17552706,165,7689,1997,0.0,0.0,1.1610610000000001,-0.485941,NRU,610620
17559232,165,7690,1997,0.0,0.0,1.1610610000000001,-0.485941,NRU,610690
17565758,165,7691,1997,0.0,5.751688319981081e-09,1.1610610000000001,-0.485941,NRU,610711
17572284,165,7692,1997,0.0,0.0,1.1610610000000001,-0.485941,NRU,610712
17578810,165,7693,1997,0.0,0.0,1.1610610000000001,-0.485941,NRU,610719
17585336,165,7694,1997,0.0,0.0,1.1610610000000001,-0.485941,NRU,610721
17591862,165,7695,1997,0.0,0.0,1.1610610000000001,-0.485941,NRU,610722
17598388,165,7696,1997,0.0,0.0,1.1610610000000001,-0.485941,NRU,610729
17604914,165,7697,1997,0.0,0.0,1.1610610000000001,-0.485941,NRU,610791
17611440,165,7698,1997,0.0,0.0,1.1610610000000001,-0.485941,NRU,610792
17617966,165,7699,1997,0.0,0.0,1.1610610000000001,-0.485941,NRU,610799
17624492,165,7700,1997,0.0,0.0,1.1610610000000001,-0.485941,NRU,610811
17631018,165,7701,1997,0.0,0.0,1.1610610000000001,-0.485941,NRU,610819
17637544,165,7702,1997,0.0,2.280590488059803e-09,1.1610610000000001,-0.485941,NRU,610821
17644070,165,7703,1997,0.0,3.947367056066306e-10,1.1610610000000001,-0.485941,NRU,610822
17650596,165,7704,1997,0.0,0.0,1.1610610000000001,-0.485941,NRU,610829
17657122,165,7705,1997,0.0,0.0,1.1610610000000001,-0.485941,NRU,610831
17663648,165,7706,1997,0.0,0.0,1.1610610000000001,-0.485941,NRU,610832
17670174,165,7707,1997,0.0,0.0,1.1610610000000001,-0.485941,NRU,610839
17676700,165,7708,1997,0.0,0.0,1.1610610000000001,-0.485941,NRU,610891
17683226,165,7709,1997,0.0,0.0,1.1610610000000001,-0.485941,NRU,610892
17689752,165,7710,1997,0.0,0.0,1.1610610000000001,-0.485941,NRU,610899
17696278,165,7711,1997,0.0,3.0014572678200227e-09,1.1610610000000001,-0.485941,NRU,610910
17702804,165,7712,1997,0.0,2.6130177892549754e-09,1.1610610000000001,-0.485941,NRU,610990
17709330,165,7713,1997,0.0,0.0,1.1610610000000001,-0.485941,NRU,611010
17715856,165,7714,1997,0.0,0.0,1.1610610000000001,-0.485941,NRU,611020
17722382,165,7715,1997,0.0,0.0,1.1610610000000001,-0.485941,NRU,611030
17728908,165,7716,1997,0.0,0.0,1.1610610000000001,-0.485941,NRU,611090
17735434,165,7717,1997,0.0,0.0,1.1610610000000001,-0.485941,NRU,611110
17741960,165,7718,1997,0.0,0.0,1.1610610000000001,-0.485941,NRU,611120
17748486,165,7719,1997,0.0,0.0,1.1610610000000001,-0.485941,NRU,611130
17755012,165,7720,1997,0.0,0.0,1.1610610000000001,-0.485941,NRU,611190
17761538,165,7721,1997,0.0,0.0,1.1610610000000001,-0.485941,NRU,611211
17768064,165,7722,1997,0.0,0.0,1.1610610000000001,-0.485941,NRU,611212
17774590,165,7723,1997,0.0,0.0,1.1610610000000001,-0.485941,NRU,611219
17781116,165,7724,1997,0.0,0.0,1.1610610000000001,-0.485941,NRU,611220
17787642,165,7725,1997,0.0,0.0,1.1610610000000001,-0.485941,NRU,611231
17794168,165,7726,1997,0.0,0.0,1.1610610000000001,-0.485941,NRU,611239
17800694,165,7727,1997,0.0,0.0,1.1610610000000001,-0.485941,NRU,611241
17807220,165,7728,1997,0.0,0.0,1.1610610000000001,-0.485941,NRU,611249
17813746,165,7729,1997,0.0,0.0,1.1610610000000001,-0.485941,NRU,611300
17820272,165,7730,1997,0.0,0.0,1.1610610000000001,-0.485941,NRU,611410
17826798,165,7731,1997,0.0,0.0,1.1610610000000001,-0.485941,NRU,611420
17833324,165,7732,1997,0.0,0.0,1.1610610000000001,-0.485941,NRU,611430
17839850,165,7733,1997,0.0,0.0,1.1610610000000001,-0.485941,NRU,611490
17846376,165,7734,1997,0.0,0.0,1.1610610000000001,-0.485941,NRU,611511
17852902,165,7735,1997,0.0,0.0,1.1610610000000001,-0.485941,NRU,611512
17859428,165,7736,1997,0.0,0.0,1.1610610000000001,-0.485941,NRU,611519
17865954,165,7737,1997,0.0,0.0,1.1610610000000001,-0.485941,NRU,611520
17872480,165,7738,1997,0.0,0.0,1.1610610000000001,-0.485941,NRU,611591
17879006,165,7739,1997,0.0,0.0,1.1610610000000001,-0.485941,NRU,611592
17885532,165,7740,1997,0.0,0.0,1.1610610000000001,-0.485941,NRU,611593
17892058,165,7741,1997,0.0,0.0,1.1610610000000001,-0.485941,NRU,611599
17898584,165,7742,1997,0.0,3.818771051217127e-09,1.1610610000000001,-0.485941,NRU,611610
17905110,165,7743,1997,0.0,0.0,1.1610610000000001,-0.485941,NRU,611691
17911636,165,7744,1997,0.0,0.0,1.1610610000000001,-0.485941,NRU,611692
17918162,165,7745,1997,0.0,0.0,1.1610610000000001,-0.485941,NRU,611693
17924688,165,7746,1997,0.0,0.0,1.1610610000000001,-0.485941,NRU,611699
17931214,165,7747,1997,0.0,0.0,1.1610610000000001,-0.485941,NRU,611710
17937740,165,7748,1997,0.0,0.0,1.1610610000000001,-0.485941,NRU,611720
17944266,165,7749,1997,0.0,0.0,1.1610610000000001,-0.485941,NRU,611780
17950792,165,7750,1997,0.0,0.0,1.1610610000000001,-0.485941,NRU,611790
17957318,165,7751,1997,0.0,0.0,1.1610610000000001,-0.485941,NRU,620111
17963844,165,7752,1997,0.0,0.0,1.1610610000000001,-0.485941,NRU,620112
17970370,165,7753,1997,0.0,0.0,1.1610610000000001,-0.485941,NRU,620113
17976896,165,7754,1997,0.0,0.0,1.1610610000000001,-0.485941,NRU,620119
17983422,165,7755,1997,0.0,0.0,1.1610610000000001,-0.485941,NRU,620191
17989948,165,7756,1997,0.0,0.0,1.1610610000000001,-0.485941,NRU,620192
17996474,165,7757,1997,0.0,0.0,1.1610610000000001,-0.485941,NRU,620193
18003000,165,7758,1997,0.0,0.0,1.1610610000000001,-0.485941,NRU,620199
18009526,165,7759,1997,0.0,0.0,1.1610610000000001,-0.485941,NRU,620211
18016052,165,7760,1997,0.0,0.0,1.1610610000000001,-0.485941,NRU,620212
18022578,165,7761,1997,0.0,2.96400533857271e-09,1.1610610000000001,-0.485941,NRU,620213
18029104,165,7762,1997,0.0,0.0,1.1610610000000001,-0.485941,NRU,620219
18035630,165,7763,1997,0.0,0.0,1.1610610000000001,-0.485941,NRU,620291
18042156,165,7764,1997,0.0,0.0,1.1610610000000001,-0.485941,NRU,620292
18048682,165,7765,1997,0.0,0.0,1.1610610000000001,-0.485941,NRU,620293
18055208,165,7766,1997,0.0,0.0,1.1610610000000001,-0.485941,NRU,620299
18061734,165,7767,1997,0.0,0.0,1.1610610000000001,-0.485941,NRU,620311
18068260,165,7768,1997,0.0,1.4341106004701013e-09,1.1610610000000001,-0.485941,NRU,620312
18074786,165,7769,1997,0.0,0.0,1.1610610000000001,-0.485941,NRU,620319
18081312,165,7770,1997,0.0,0.0,1.1610610000000001,-0.485941,NRU,620321
18087838,165,7771,1997,0.0,3.4667892028928267e-10,1.1610610000000001,-0.485941,NRU,620322
18094364,165,7772,1997,0.0,0.0,1.1610610000000001,-0.485941,NRU,620323
18100890,165,7773,1997,0.0,0.0,1.1610610000000001,-0.485941,NRU,620329
18107416,165,7774,1997,0.0,0.0,1.1610610000000001,-0.485941,NRU,620331
18113942,165,7775,1997,0.0,0.0,1.1610610000000001,-0.485941,NRU,620332
18120468,165,7776,1997,0.0,0.0,1.1610610000000001,-0.485941,NRU,620333
18126994,165,7777,1997,0.0,1.4423964255248165e-09,1.1610610000000001,-0.485941,NRU,620339
18133520,165,7778,1997,0.0,0.0,1.1610610000000001,-0.485941,NRU,620341
18140046,165,7779,1997,0.0,2.4812731708850043e-08,1.1610610000000001,-0.485941,NRU,620342
18146572,165,7780,1997,0.0,1.5865697814768603e-09,1.1610610000000001,-0.485941,NRU,620343
18153098,165,7781,1997,0.0,0.0,1.1610610000000001,-0.485941,NRU,620349
18159624,165,7782,1997,0.0,0.0,1.1610610000000001,-0.485941,NRU,620411
18166150,165,7783,1997,0.0,0.0,1.1610610000000001,-0.485941,NRU,620412
18172676,165,7784,1997,0.0,2.7349851340603826e-09,1.1610610000000001,-0.485941,NRU,620413
18179202,165,7785,1997,0.0,0.0,1.1610610000000001,-0.485941,NRU,620419
18185728,165,7786,1997,0.0,0.0,1.1610610000000001,-0.485941,NRU,620421
18192254,165,7787,1997,0.0,0.0,1.1610610000000001,-0.485941,NRU,620422
18198780,165,7788,1997,0.0,0.0,1.1610610000000001,-0.485941,NRU,620423
18205306,165,7789,1997,0.0,0.0,1.1610610000000001,-0.485941,NRU,620429
18211832,165,7790,1997,0.0,0.0,1.1610610000000001,-0.485941,NRU,620431
18218358,165,7791,1997,0.0,0.0,1.1610610000000001,-0.485941,NRU,620432
18224884,165,7792,1997,0.0,2.2272297747074373e-09,1.1610610000000001,-0.485941,NRU,620433
18231410,165,7793,1997,0.0,0.0,1.1610610000000001,-0.485941,NRU,620439
18237936,165,7794,1997,0.0,0.0,1.1610610000000001,-0.485941,NRU,620441
18244462,165,7795,1997,0.0,0.0,1.1610610000000001,-0.485941,NRU,620442
18250988,165,7796,1997,0.0,2.2802590550576145e-09,1.1610610000000001,-0.485941,NRU,620443
18257514,165,7797,1997,0.0,0.0,1.1610610000000001,-0.485941,NRU,620444
18264040,165,7798,1997,0.0,0.0,1.1610610000000001,-0.485941,NRU,620449
18270566,165,7799,1997,0.0,0.0,1.1610610000000001,-0.485941,NRU,620451
18277092,165,7800,1997,0.0,0.0,1.1610610000000001,-0.485941,NRU,620452
18283618,165,7801,1997,0.0,0.0,1.1610610000000001,-0.485941,NRU,620453
18290144,165,7802,1997,0.0,0.0,1.1610610000000001,-0.485941,NRU,620459
18296670,165,7803,1997,0.0,0.0,1.1610610000000001,-0.485941,NRU,620461
18303196,165,7804,1997,0.0,0.0,1.1610610000000001,-0.485941,NRU,620462
18309722,165,7805,1997,0.0,0.0,1.1610610000000001,-0.485941,NRU,620463
18316248,165,7806,1997,0.0,0.0,1.1610610000000001,-0.485941,NRU,620469
18322774,165,7807,1997,0.0,0.0,1.1610610000000001,-0.485941,NRU,620510
18329300,165,7808,1997,0.0,7.586501420097209e-09,1.1610610000000001,-0.485941,NRU,620520
18335826,165,7809,1997,0.0,7.76249234425936e-09,1.1610610000000001,-0.485941,NRU,620530
18342352,165,7810,1997,0.0,0.0,1.1610610000000001,-0.485941,NRU,620590
18348878,165,7811,1997,0.0,0.0,1.1610610000000001,-0.485941,NRU,620610
18355404,165,7812,1997,0.0,0.0,1.1610610000000001,-0.485941,NRU,620620
18361930,165,7813,1997,0.0,3.0471950221220505e-09,1.1610610000000001,-0.485941,NRU,620630
18368456,165,7814,1997,0.0,1.204891536156461e-08,1.1610610000000001,-0.485941,NRU,620640
18374982,165,7815,1997,0.0,0.0,1.1610610000000001,-0.485941,NRU,620690
18381508,165,7816,1997,0.0,2.2590473429175435e-09,1.1610610000000001,-0.485941,NRU,620711
18388034,165,7817,1997,0.0,0.0,1.1610610000000001,-0.485941,NRU,620719
18394560,165,7818,1997,0.0,0.0,1.1610610000000001,-0.485941,NRU,620721
18401086,165,7819,1997,0.0,0.0,1.1610610000000001,-0.485941,NRU,620722
18407612,165,7820,1997,0.0,0.0,1.1610610000000001,-0.485941,NRU,620729
18414138,165,7821,1997,0.0,0.0,1.1610610000000001,-0.485941,NRU,620791
18420664,165,7822,1997,0.0,0.0,1.1610610000000001,-0.485941,NRU,620792
18427190,165,7823,1997,0.0,0.0,1.1610610000000001,-0.485941,NRU,620799
18433716,165,7824,1997,0.0,0.0,1.1610610000000001,-0.485941,NRU,620811
18440242,165,7825,1997,0.0,0.0,1.1610610000000001,-0.485941,NRU,620819
18446768,165,7826,1997,0.0,0.0,1.1610610000000001,-0.485941,NRU,620821
18453294,165,7827,1997,0.0,0.0,1.1610610000000001,-0.485941,NRU,620822
18459820,165,7828,1997,0.0,0.0,1.1610610000000001,-0.485941,NRU,620829
18466346,165,7829,1997,0.0,0.0,1.1610610000000001,-0.485941,NRU,620891
18472872,165,7830,1997,0.0,0.0,1.1610610000000001,-0.485941,NRU,620892
18479398,165,7831,1997,0.0,0.0,1.1610610000000001,-0.485941,NRU,620899
18485924,165,7832,1997,0.0,0.0,1.1610610000000001,-0.485941,NRU,620910
18492450,165,7833,1997,0.0,5.700316204641847e-09,1.1610610000000001,-0.485941,NRU,620920
18498976,165,7834,1997,0.0,0.0,1.1610610000000001,-0.485941,NRU,620930
18505502,165,7835,1997,0.0,0.0,1.1610610000000001,-0.485941,NRU,620990
18512028,165,7836,1997,0.0,0.0,1.1610610000000001,-0.485941,NRU,621010
18518554,165,7837,1997,0.0,0.0,1.1610610000000001,-0.485941,NRU,621020
18525080,165,7838,1997,0.0,0.0,1.1610610000000001,-0.485941,NRU,621030
18531606,165,7839,1997,0.0,0.0,1.1610610000000001,-0.485941,NRU,621040
18538132,165,7840,1997,0.0,0.0,1.1610610000000001,-0.485941,NRU,621050
18544658,165,7841,1997,0.0,0.0,1.1610610000000001,-0.485941,NRU,621111
18551184,165,7842,1997,0.0,0.0,1.1610610000000001,-0.485941,NRU,621112
18557710,165,7843,1997,0.0,0.0,1.1610610000000001,-0.485941,NRU,621120
18564236,165,7844,1997,0.0,0.0,1.1610610000000001,-0.485941,NRU,621131
18570762,165,7845,1997,0.0,0.0,1.1610610000000001,-0.485941,NRU,621132
18577288,165,7846,1997,0.0,0.0,1.1610610000000001,-0.485941,NRU,621133
18583814,165,7847,1997,0.0,8.063764943248802e-10,1.1610610000000001,-0.485941,NRU,621139
18590340,165,7848,1997,0.0,0.0,1.1610610000000001,-0.485941,NRU,621141
18596866,165,7849,1997,0.0,0.0,1.1610610000000001,-0.485941,NRU,621142
18603392,165,7850,1997,0.0,0.0,1.1610610000000001,-0.485941,NRU,621143
18609918,165,7851,1997,0.0,2.3760431926901216e-09,1.1610610000000001,-0.485941,NRU,621149
18616444,165,7852,1997,0.0,0.0,1.1610610000000001,-0.485941,NRU,621210
18622970,165,7853,1997,0.0,0.0,1.1610610000000001,-0.485941,NRU,621220
18629496,165,7854,1997,0.0,0.0,1.1610610000000001,-0.485941,NRU,621230
18636022,165,7855,1997,0.0,0.0,1.1610610000000001,-0.485941,NRU,621290
18642548,165,7856,1997,0.0,0.0,1.1610610000000001,-0.485941,NRU,621310
18649074,165,7857,1997,0.0,0.0,1.1610610000000001,-0.485941,NRU,621320
18655600,165,7858,1997,0.0,0.0,1.1610610000000001,-0.485941,NRU,621390
18662126,165,7859,1997,0.0,0.0,1.1610610000000001,-0.485941,NRU,621410
18668652,165,7860,1997,0.0,0.0,1.1610610000000001,-0.485941,NRU,621420
18675178,165,7861,1997,0.0,0.0,1.1610610000000001,-0.485941,NRU,621430
18681704,165,7862,1997,0.0,0.0,1.1610610000000001,-0.485941,NRU,621440
18688230,165,7863,1997,0.0,0.0,1.1610610000000001,-0.485941,NRU,621490
18694756,165,7864,1997,0.0,0.0,1.1610610000000001,-0.485941,NRU,621510
18701282,165,7865,1997,0.0,0.0,1.1610610000000001,-0.485941,NRU,621520
18707808,165,7866,1997,0.0,1.473882560732734e-09,1.1610610000000001,-0.485941,NRU,621590
18714334,165,7867,1997,0.0,0.0,1.1610610000000001,-0.485941,NRU,621600
18720860,165,7868,1997,0.0,0.0,1.1610610000000001,-0.485941,NRU,621710
18727386,165,7869,1997,0.0,0.0,1.1610610000000001,-0.485941,NRU,621790
18733912,165,7870,1997,0.0,0.0,1.1610610000000001,-0.485941,NRU,630110
18740438,165,7871,1997,0.0,0.0,1.1610610000000001,-0.485941,NRU,630120
18746964,165,7872,1997,0.0,0.0,1.1610610000000001,-0.485941,NRU,630130
18753490,165,7873,1997,0.0,0.0,1.1610610000000001,-0.485941,NRU,630140
18760016,165,7874,1997,0.0,0.0,1.1610610000000001,-0.485941,NRU,630190
18766542,165,7875,1997,0.0,0.0,1.1610610000000001,-0.485941,NRU,630210
18773068,165,7876,1997,0.0,1.437756363494176e-09,1.1610610000000001,-0.485941,NRU,630221
18779594,165,7877,1997,0.0,3.2722380306081142e-09,1.1610610000000001,-0.485941,NRU,630222
18786120,165,7878,1997,0.0,0.0,1.1610610000000001,-0.485941,NRU,630229
18792646,165,7879,1997,0.0,0.0,1.1610610000000001,-0.485941,NRU,630231
18799172,165,7880,1997,0.0,0.0,1.1610610000000001,-0.485941,NRU,630232
18805698,165,7881,1997,0.0,0.0,1.1610610000000001,-0.485941,NRU,630239
18812224,165,7882,1997,0.0,0.0,1.1610610000000001,-0.485941,NRU,630240
18818750,165,7883,1997,0.0,0.0,1.1610610000000001,-0.485941,NRU,630251
18825276,165,7884,1997,0.0,0.0,1.1610610000000001,-0.485941,NRU,630252
18831802,165,7885,1997,0.0,0.0,1.1610610000000001,-0.485941,NRU,630253
18838328,165,7886,1997,0.0,0.0,1.1610610000000001,-0.485941,NRU,630259
18844854,165,7887,1997,0.0,9.918464023496245e-09,1.1610610000000001,-0.485941,NRU,630260
18851380,165,7888,1997,0.0,7.536786469768917e-09,1.1610610000000001,-0.485941,NRU,630291
18857906,165,7889,1997,0.0,0.0,1.1610610000000001,-0.485941,NRU,630292
18864432,165,7890,1997,0.0,0.0,1.1610610000000001,-0.485941,NRU,630293
18870958,165,7891,1997,0.0,0.0,1.1610610000000001,-0.485941,NRU,630299
18877484,165,7892,1997,0.0,0.0,1.1610610000000001,-0.485941,NRU,630311
18884010,165,7893,1997,0.0,0.0,1.1610610000000001,-0.485941,NRU,630312
18890536,165,7894,1997,0.0,0.0,1.1610610000000001,-0.485941,NRU,630319
18897062,165,7895,1997,0.0,0.0,1.1610610000000001,-0.485941,NRU,630391
18903588,165,7896,1997,0.0,0.0,1.1610610000000001,-0.485941,NRU,630392
18910114,165,7897,1997,0.0,0.0,1.1610610000000001,-0.485941,NRU,630399
18916640,165,7898,1997,0.0,0.0,1.1610610000000001,-0.485941,NRU,630411
18923166,165,7899,1997,0.0,0.0,1.1610610000000001,-0.485941,NRU,630419
18929692,165,7900,1997,0.0,0.0,1.1610610000000001,-0.485941,NRU,630491
18936218,165,7901,1997,0.0,0.0,1.1610610000000001,-0.485941,NRU,630492
18942744,165,7902,1997,0.0,0.0,1.1610610000000001,-0.485941,NRU,630493
18949270,165,7903,1997,0.0,0.0,1.1610610000000001,-0.485941,NRU,630499
18955796,165,7904,1997,0.0,0.0,1.1610610000000001,-0.485941,NRU,630510
18962322,165,7905,1997,0.0,0.0,1.1610610000000001,-0.485941,NRU,630520
18968848,165,7906,1997,0.0,0.0,1.1610610000000001,-0.485941,NRU,630531
18975374,165,7907,1997,0.0,0.0,1.1610610000000001,-0.485941,NRU,630539
18981900,165,7908,1997,0.0,0.0,1.1610610000000001,-0.485941,NRU,630590
18988426,165,7909,1997,0.0,0.0,1.1610610000000001,-0.485941,NRU,630611
18994952,165,7910,1997,0.0,0.0,1.1610610000000001,-0.485941,NRU,630612
19001478,165,7911,1997,0.0,0.0,1.1610610000000001,-0.485941,NRU,630619
19008004,165,7912,1997,0.0,0.0,1.1610610000000001,-0.485941,NRU,630621
19014530,165,7913,1997,0.0,0.0,1.1610610000000001,-0.485941,NRU,630622
19021056,165,7914,1997,0.0,0.0,1.1610610000000001,-0.485941,NRU,630629
19027582,165,7915,1997,0.0,0.0,1.1610610000000001,-0.485941,NRU,630631
19034108,165,7916,1997,0.0,0.0,1.1610610000000001,-0.485941,NRU,630639
19040634,165,7917,1997,0.0,0.0,1.1610610000000001,-0.485941,NRU,630641
19047160,165,7918,1997,0.0,2.3922834097973635e-09,1.1610610000000001,-0.485941,NRU,630649
19053686,165,7919,1997,0.0,0.0,1.1610610000000001,-0.485941,NRU,630691
19060212,165,7920,1997,0.0,0.0,1.1610610000000001,-0.485941,NRU,630699
19066738,165,7921,1997,0.0,0.0,1.1610610000000001,-0.485941,NRU,630710
19073264,165,7922,1997,0.0,0.0,1.1610610000000001,-0.485941,NRU,630720
19079790,165,7923,1997,0.0,0.0,1.1610610000000001,-0.485941,NRU,630790
19086316,165,7924,1997,0.0,0.0,1.1610610000000001,-0.485941,NRU,630800
19092842,165,7925,1997,5.575881514805352e-10,5.749036855963573e-09,1.1610610000000001,-0.485941,NRU,630900
19099368,165,7926,1997,0.0,0.0,1.1610610000000001,-0.485941,NRU,631010
19105894,165,7927,1997,0.0,0.0,1.1610610000000001,-0.485941,NRU,631090
19112420,165,7928,1997,0.0,0.0,1.1610610000000001,-0.485941,NRU,640110
19118946,165,7929,1997,0.0,0.0,1.1610610000000001,-0.485941,NRU,640191
19125472,165,7930,1997,0.0,0.0,1.1610610000000001,-0.485941,NRU,640192
19131998,165,7931,1997,0.0,0.0,1.1610610000000001,-0.485941,NRU,640199
19138524,165,7932,1997,0.0,0.0,1.1610610000000001,-0.485941,NRU,640211
19145050,165,7933,1997,0.0,0.0,1.1610610000000001,-0.485941,NRU,640219
19151576,165,7934,1997,0.0,0.0,1.1610610000000001,-0.485941,NRU,640220
19158102,165,7935,1997,0.0,0.0,1.1610610000000001,-0.485941,NRU,640230
19164628,165,7936,1997,0.0,0.0,1.1610610000000001,-0.485941,NRU,640291
19171154,165,7937,1997,0.0,2.4693415828062144e-08,1.1610610000000001,-0.485941,NRU,640299
19177680,165,7938,1997,0.0,0.0,1.1610610000000001,-0.485941,NRU,640311
19184206,165,7939,1997,0.0,4.978123692872873e-10,1.1610610000000001,-0.485941,NRU,640319
19190732,165,7940,1997,0.0,0.0,1.1610610000000001,-0.485941,NRU,640320
19197258,165,7941,1997,0.0,0.0,1.1610610000000001,-0.485941,NRU,640330
19203784,165,7942,1997,0.0,0.0,1.1610610000000001,-0.485941,NRU,640340
19210310,165,7943,1997,0.0,0.0,1.1610610000000001,-0.485941,NRU,640351
19216836,165,7944,1997,0.0,0.0,1.1610610000000001,-0.485941,NRU,640359
19223362,165,7945,1997,0.0,4.425923167926436e-08,1.1610610000000001,-0.485941,NRU,640391
19229888,165,7946,1997,0.0,0.0,1.1610610000000001,-0.485941,NRU,640399
19236414,165,7947,1997,0.0,7.798618541497916e-10,1.1610610000000001,-0.485941,NRU,640411
19242940,165,7948,1997,0.0,3.340181796056779e-09,1.1610610000000001,-0.485941,NRU,640419
19249466,165,7949,1997,0.0,0.0,1.1610610000000001,-0.485941,NRU,640420
19255992,165,7950,1997,0.0,0.0,1.1610610000000001,-0.485941,NRU,640510
19262518,165,7951,1997,0.0,0.0,1.1610610000000001,-0.485941,NRU,640520
19269044,165,7952,1997,0.0,0.0,1.1610610000000001,-0.485941,NRU,640590
19275570,165,7953,1997,0.0,0.0,1.1610610000000001,-0.485941,NRU,640610
19282096,165,7954,1997,0.0,0.0,1.1610610000000001,-0.485941,NRU,640620
19288622,165,7955,1997,0.0,0.0,1.1610610000000001,-0.485941,NRU,640691
19295148,165,7956,1997,0.0,0.0,1.1610610000000001,-0.485941,NRU,640699
19301674,165,7957,1997,0.0,0.0,1.1610610000000001,-0.485941,NRU,650100
19308200,165,7958,1997,0.0,0.0,1.1610610000000001,-0.485941,NRU,650200
19314726,165,7959,1997,0.0,0.0,1.1610610000000001,-0.485941,NRU,650300
19321252,165,7960,1997,0.0,1.0072248936511759e-09,1.1610610000000001,-0.485941,NRU,650400
19327778,165,7961,1997,0.0,0.0,1.1610610000000001,-0.485941,NRU,650510
19334304,165,7962,1997,0.0,0.0,1.1610610000000001,-0.485941,NRU,650590
19340830,165,7963,1997,0.0,0.0,1.1610610000000001,-0.485941,NRU,650610
19347356,165,7964,1997,0.0,0.0,1.1610610000000001,-0.485941,NRU,650691
19353882,165,7965,1997,0.0,0.0,1.1610610000000001,-0.485941,NRU,650692
19360408,165,7966,1997,0.0,0.0,1.1610610000000001,-0.485941,NRU,650699
19366934,165,7967,1997,0.0,0.0,1.1610610000000001,-0.485941,NRU,650700
19373460,165,7968,1997,0.0,0.0,1.1610610000000001,-0.485941,NRU,660110
19379986,165,7969,1997,0.0,0.0,1.1610610000000001,-0.485941,NRU,660191
19386512,165,7970,1997,0.0,0.0,1.1610610000000001,-0.485941,NRU,660199
19393038,165,7971,1997,0.0,0.0,1.1610610000000001,-0.485941,NRU,660200
19399564,165,7972,1997,0.0,0.0,1.1610610000000001,-0.485941,NRU,660310
19406090,165,7973,1997,0.0,0.0,1.1610610000000001,-0.485941,NRU,660320
19412616,165,7974,1997,0.0,0.0,1.1610610000000001,-0.485941,NRU,660390
19419142,165,7975,1997,0.0,0.0,1.1610610000000001,-0.485941,NRU,670100
19425668,165,7976,1997,0.0,1.388041413165885e-09,1.1610610000000001,-0.485941,NRU,670210
19432194,165,7977,1997,0.0,0.0,1.1610610000000001,-0.485941,NRU,670290
19438720,165,7978,1997,0.0,0.0,1.1610610000000001,-0.485941,NRU,670300
19445246,165,7979,1997,0.0,0.0,1.1610610000000001,-0.485941,NRU,670411
19451772,165,7980,1997,0.0,0.0,1.1610610000000001,-0.485941,NRU,670419
19458298,165,7981,1997,0.0,0.0,1.1610610000000001,-0.485941,NRU,670420
19464824,165,7982,1997,0.0,0.0,1.1610610000000001,-0.485941,NRU,670490
19471350,165,7983,1997,0.0,0.0,1.1610610000000001,-0.485941,NRU,680100
19477876,165,7984,1997,0.0,0.0,1.1610610000000001,-0.485941,NRU,680210
19484402,165,7985,1997,0.0,0.0,1.1610610000000001,-0.485941,NRU,680221
19490928,165,7986,1997,0.0,0.0,1.1610610000000001,-0.485941,NRU,680222
19497454,165,7987,1997,0.0,0.0,1.1610610000000001,-0.485941,NRU,680223
19503980,165,7988,1997,0.0,0.0,1.1610610000000001,-0.485941,NRU,680229
19510506,165,7989,1997,0.0,0.0,1.1610610000000001,-0.485941,NRU,680291
19517032,165,7990,1997,0.0,0.0,1.1610610000000001,-0.485941,NRU,680292
19523558,165,7991,1997,0.0,0.0,1.1610610000000001,-0.485941,NRU,680293
19530084,165,7992,1997,0.0,0.0,1.1610610000000001,-0.485941,NRU,680299
19536610,165,7993,1997,0.0,0.0,1.1610610000000001,-0.485941,NRU,680300
19543136,165,7994,1997,0.0,0.0,1.1610610000000001,-0.485941,NRU,680410
19549662,165,7995,1997,0.0,0.0,1.1610610000000001,-0.485941,NRU,680421
19556188,165,7996,1997,0.0,0.0,1.1610610000000001,-0.485941,NRU,680422
19562714,165,7997,1997,0.0,0.0,1.1610610000000001,-0.485941,NRU,680423
19569240,165,7998,1997,0.0,0.0,1.1610610000000001,-0.485941,NRU,680430
19575766,165,7999,1997,0.0,0.0,1.1610610000000001,-0.485941,NRU,680510
19582292,165,8000,1997,0.0,0.0,1.1610610000000001,-0.485941,NRU,680520
19588818,165,8001,1997,0.0,0.0,1.1610610000000001,-0.485941,NRU,680530
19595344,165,8002,1997,0.0,0.0,1.1610610000000001,-0.485941,NRU,680610
19601870,165,8003,1997,0.0,0.0,1.1610610000000001,-0.485941,NRU,680620
19608396,165,8004,1997,0.0,0.0,1.1610610000000001,-0.485941,NRU,680690
19614922,165,8005,1997,0.0,0.0,1.1610610000000001,-0.485941,NRU,680710
19621448,165,8006,1997,0.0,0.0,1.1610610000000001,-0.485941,NRU,680790
19627974,165,8007,1997,0.0,0.0,1.1610610000000001,-0.485941,NRU,680800
19634500,165,8008,1997,0.0,0.0,1.1610610000000001,-0.485941,NRU,680911
19641026,165,8009,1997,0.0,0.0,1.1610610000000001,-0.485941,NRU,680919
19647552,165,8010,1997,0.0,0.0,1.1610610000000001,-0.485941,NRU,680990
19654078,165,8011,1997,0.0,0.0,1.1610610000000001,-0.485941,NRU,681011
19660604,165,8012,1997,0.0,0.0,1.1610610000000001,-0.485941,NRU,681019
19667130,165,8013,1997,0.0,0.0,1.1610610000000001,-0.485941,NRU,681020
19673656,165,8014,1997,0.0,0.0,1.1610610000000001,-0.485941,NRU,681091
19680182,165,8015,1997,0.0,0.0,1.1610610000000001,-0.485941,NRU,681099
19686708,165,8016,1997,0.0,0.0,1.1610610000000001,-0.485941,NRU,681110
19693234,165,8017,1997,0.0,0.0,1.1610610000000001,-0.485941,NRU,681120
19699760,165,8018,1997,0.0,0.0,1.1610610000000001,-0.485941,NRU,681130
19706286,165,8019,1997,0.0,0.0,1.1610610000000001,-0.485941,NRU,681190
19712812,165,8020,1997,0.0,0.0,1.1610610000000001,-0.485941,NRU,681210
19719338,165,8021,1997,0.0,0.0,1.1610610000000001,-0.485941,NRU,681220
19725864,165,8022,1997,0.0,0.0,1.1610610000000001,-0.485941,NRU,681230
19732390,165,8023,1997,0.0,0.0,1.1610610000000001,-0.485941,NRU,681240
19738916,165,8024,1997,0.0,0.0,1.1610610000000001,-0.485941,NRU,681250
19745442,165,8025,1997,0.0,0.0,1.1610610000000001,-0.485941,NRU,681260
19751968,165,8026,1997,0.0,0.0,1.1610610000000001,-0.485941,NRU,681270
19758494,165,8027,1997,0.0,0.0,1.1610610000000001,-0.485941,NRU,681290
19765020,165,8028,1997,0.0,0.0,1.1610610000000001,-0.485941,NRU,681310
19771546,165,8029,1997,0.0,0.0,1.1610610000000001,-0.485941,NRU,681390
19778072,165,8030,1997,0.0,0.0,1.1610610000000001,-0.485941,NRU,681410
19784598,165,8031,1997,0.0,0.0,1.1610610000000001,-0.485941,NRU,681490
19791124,165,8032,1997,0.0,0.0,1.1610610000000001,-0.485941,NRU,681510
19797650,165,8033,1997,0.0,0.0,1.1610610000000001,-0.485941,NRU,681520
19804176,165,8034,1997,0.0,0.0,1.1610610000000001,-0.485941,NRU,681591
19810702,165,8035,1997,0.0,0.0,1.1610610000000001,-0.485941,NRU,681599
19817228,165,8036,1997,0.0,0.0,1.1610610000000001,-0.485941,NRU,690100
19823754,165,8037,1997,0.0,0.0,1.1610610000000001,-0.485941,NRU,690210
19830280,165,8038,1997,0.0,0.0,1.1610610000000001,-0.485941,NRU,690220
19836806,165,8039,1997,0.0,6.678043561098237e-09,1.1610610000000001,-0.485941,NRU,690290
19843332,165,8040,1997,0.0,0.0,1.1610610000000001,-0.485941,NRU,690310
19849858,165,8041,1997,0.0,1.5806039874374655e-09,1.1610610000000001,-0.485941,NRU,690320
19856384,165,8042,1997,0.0,0.0,1.1610610000000001,-0.485941,NRU,690390
19862910,165,8043,1997,0.0,0.0,1.1610610000000001,-0.485941,NRU,690410
19869436,165,8044,1997,0.0,0.0,1.1610610000000001,-0.485941,NRU,690490
19875962,165,8045,1997,0.0,0.0,1.1610610000000001,-0.485941,NRU,690510
19882488,165,8046,1997,0.0,1.2567939442991967e-09,1.1610610000000001,-0.485941,NRU,690590
19889014,165,8047,1997,0.0,0.0,1.1610610000000001,-0.485941,NRU,690600
19895540,165,8048,1997,0.0,0.0,1.1610610000000001,-0.485941,NRU,690710
19902066,165,8049,1997,0.0,0.0,1.1610610000000001,-0.485941,NRU,690790
19908592,165,8050,1997,0.0,7.248439757864829e-10,1.1610610000000001,-0.485941,NRU,690810
19915118,165,8051,1997,0.0,0.0,1.1610610000000001,-0.485941,NRU,690890
19921644,165,8052,1997,0.0,0.0,1.1610610000000001,-0.485941,NRU,690911
19928170,165,8053,1997,0.0,0.0,1.1610610000000001,-0.485941,NRU,690919
19934696,165,8054,1997,0.0,0.0,1.1610610000000001,-0.485941,NRU,690990
19941222,165,8055,1997,0.0,1.0780189829186623e-08,1.1610610000000001,-0.485941,NRU,691010
19947748,165,8056,1997,0.0,0.0,1.1610610000000001,-0.485941,NRU,691090
19954274,165,8057,1997,0.0,0.0,1.1610610000000001,-0.485941,NRU,691110
19960800,165,8058,1997,0.0,0.0,1.1610610000000001,-0.485941,NRU,691190
19967326,165,8059,1997,0.0,0.0,1.1610610000000001,-0.485941,NRU,691200
19973852,165,8060,1997,0.0,0.0,1.1610610000000001,-0.485941,NRU,691310
19980378,165,8061,1997,0.0,0.0,1.1610610000000001,-0.485941,NRU,691390
19986904,165,8062,1997,0.0,0.0,1.1610610000000001,-0.485941,NRU,691410
19993430,165,8063,1997,0.0,0.0,1.1610610000000001,-0.485941,NRU,691490
19999956,165,8064,1997,0.0,0.0,1.1610610000000001,-0.485941,NRU,700100
20006482,165,8065,1997,0.0,0.0,1.1610610000000001,-0.485941,NRU,700210
20013008,165,8066,1997,0.0,0.0,1.1610610000000001,-0.485941,NRU,700220
20019534,165,8067,1997,0.0,0.0,1.1610610000000001,-0.485941,NRU,700231
20026060,165,8068,1997,0.0,0.0,1.1610610000000001,-0.485941,NRU,700232
20032586,165,8069,1997,0.0,0.0,1.1610610000000001,-0.485941,NRU,700239
20039112,165,8070,1997,0.0,0.0,1.1610610000000001,-0.485941,NRU,700311
20045638,165,8071,1997,0.0,0.0,1.1610610000000001,-0.485941,NRU,700319
20052164,165,8072,1997,0.0,0.0,1.1610610000000001,-0.485941,NRU,700320
20058690,165,8073,1997,0.0,0.0,1.1610610000000001,-0.485941,NRU,700330
20065216,165,8074,1997,0.0,0.0,1.1610610000000001,-0.485941,NRU,700410
20071742,165,8075,1997,0.0,0.0,1.1610610000000001,-0.485941,NRU,700490
20078268,165,8076,1997,1.9708013821487285e-08,0.0,1.1610610000000001,-0.485941,NRU,700510
20084794,165,8077,1997,0.0,0.0,1.1610610000000001,-0.485941,NRU,700521
20091320,165,8078,1997,0.0,0.0,1.1610610000000001,-0.485941,NRU,700529
20097846,165,8079,1997,0.0,0.0,1.1610610000000001,-0.485941,NRU,700530
20104372,165,8080,1997,0.0,0.0,1.1610610000000001,-0.485941,NRU,700600
20110898,165,8081,1997,0.0,0.0,1.1610610000000001,-0.485941,NRU,700711
20117424,165,8082,1997,0.0,0.0,1.1610610000000001,-0.485941,NRU,700719
20123950,165,8083,1997,0.0,0.0,1.1610610000000001,-0.485941,NRU,700721
20130476,165,8084,1997,0.0,0.0,1.1610610000000001,-0.485941,NRU,700729
20137002,165,8085,1997,0.0,0.0,1.1610610000000001,-0.485941,NRU,700800
20143528,165,8086,1997,0.0,0.0,1.1610610000000001,-0.485941,NRU,700910
20150054,165,8087,1997,0.0,0.0,1.1610610000000001,-0.485941,NRU,700991
20156580,165,8088,1997,0.0,0.0,1.1610610000000001,-0.485941,NRU,700992
20163106,165,8089,1997,0.0,0.0,1.1610610000000001,-0.485941,NRU,701010
20169632,165,8090,1997,0.0,0.0,1.1610610000000001,-0.485941,NRU,701090
20176158,165,8091,1997,0.0,0.0,1.1610610000000001,-0.485941,NRU,701110
20182684,165,8092,1997,0.0,0.0,1.1610610000000001,-0.485941,NRU,701120
20189210,165,8093,1997,0.0,0.0,1.1610610000000001,-0.485941,NRU,701190
20195736,165,8094,1997,0.0,0.0,1.1610610000000001,-0.485941,NRU,701200
20202262,165,8095,1997,0.0,0.0,1.1610610000000001,-0.485941,NRU,701310
20208788,165,8096,1997,0.0,0.0,1.1610610000000001,-0.485941,NRU,701321
20215314,165,8097,1997,0.0,0.0,1.1610610000000001,-0.485941,NRU,701329
20221840,165,8098,1997,0.0,0.0,1.1610610000000001,-0.485941,NRU,701331
20228366,165,8099,1997,0.0,0.0,1.1610610000000001,-0.485941,NRU,701332
20234892,165,8100,1997,0.0,0.0,1.1610610000000001,-0.485941,NRU,701339
20241418,165,8101,1997,0.0,0.0,1.1610610000000001,-0.485941,NRU,701391
20247944,165,8102,1997,0.0,0.0,1.1610610000000001,-0.485941,NRU,701399
20254470,165,8103,1997,0.0,0.0,1.1610610000000001,-0.485941,NRU,701400
20260996,165,8104,1997,0.0,0.0,1.1610610000000001,-0.485941,NRU,701510
20267522,165,8105,1997,0.0,0.0,1.1610610000000001,-0.485941,NRU,701590
20274048,165,8106,1997,0.0,0.0,1.1610610000000001,-0.485941,NRU,701610
20280574,165,8107,1997,0.0,0.0,1.1610610000000001,-0.485941,NRU,701690
20287100,165,8108,1997,0.0,0.0,1.1610610000000001,-0.485941,NRU,701710
20293626,165,8109,1997,0.0,0.0,1.1610610000000001,-0.485941,NRU,701720
20300152,165,8110,1997,0.0,0.0,1.1610610000000001,-0.485941,NRU,701790
20306678,165,8111,1997,0.0,0.0,1.1610610000000001,-0.485941,NRU,701810
20313204,165,8112,1997,0.0,0.0,1.1610610000000001,-0.485941,NRU,701820
20319730,165,8113,1997,0.0,0.0,1.1610610000000001,-0.485941,NRU,701890
20326256,165,8114,1997,0.0,0.0,1.1610610000000001,-0.485941,NRU,701910
20332782,165,8115,1997,0.0,0.0,1.1610610000000001,-0.485941,NRU,701920
20339308,165,8116,1997,0.0,0.0,1.1610610000000001,-0.485941,NRU,701931
20345834,165,8117,1997,0.0,0.0,1.1610610000000001,-0.485941,NRU,701932
20352360,165,8118,1997,0.0,0.0,1.1610610000000001,-0.485941,NRU,701939
20358886,165,8119,1997,0.0,0.0,1.1610610000000001,-0.485941,NRU,701990
20365412,165,8120,1997,0.0,0.0,1.1610610000000001,-0.485941,NRU,702000
20371938,165,8121,1997,0.0,0.0,1.1610610000000001,-0.485941,NRU,710110
20378464,165,8122,1997,0.0,0.0,1.1610610000000001,-0.485941,NRU,710121
20384990,165,8123,1997,0.0,0.0,1.1610610000000001,-0.485941,NRU,710122
20391516,165,8124,1997,0.0,0.0,1.1610610000000001,-0.485941,NRU,710210
20398042,165,8125,1997,0.0,0.0,1.1610610000000001,-0.485941,NRU,710221
20404568,165,8126,1997,0.0,0.0,1.1610610000000001,-0.485941,NRU,710229
20411094,165,8127,1997,0.0,0.0,1.1610610000000001,-0.485941,NRU,710231
20417620,165,8128,1997,0.0,0.0,1.1610610000000001,-0.485941,NRU,710239
20424146,165,8129,1997,0.0,0.0,1.1610610000000001,-0.485941,NRU,710310
20430672,165,8130,1997,0.0,0.0,1.1610610000000001,-0.485941,NRU,710391
20437198,165,8131,1997,0.0,0.0,1.1610610000000001,-0.485941,NRU,710399
20443724,165,8132,1997,0.0,0.0,1.1610610000000001,-0.485941,NRU,710410
20450250,165,8133,1997,0.0,0.0,1.1610610000000001,-0.485941,NRU,710420
20456776,165,8134,1997,0.0,8.517828156247193e-10,1.1610610000000001,-0.485941,NRU,710490
20463302,165,8135,1997,0.0,0.0,1.1610610000000001,-0.485941,NRU,710510
20469828,165,8136,1997,0.0,0.0,1.1610610000000001,-0.485941,NRU,710590
20476354,165,8137,1997,0.0,0.0,1.1610610000000001,-0.485941,NRU,710610
20482880,165,8138,1997,0.0,0.0,1.1610610000000001,-0.485941,NRU,710691
20489406,165,8139,1997,0.0,0.0,1.1610610000000001,-0.485941,NRU,710692
20495932,165,8140,1997,0.0,0.0,1.1610610000000001,-0.485941,NRU,710700
20502458,165,8141,1997,0.0,0.0,1.1610610000000001,-0.485941,NRU,710811
20508984,165,8142,1997,0.0,0.0,1.1610610000000001,-0.485941,NRU,710812
20515510,165,8143,1997,0.0,0.0,1.1610610000000001,-0.485941,NRU,710813
20522036,165,8144,1997,0.0,0.0,1.1610610000000001,-0.485941,NRU,710900
20528562,165,8145,1997,0.0,0.0,1.1610610000000001,-0.485941,NRU,711011
20535088,165,8146,1997,0.0,0.0,1.1610610000000001,-0.485941,NRU,711019
20541614,165,8147,1997,0.0,0.0,1.1610610000000001,-0.485941,NRU,711021
20548140,165,8148,1997,0.0,0.0,1.1610610000000001,-0.485941,NRU,711029
20554666,165,8149,1997,0.0,0.0,1.1610610000000001,-0.485941,NRU,711031
20561192,165,8150,1997,0.0,0.0,1.1610610000000001,-0.485941,NRU,711039
20567718,165,8151,1997,0.0,0.0,1.1610610000000001,-0.485941,NRU,711041
20574244,165,8152,1997,0.0,0.0,1.1610610000000001,-0.485941,NRU,711049
20580770,165,8153,1997,0.0,0.0,1.1610610000000001,-0.485941,NRU,711100
20587296,165,8154,1997,0.0,0.0,1.1610610000000001,-0.485941,NRU,711210
20593822,165,8155,1997,0.0,0.0,1.1610610000000001,-0.485941,NRU,711220
20600348,165,8156,1997,0.0,0.0,1.1610610000000001,-0.485941,NRU,711290
20606874,165,8157,1997,0.0,0.0,1.1610610000000001,-0.485941,NRU,711311
20613400,165,8158,1997,0.0,0.0,1.1610610000000001,-0.485941,NRU,711319
20619926,165,8159,1997,0.0,0.0,1.1610610000000001,-0.485941,NRU,711320
20626452,165,8160,1997,0.0,0.0,1.1610610000000001,-0.485941,NRU,711411
20632978,165,8161,1997,0.0,0.0,1.1610610000000001,-0.485941,NRU,711419
20639504,165,8162,1997,0.0,0.0,1.1610610000000001,-0.485941,NRU,711420
20646030,165,8163,1997,0.0,0.0,1.1610610000000001,-0.485941,NRU,711510
20652556,165,8164,1997,0.0,0.0,1.1610610000000001,-0.485941,NRU,711590
20659082,165,8165,1997,0.0,0.0,1.1610610000000001,-0.485941,NRU,711610
20665608,165,8166,1997,0.0,0.0,1.1610610000000001,-0.485941,NRU,711620
20672134,165,8167,1997,0.0,0.0,1.1610610000000001,-0.485941,NRU,711711
20678660,165,8168,1997,0.0,0.0,1.1610610000000001,-0.485941,NRU,711719
20685186,165,8169,1997,0.0,0.0,1.1610610000000001,-0.485941,NRU,711790
20691712,165,8170,1997,0.0,0.0,1.1610610000000001,-0.485941,NRU,711810
20698238,165,8171,1997,0.0,0.0,1.1610610000000001,-0.485941,NRU,720110
20704764,165,8172,1997,0.0,0.0,1.1610610000000001,-0.485941,NRU,720120
20711290,165,8173,1997,0.0,0.0,1.1610610000000001,-0.485941,NRU,720130
20717816,165,8174,1997,0.0,0.0,1.1610610000000001,-0.485941,NRU,720140
20724342,165,8175,1997,0.0,0.0,1.1610610000000001,-0.485941,NRU,720211
20730868,165,8176,1997,0.0,0.0,1.1610610000000001,-0.485941,NRU,720219
20737394,165,8177,1997,9.661729909594513e-09,0.0,1.1610610000000001,-0.485941,NRU,720221
20743920,165,8178,1997,0.0,0.0,1.1610610000000001,-0.485941,NRU,720229
20750446,165,8179,1997,0.0,0.0,1.1610610000000001,-0.485941,NRU,720230
20756972,165,8180,1997,0.0,0.0,1.1610610000000001,-0.485941,NRU,720241
20763498,165,8181,1997,0.0,0.0,1.1610610000000001,-0.485941,NRU,720249
20770024,165,8182,1997,0.0,0.0,1.1610610000000001,-0.485941,NRU,720250
20776550,165,8183,1997,0.0,0.0,1.1610610000000001,-0.485941,NRU,720260
20783076,165,8184,1997,0.0,0.0,1.1610610000000001,-0.485941,NRU,720270
20789602,165,8185,1997,0.0,0.0,1.1610610000000001,-0.485941,NRU,720280
20796128,165,8186,1997,0.0,0.0,1.1610610000000001,-0.485941,NRU,720291
20802654,165,8187,1997,0.0,0.0,1.1610610000000001,-0.485941,NRU,720292
20809180,165,8188,1997,0.0,0.0,1.1610610000000001,-0.485941,NRU,720293
20815706,165,8189,1997,0.0,0.0,1.1610610000000001,-0.485941,NRU,720299
20822232,165,8190,1997,0.0,0.0,1.1610610000000001,-0.485941,NRU,720310
20828758,165,8191,1997,0.0,0.0,1.1610610000000001,-0.485941,NRU,720390
20835284,165,8192,1997,4.909200029339495e-10,0.0,1.1610610000000001,-0.485941,NRU,720410
20841810,165,8193,1997,0.0,0.0,1.1610610000000001,-0.485941,NRU,720421
20848336,165,8194,1997,0.0,0.0,1.1610610000000001,-0.485941,NRU,720429
20854862,165,8195,1997,0.0,0.0,1.1610610000000001,-0.485941,NRU,720430
20861388,165,8196,1997,0.0,0.0,1.1610610000000001,-0.485941,NRU,720441
20867914,165,8197,1997,0.0,0.0,1.1610610000000001,-0.485941,NRU,720449
20874440,165,8198,1997,0.0,0.0,1.1610610000000001,-0.485941,NRU,720450
20880966,165,8199,1997,0.0,0.0,1.1610610000000001,-0.485941,NRU,720510
20887492,165,8200,1997,0.0,0.0,1.1610610000000001,-0.485941,NRU,720521
20894018,165,8201,1997,0.0,0.0,1.1610610000000001,-0.485941,NRU,720529
20900544,165,8202,1997,0.0,0.0,1.1610610000000001,-0.485941,NRU,720610
20907070,165,8203,1997,0.0,0.0,1.1610610000000001,-0.485941,NRU,720690
20913596,165,8204,1997,3.6745604649237193e-07,0.0,1.1610610000000001,-0.485941,NRU,720711
20920122,165,8205,1997,0.0,0.0,1.1610610000000001,-0.485941,NRU,720712
20926648,165,8206,1997,0.0,0.0,1.1610610000000001,-0.485941,NRU,720719
20933174,165,8207,1997,0.0,0.0,1.1610610000000001,-0.485941,NRU,720720
20939700,165,8208,1997,0.0,0.0,1.1610610000000001,-0.485941,NRU,720811
20946226,165,8209,1997,0.0,0.0,1.1610610000000001,-0.485941,NRU,720812
20952752,165,8210,1997,0.0,0.0,1.1610610000000001,-0.485941,NRU,720813
20959278,165,8211,1997,0.0,0.0,1.1610610000000001,-0.485941,NRU,720814
20965804,165,8212,1997,0.0,0.0,1.1610610000000001,-0.485941,NRU,720821
20972330,165,8213,1997,0.0,0.0,1.1610610000000001,-0.485941,NRU,720822
20978856,165,8214,1997,0.0,0.0,1.1610610000000001,-0.485941,NRU,720823
20985382,165,8215,1997,0.0,0.0,1.1610610000000001,-0.485941,NRU,720824
20991908,165,8216,1997,0.0,0.0,1.1610610000000001,-0.485941,NRU,720831
20998434,165,8217,1997,0.0,0.0,1.1610610000000001,-0.485941,NRU,720832
21004960,165,8218,1997,0.0,0.0,1.1610610000000001,-0.485941,NRU,720833
21011486,165,8219,1997,0.0,0.0,1.1610610000000001,-0.485941,NRU,720834
21018012,165,8220,1997,0.0,0.0,1.1610610000000001,-0.485941,NRU,720835
21024538,165,8221,1997,0.0,0.0,1.1610610000000001,-0.485941,NRU,720841
21031064,165,8222,1997,0.0,0.0,1.1610610000000001,-0.485941,NRU,720842
21037590,165,8223,1997,0.0,0.0,1.1610610000000001,-0.485941,NRU,720843
21044116,165,8224,1997,0.0,0.0,1.1610610000000001,-0.485941,NRU,720844
21050642,165,8225,1997,0.0,0.0,1.1610610000000001,-0.485941,NRU,720845
21057168,165,8226,1997,0.0,0.0,1.1610610000000001,-0.485941,NRU,720890
21063694,165,8227,1997,0.0,0.0,1.1610610000000001,-0.485941,NRU,720911
21070220,165,8228,1997,0.0,0.0,1.1610610000000001,-0.485941,NRU,720912
21076746,165,8229,1997,0.0,0.0,1.1610610000000001,-0.485941,NRU,720913
21083272,165,8230,1997,0.0,0.0,1.1610610000000001,-0.485941,NRU,720914
21089798,165,8231,1997,0.0,0.0,1.1610610000000001,-0.485941,NRU,720921
21096324,165,8232,1997,0.0,0.0,1.1610610000000001,-0.485941,NRU,720922
21102850,165,8233,1997,0.0,0.0,1.1610610000000001,-0.485941,NRU,720923
21109376,165,8234,1997,0.0,0.0,1.1610610000000001,-0.485941,NRU,720924
21115902,165,8235,1997,0.0,0.0,1.1610610000000001,-0.485941,NRU,720931
21122428,165,8236,1997,0.0,0.0,1.1610610000000001,-0.485941,NRU,720932
21128954,165,8237,1997,0.0,0.0,1.1610610000000001,-0.485941,NRU,720933
21135480,165,8238,1997,0.0,0.0,1.1610610000000001,-0.485941,NRU,720934
21142006,165,8239,1997,0.0,0.0,1.1610610000000001,-0.485941,NRU,720941
21148532,165,8240,1997,0.0,0.0,1.1610610000000001,-0.485941,NRU,720942
21155058,165,8241,1997,0.0,0.0,1.1610610000000001,-0.485941,NRU,720943
21161584,165,8242,1997,0.0,0.0,1.1610610000000001,-0.485941,NRU,720944
21168110,165,8243,1997,0.0,0.0,1.1610610000000001,-0.485941,NRU,720990
21174636,165,8244,1997,0.0,0.0,1.1610610000000001,-0.485941,NRU,721011
21181162,165,8245,1997,0.0,0.0,1.1610610000000001,-0.485941,NRU,721012
21187688,165,8246,1997,0.0,0.0,1.1610610000000001,-0.485941,NRU,721020
21194214,165,8247,1997,0.0,0.0,1.1610610000000001,-0.485941,NRU,721031
21200740,165,8248,1997,0.0,0.0,1.1610610000000001,-0.485941,NRU,721039
21207266,165,8249,1997,0.0,0.0,1.1610610000000001,-0.485941,NRU,721041
21213792,165,8250,1997,0.0,4.33646940063573e-09,1.1610610000000001,-0.485941,NRU,721049
21220318,165,8251,1997,0.0,0.0,1.1610610000000001,-0.485941,NRU,721050
21226844,165,8252,1997,0.0,0.0,1.1610610000000001,-0.485941,NRU,721060
21233370,165,8253,1997,0.0,0.0,1.1610610000000001,-0.485941,NRU,721070
21239896,165,8254,1997,0.0,0.0,1.1610610000000001,-0.485941,NRU,721090
21246422,165,8255,1997,0.0,0.0,1.1610610000000001,-0.485941,NRU,721111
21252948,165,8256,1997,0.0,0.0,1.1610610000000001,-0.485941,NRU,721112
21259474,165,8257,1997,0.0,0.0,1.1610610000000001,-0.485941,NRU,721119
21266000,165,8258,1997,0.0,0.0,1.1610610000000001,-0.485941,NRU,721121
21272526,165,8259,1997,0.0,0.0,1.1610610000000001,-0.485941,NRU,721122
21279052,165,8260,1997,0.0,0.0,1.1610610000000001,-0.485941,NRU,721129
21285578,165,8261,1997,0.0,0.0,1.1610610000000001,-0.485941,NRU,721130
21292104,165,8262,1997,0.0,0.0,1.1610610000000001,-0.485941,NRU,721141
21298630,165,8263,1997,0.0,0.0,1.1610610000000001,-0.485941,NRU,721149
21305156,165,8264,1997,0.0,0.0,1.1610610000000001,-0.485941,NRU,721190
21311682,165,8265,1997,0.0,0.0,1.1610610000000001,-0.485941,NRU,721210
21318208,165,8266,1997,0.0,0.0,1.1610610000000001,-0.485941,NRU,721221
21324734,165,8267,1997,0.0,0.0,1.1610610000000001,-0.485941,NRU,721229
21331260,165,8268,1997,0.0,0.0,1.1610610000000001,-0.485941,NRU,721230
21337786,165,8269,1997,0.0,0.0,1.1610610000000001,-0.485941,NRU,721240
21344312,165,8270,1997,0.0,0.0,1.1610610000000001,-0.485941,NRU,721250
21350838,165,8271,1997,0.0,0.0,1.1610610000000001,-0.485941,NRU,721260
21357364,165,8272,1997,0.0,0.0,1.1610610000000001,-0.485941,NRU,721310
21363890,165,8273,1997,0.0,0.0,1.1610610000000001,-0.485941,NRU,721320
21370416,165,8274,1997,0.0,0.0,1.1610610000000001,-0.485941,NRU,721331
21376942,165,8275,1997,0.0,0.0,1.1610610000000001,-0.485941,NRU,721339
21383468,165,8276,1997,0.0,0.0,1.1610610000000001,-0.485941,NRU,721341
21389994,165,8277,1997,0.0,0.0,1.1610610000000001,-0.485941,NRU,721349
21396520,165,8278,1997,0.0,0.0,1.1610610000000001,-0.485941,NRU,721350
21403046,165,8279,1997,0.0,0.0,1.1610610000000001,-0.485941,NRU,721410
21409572,165,8280,1997,0.0,0.0,1.1610610000000001,-0.485941,NRU,721420
21416098,165,8281,1997,0.0,0.0,1.1610610000000001,-0.485941,NRU,721430
21422624,165,8282,1997,0.0,0.0,1.1610610000000001,-0.485941,NRU,721440
21429150,165,8283,1997,0.0,0.0,1.1610610000000001,-0.485941,NRU,721450
21435676,165,8284,1997,0.0,0.0,1.1610610000000001,-0.485941,NRU,721460
21442202,165,8285,1997,0.0,0.0,1.1610610000000001,-0.485941,NRU,721510
21448728,165,8286,1997,0.0,0.0,1.1610610000000001,-0.485941,NRU,721520
21455254,165,8287,1997,0.0,0.0,1.1610610000000001,-0.485941,NRU,721530
21461780,165,8288,1997,0.0,0.0,1.1610610000000001,-0.485941,NRU,721540
21468306,165,8289,1997,0.0,0.0,1.1610610000000001,-0.485941,NRU,721590
21474832,165,8290,1997,0.0,0.0,1.1610610000000001,-0.485941,NRU,721610
21481358,165,8291,1997,0.0,5.455387216024467e-10,1.1610610000000001,-0.485941,NRU,721621
21487884,165,8292,1997,0.0,0.0,1.1610610000000001,-0.485941,NRU,721622
21494410,165,8293,1997,0.0,0.0,1.1610610000000001,-0.485941,NRU,721631
21500936,165,8294,1997,0.0,0.0,1.1610610000000001,-0.485941,NRU,721632
21507462,165,8295,1997,0.0,0.0,1.1610610000000001,-0.485941,NRU,721633
21513988,165,8296,1997,0.0,0.0,1.1610610000000001,-0.485941,NRU,721640
21520514,165,8297,1997,0.0,0.0,1.1610610000000001,-0.485941,NRU,721650
21527040,165,8298,1997,0.0,0.0,1.1610610000000001,-0.485941,NRU,721660
21533566,165,8299,1997,0.0,0.0,1.1610610000000001,-0.485941,NRU,721690
21540092,165,8300,1997,0.0,0.0,1.1610610000000001,-0.485941,NRU,721711
21546618,165,8301,1997,0.0,0.0,1.1610610000000001,-0.485941,NRU,721712
21553144,165,8302,1997,0.0,0.0,1.1610610000000001,-0.485941,NRU,721713
21559670,165,8303,1997,0.0,0.0,1.1610610000000001,-0.485941,NRU,721719
21566196,165,8304,1997,0.0,0.0,1.1610610000000001,-0.485941,NRU,721721
21572722,165,8305,1997,0.0,0.0,1.1610610000000001,-0.485941,NRU,721722
21579248,165,8306,1997,0.0,0.0,1.1610610000000001,-0.485941,NRU,721723
21585774,165,8307,1997,0.0,0.0,1.1610610000000001,-0.485941,NRU,721729
21592300,165,8308,1997,0.0,0.0,1.1610610000000001,-0.485941,NRU,721731
21598826,165,8309,1997,0.0,0.0,1.1610610000000001,-0.485941,NRU,721732
21605352,165,8310,1997,0.0,0.0,1.1610610000000001,-0.485941,NRU,721733
21611878,165,8311,1997,0.0,0.0,1.1610610000000001,-0.485941,NRU,721739
21618404,165,8312,1997,0.0,0.0,1.1610610000000001,-0.485941,NRU,721810
21624930,165,8313,1997,0.0,0.0,1.1610610000000001,-0.485941,NRU,721890
21631456,165,8314,1997,0.0,0.0,1.1610610000000001,-0.485941,NRU,721911
21637982,165,8315,1997,0.0,0.0,1.1610610000000001,-0.485941,NRU,721912
21644508,165,8316,1997,0.0,0.0,1.1610610000000001,-0.485941,NRU,721913
21651034,165,8317,1997,0.0,0.0,1.1610610000000001,-0.485941,NRU,721914
21657560,165,8318,1997,0.0,0.0,1.1610610000000001,-0.485941,NRU,721921
21664086,165,8319,1997,0.0,0.0,1.1610610000000001,-0.485941,NRU,721922
21670612,165,8320,1997,0.0,0.0,1.1610610000000001,-0.485941,NRU,721923
21677138,165,8321,1997,0.0,0.0,1.1610610000000001,-0.485941,NRU,721924
21683664,165,8322,1997,0.0,0.0,1.1610610000000001,-0.485941,NRU,721931
21690190,165,8323,1997,0.0,0.0,1.1610610000000001,-0.485941,NRU,721932
21696716,165,8324,1997,0.0,0.0,1.1610610000000001,-0.485941,NRU,721933
21703242,165,8325,1997,0.0,0.0,1.1610610000000001,-0.485941,NRU,721934
21709768,165,8326,1997,0.0,0.0,1.1610610000000001,-0.485941,NRU,721935
21716294,165,8327,1997,0.0,0.0,1.1610610000000001,-0.485941,NRU,721990
21722820,165,8328,1997,0.0,0.0,1.1610610000000001,-0.485941,NRU,722011
21729346,165,8329,1997,0.0,0.0,1.1610610000000001,-0.485941,NRU,722012
21735872,165,8330,1997,0.0,0.0,1.1610610000000001,-0.485941,NRU,722020
21742398,165,8331,1997,0.0,0.0,1.1610610000000001,-0.485941,NRU,722090
21748924,165,8332,1997,0.0,0.0,1.1610610000000001,-0.485941,NRU,722100
21755450,165,8333,1997,0.0,2.966656802590219e-09,1.1610610000000001,-0.485941,NRU,722210
21761976,165,8334,1997,0.0,0.0,1.1610610000000001,-0.485941,NRU,722220
21768502,165,8335,1997,0.0,0.0,1.1610610000000001,-0.485941,NRU,722230
21775028,165,8336,1997,0.0,0.0,1.1610610000000001,-0.485941,NRU,722240
21781554,165,8337,1997,0.0,0.0,1.1610610000000001,-0.485941,NRU,722300
21788080,165,8338,1997,0.0,0.0,1.1610610000000001,-0.485941,NRU,722410
21794606,165,8339,1997,0.0,0.0,1.1610610000000001,-0.485941,NRU,722490
21801132,165,8340,1997,0.0,0.0,1.1610610000000001,-0.485941,NRU,722510
21807658,165,8341,1997,0.0,0.0,1.1610610000000001,-0.485941,NRU,722520
21814184,165,8342,1997,0.0,0.0,1.1610610000000001,-0.485941,NRU,722530
21820710,165,8343,1997,0.0,0.0,1.1610610000000001,-0.485941,NRU,722540
21827236,165,8344,1997,0.0,0.0,1.1610610000000001,-0.485941,NRU,722550
21833762,165,8345,1997,0.0,0.0,1.1610610000000001,-0.485941,NRU,722590
21840288,165,8346,1997,0.0,0.0,1.1610610000000001,-0.485941,NRU,722610
21846814,165,8347,1997,0.0,0.0,1.1610610000000001,-0.485941,NRU,722620
21853340,165,8348,1997,0.0,0.0,1.1610610000000001,-0.485941,NRU,722691
21859866,165,8349,1997,0.0,0.0,1.1610610000000001,-0.485941,NRU,722692
21866392,165,8350,1997,0.0,0.0,1.1610610000000001,-0.485941,NRU,722699
21872918,165,8351,1997,0.0,0.0,1.1610610000000001,-0.485941,NRU,722710
21879444,165,8352,1997,0.0,0.0,1.1610610000000001,-0.485941,NRU,722720
21885970,165,8353,1997,0.0,1.4878027468246557e-09,1.1610610000000001,-0.485941,NRU,722790
21892496,165,8354,1997,0.0,0.0,1.1610610000000001,-0.485941,NRU,722810
21899022,165,8355,1997,0.0,0.0,1.1610610000000001,-0.485941,NRU,722820
21905548,165,8356,1997,0.0,0.0,1.1610610000000001,-0.485941,NRU,722830
21912074,165,8357,1997,0.0,0.0,1.1610610000000001,-0.485941,NRU,722840
21918600,165,8358,1997,0.0,0.0,1.1610610000000001,-0.485941,NRU,722850
21925126,165,8359,1997,0.0,0.0,1.1610610000000001,-0.485941,NRU,722860
21931652,165,8360,1997,0.0,0.0,1.1610610000000001,-0.485941,NRU,722870
21938178,165,8361,1997,0.0,0.0,1.1610610000000001,-0.485941,NRU,722880
21944704,165,8362,1997,0.0,0.0,1.1610610000000001,-0.485941,NRU,722910
21951230,165,8363,1997,0.0,0.0,1.1610610000000001,-0.485941,NRU,722920
21957756,165,8364,1997,0.0,0.0,1.1610610000000001,-0.485941,NRU,722990
21964282,165,8365,1997,0.0,0.0,1.1610610000000001,-0.485941,NRU,730110
21970808,165,8366,1997,0.0,0.0,1.1610610000000001,-0.485941,NRU,730120
21977334,165,8367,1997,0.0,0.0,1.1610610000000001,-0.485941,NRU,730210
21983860,165,8368,1997,0.0,0.0,1.1610610000000001,-0.485941,NRU,730220
21990386,165,8369,1997,0.0,0.0,1.1610610000000001,-0.485941,NRU,730230
21996912,165,8370,1997,0.0,0.0,1.1610610000000001,-0.485941,NRU,730240
22003438,165,8371,1997,0.0,0.0,1.1610610000000001,-0.485941,NRU,730290
22009964,165,8372,1997,0.0,0.0,1.1610610000000001,-0.485941,NRU,730300
22016490,165,8373,1997,0.0,0.0,1.1610610000000001,-0.485941,NRU,730410
22023016,165,8374,1997,0.0,0.0,1.1610610000000001,-0.485941,NRU,730420
22029542,165,8375,1997,0.0,0.0,1.1610610000000001,-0.485941,NRU,730431
22036068,165,8376,1997,0.0,0.0,1.1610610000000001,-0.485941,NRU,730439
22042594,165,8377,1997,0.0,0.0,1.1610610000000001,-0.485941,NRU,730441
22049120,165,8378,1997,0.0,0.0,1.1610610000000001,-0.485941,NRU,730449
22055646,165,8379,1997,0.0,0.0,1.1610610000000001,-0.485941,NRU,730451
22062172,165,8380,1997,0.0,0.0,1.1610610000000001,-0.485941,NRU,730459
22068698,165,8381,1997,0.0,0.0,1.1610610000000001,-0.485941,NRU,730490
22075224,165,8382,1997,0.0,0.0,1.1610610000000001,-0.485941,NRU,730511
22081750,165,8383,1997,0.0,0.0,1.1610610000000001,-0.485941,NRU,730512
22088276,165,8384,1997,0.0,0.0,1.1610610000000001,-0.485941,NRU,730519
22094802,165,8385,1997,0.0,0.0,1.1610610000000001,-0.485941,NRU,730520
22101328,165,8386,1997,0.0,0.0,1.1610610000000001,-0.485941,NRU,730531
22107854,165,8387,1997,0.0,0.0,1.1610610000000001,-0.485941,NRU,730539
22114380,165,8388,1997,0.0,0.0,1.1610610000000001,-0.485941,NRU,730590
22120906,165,8389,1997,0.0,7.081066091759583e-09,1.1610610000000001,-0.485941,NRU,730610
22127432,165,8390,1997,0.0,0.0,1.1610610000000001,-0.485941,NRU,730620
22133958,165,8391,1997,0.0,0.0,1.1610610000000001,-0.485941,NRU,730630
22140484,165,8392,1997,0.0,0.0,1.1610610000000001,-0.485941,NRU,730640
22147010,165,8393,1997,0.0,0.0,1.1610610000000001,-0.485941,NRU,730650
22153536,165,8394,1997,0.0,0.0,1.1610610000000001,-0.485941,NRU,730660
22160062,165,8395,1997,0.0,0.0,1.1610610000000001,-0.485941,NRU,730690
22166588,165,8396,1997,0.0,0.0,1.1610610000000001,-0.485941,NRU,730711
22173114,165,8397,1997,0.0,0.0,1.1610610000000001,-0.485941,NRU,730719
22179640,165,8398,1997,0.0,0.0,1.1610610000000001,-0.485941,NRU,730721
22186166,165,8399,1997,0.0,0.0,1.1610610000000001,-0.485941,NRU,730722
22192692,165,8400,1997,0.0,0.0,1.1610610000000001,-0.485941,NRU,730723
22199218,165,8401,1997,0.0,0.0,1.1610610000000001,-0.485941,NRU,730729
22205744,165,8402,1997,0.0,0.0,1.1610610000000001,-0.485941,NRU,730791
22212270,165,8403,1997,0.0,0.0,1.1610610000000001,-0.485941,NRU,730792
22218796,165,8404,1997,0.0,0.0,1.1610610000000001,-0.485941,NRU,730793
22225322,165,8405,1997,0.0,0.0,1.1610610000000001,-0.485941,NRU,730799
22231848,165,8406,1997,0.0,0.0,1.1610610000000001,-0.485941,NRU,730810
22238374,165,8407,1997,0.0,8.922176418917294e-10,1.1610610000000001,-0.485941,NRU,730820
22244900,165,8408,1997,0.0,0.0,1.1610610000000001,-0.485941,NRU,730830
22251426,165,8409,1997,0.0,0.0,1.1610610000000001,-0.485941,NRU,730840
22257952,165,8410,1997,0.0,0.0,1.1610610000000001,-0.485941,NRU,730890
22264478,165,8411,1997,0.0,6.9017608375755464e-09,1.1610610000000001,-0.485941,NRU,730900
22271004,165,8412,1997,0.0,0.0,1.1610610000000001,-0.485941,NRU,731010
22277530,165,8413,1997,0.0,0.0,1.1610610000000001,-0.485941,NRU,731021
22284056,165,8414,1997,0.0,0.0,1.1610610000000001,-0.485941,NRU,731029
22290582,165,8415,1997,0.0,0.0,1.1610610000000001,-0.485941,NRU,731100
22297108,165,8416,1997,0.0,2.921913347294757e-09,1.1610610000000001,-0.485941,NRU,731210
22303634,165,8417,1997,0.0,0.0,1.1610610000000001,-0.485941,NRU,731290
22310160,165,8418,1997,0.0,1.0576027099838442e-09,1.1610610000000001,-0.485941,NRU,731300
22316686,165,8419,1997,0.0,0.0,1.1610610000000001,-0.485941,NRU,731411
22323212,165,8420,1997,0.0,0.0,1.1610610000000001,-0.485941,NRU,731419
22329738,165,8421,1997,0.0,1.0834544841545555e-09,1.1610610000000001,-0.485941,NRU,731420
22336264,165,8422,1997,0.0,0.0,1.1610610000000001,-0.485941,NRU,731430
22342790,165,8423,1997,0.0,0.0,1.1610610000000001,-0.485941,NRU,731441
22349316,165,8424,1997,0.0,0.0,1.1610610000000001,-0.485941,NRU,731442
22355842,165,8425,1997,0.0,0.0,1.1610610000000001,-0.485941,NRU,731449
22362368,165,8426,1997,0.0,0.0,1.1610610000000001,-0.485941,NRU,731450
22368894,165,8427,1997,0.0,0.0,1.1610610000000001,-0.485941,NRU,731511
22375420,165,8428,1997,0.0,0.0,1.1610610000000001,-0.485941,NRU,731512
22381946,165,8429,1997,0.0,0.0,1.1610610000000001,-0.485941,NRU,731519
22388472,165,8430,1997,0.0,0.0,1.1610610000000001,-0.485941,NRU,731520
22394998,165,8431,1997,0.0,0.0,1.1610610000000001,-0.485941,NRU,731581
22401524,165,8432,1997,0.0,4.583718420268431e-10,1.1610610000000001,-0.485941,NRU,731582
22408050,165,8433,1997,0.0,0.0,1.1610610000000001,-0.485941,NRU,731589
22414576,165,8434,1997,0.0,0.0,1.1610610000000001,-0.485941,NRU,731590
22421102,165,8435,1997,0.0,0.0,1.1610610000000001,-0.485941,NRU,731600
22427628,165,8436,1997,0.0,0.0,1.1610610000000001,-0.485941,NRU,731700
22434154,165,8437,1997,0.0,0.0,1.1610610000000001,-0.485941,NRU,731811
22440680,165,8438,1997,0.0,0.0,1.1610610000000001,-0.485941,NRU,731812
22447206,165,8439,1997,0.0,0.0,1.1610610000000001,-0.485941,NRU,731813
22453732,165,8440,1997,0.0,0.0,1.1610610000000001,-0.485941,NRU,731814
22460258,165,8441,1997,0.0,3.4329830366695886e-09,1.1610610000000001,-0.485941,NRU,731815
22466784,165,8442,1997,0.0,0.0,1.1610610000000001,-0.485941,NRU,731816
22473310,165,8443,1997,0.0,0.0,1.1610610000000001,-0.485941,NRU,731819
22479836,165,8444,1997,0.0,0.0,1.1610610000000001,-0.485941,NRU,731821
22486362,165,8445,1997,0.0,0.0,1.1610610000000001,-0.485941,NRU,731822
22492888,165,8446,1997,0.0,0.0,1.1610610000000001,-0.485941,NRU,731823
22499414,165,8447,1997,0.0,0.0,1.1610610000000001,-0.485941,NRU,731824
22505940,165,8448,1997,0.0,0.0,1.1610610000000001,-0.485941,NRU,731829
22512466,165,8449,1997,0.0,0.0,1.1610610000000001,-0.485941,NRU,731910
22518992,165,8450,1997,0.0,0.0,1.1610610000000001,-0.485941,NRU,731920
22525518,165,8451,1997,0.0,0.0,1.1610610000000001,-0.485941,NRU,731930
22532044,165,8452,1997,0.0,0.0,1.1610610000000001,-0.485941,NRU,731990
22538570,165,8453,1997,0.0,0.0,1.1610610000000001,-0.485941,NRU,732010
22545096,165,8454,1997,0.0,0.0,1.1610610000000001,-0.485941,NRU,732020
22551622,165,8455,1997,0.0,0.0,1.1610610000000001,-0.485941,NRU,732090
22558148,165,8456,1997,0.0,0.0,1.1610610000000001,-0.485941,NRU,732111
22564674,165,8457,1997,0.0,1.2889429455114916e-09,1.1610610000000001,-0.485941,NRU,732112
22571200,165,8458,1997,0.0,0.0,1.1610610000000001,-0.485941,NRU,732113
22577726,165,8459,1997,0.0,0.0,1.1610610000000001,-0.485941,NRU,732181
22584252,165,8460,1997,0.0,0.0,1.1610610000000001,-0.485941,NRU,732182
22590778,165,8461,1997,0.0,0.0,1.1610610000000001,-0.485941,NRU,732183
22597304,165,8462,1997,0.0,0.0,1.1610610000000001,-0.485941,NRU,732190
22603830,165,8463,1997,0.0,0.0,1.1610610000000001,-0.485941,NRU,732211
22610356,165,8464,1997,0.0,0.0,1.1610610000000001,-0.485941,NRU,732219
22616882,165,8465,1997,0.0,0.0,1.1610610000000001,-0.485941,NRU,732290
22623408,165,8466,1997,0.0,0.0,1.1610610000000001,-0.485941,NRU,732310
22629934,165,8467,1997,0.0,0.0,1.1610610000000001,-0.485941,NRU,732391
22636460,165,8468,1997,0.0,0.0,1.1610610000000001,-0.485941,NRU,732392
22642986,165,8469,1997,0.0,0.0,1.1610610000000001,-0.485941,NRU,732393
22649512,165,8470,1997,0.0,0.0,1.1610610000000001,-0.485941,NRU,732394
22656038,165,8471,1997,0.0,0.0,1.1610610000000001,-0.485941,NRU,732399
22662564,165,8472,1997,0.0,0.0,1.1610610000000001,-0.485941,NRU,732410
22669090,165,8473,1997,0.0,0.0,1.1610610000000001,-0.485941,NRU,732421
22675616,165,8474,1997,0.0,0.0,1.1610610000000001,-0.485941,NRU,732429
22682142,165,8475,1997,0.0,6.376770962108794e-10,1.1610610000000001,-0.485941,NRU,732490
22688668,165,8476,1997,0.0,0.0,1.1610610000000001,-0.485941,NRU,732510
22695194,165,8477,1997,0.0,0.0,1.1610610000000001,-0.485941,NRU,732591
22701720,165,8478,1997,0.0,0.0,1.1610610000000001,-0.485941,NRU,732599
22708246,165,8479,1997,0.0,0.0,1.1610610000000001,-0.485941,NRU,732611
22714772,165,8480,1997,0.0,0.0,1.1610610000000001,-0.485941,NRU,732619
22721298,165,8481,1997,0.0,0.0,1.1610610000000001,-0.485941,NRU,732620
22727824,165,8482,1997,0.0,4.974809362850988e-10,1.1610610000000001,-0.485941,NRU,732690
22734350,165,8483,1997,0.0,0.0,1.1610610000000001,-0.485941,NRU,740110
22740876,165,8484,1997,0.0,0.0,1.1610610000000001,-0.485941,NRU,740120
22747402,165,8485,1997,0.0,0.0,1.1610610000000001,-0.485941,NRU,740200
22753928,165,8486,1997,0.0,0.0,1.1610610000000001,-0.485941,NRU,740311
22760454,165,8487,1997,0.0,0.0,1.1610610000000001,-0.485941,NRU,740312
22766980,165,8488,1997,0.0,0.0,1.1610610000000001,-0.485941,NRU,740313
22773506,165,8489,1997,0.0,0.0,1.1610610000000001,-0.485941,NRU,740319
22780032,165,8490,1997,0.0,0.0,1.1610610000000001,-0.485941,NRU,740321
22786558,165,8491,1997,0.0,0.0,1.1610610000000001,-0.485941,NRU,740322
22793084,165,8492,1997,0.0,0.0,1.1610610000000001,-0.485941,NRU,740323
22799610,165,8493,1997,0.0,0.0,1.1610610000000001,-0.485941,NRU,740329
22806136,165,8494,1997,2.1597449758705296e-09,0.0,1.1610610000000001,-0.485941,NRU,740400
22812662,165,8495,1997,0.0,0.0,1.1610610000000001,-0.485941,NRU,740500
22819188,165,8496,1997,0.0,0.0,1.1610610000000001,-0.485941,NRU,740610
22825714,165,8497,1997,0.0,0.0,1.1610610000000001,-0.485941,NRU,740620
22832240,165,8498,1997,0.0,0.0,1.1610610000000001,-0.485941,NRU,740710
22838766,165,8499,1997,0.0,0.0,1.1610610000000001,-0.485941,NRU,740721
22845292,165,8500,1997,0.0,0.0,1.1610610000000001,-0.485941,NRU,740722
22851818,165,8501,1997,0.0,0.0,1.1610610000000001,-0.485941,NRU,740729
22858344,165,8502,1997,0.0,0.0,1.1610610000000001,-0.485941,NRU,740811
22864870,165,8503,1997,0.0,0.0,1.1610610000000001,-0.485941,NRU,740819
22871396,165,8504,1997,0.0,0.0,1.1610610000000001,-0.485941,NRU,740821
22877922,165,8505,1997,0.0,0.0,1.1610610000000001,-0.485941,NRU,740822
22884448,165,8506,1997,0.0,0.0,1.1610610000000001,-0.485941,NRU,740829
22890974,165,8507,1997,0.0,0.0,1.1610610000000001,-0.485941,NRU,740911
22897500,165,8508,1997,0.0,0.0,1.1610610000000001,-0.485941,NRU,740919
22904026,165,8509,1997,0.0,0.0,1.1610610000000001,-0.485941,NRU,740921
22910552,165,8510,1997,0.0,0.0,1.1610610000000001,-0.485941,NRU,740929
22917078,165,8511,1997,0.0,0.0,1.1610610000000001,-0.485941,NRU,740931
22923604,165,8512,1997,0.0,0.0,1.1610610000000001,-0.485941,NRU,740939
22930130,165,8513,1997,0.0,0.0,1.1610610000000001,-0.485941,NRU,740940
22936656,165,8514,1997,0.0,0.0,1.1610610000000001,-0.485941,NRU,740990
22943182,165,8515,1997,3.731022326001901e-08,0.0,1.1610610000000001,-0.485941,NRU,741011
22949708,165,8516,1997,0.0,0.0,1.1610610000000001,-0.485941,NRU,741012
22956234,165,8517,1997,0.0,0.0,1.1610610000000001,-0.485941,NRU,741021
22962760,165,8518,1997,0.0,0.0,1.1610610000000001,-0.485941,NRU,741022
22969286,165,8519,1997,0.0,0.0,1.1610610000000001,-0.485941,NRU,741110
22975812,165,8520,1997,0.0,0.0,1.1610610000000001,-0.485941,NRU,741121
22982338,165,8521,1997,0.0,0.0,1.1610610000000001,-0.485941,NRU,741122
22988864,165,8522,1997,0.0,0.0,1.1610610000000001,-0.485941,NRU,741129
22995390,165,8523,1997,0.0,0.0,1.1610610000000001,-0.485941,NRU,741210
23001916,165,8524,1997,0.0,0.0,1.1610610000000001,-0.485941,NRU,741220
23008442,165,8525,1997,0.0,0.0,1.1610610000000001,-0.485941,NRU,741300
23014968,165,8526,1997,0.0,0.0,1.1610610000000001,-0.485941,NRU,741410
23021494,165,8527,1997,0.0,0.0,1.1610610000000001,-0.485941,NRU,741490
23028020,165,8528,1997,0.0,0.0,1.1610610000000001,-0.485941,NRU,741510
23034546,165,8529,1997,0.0,0.0,1.1610610000000001,-0.485941,NRU,741521
23041072,165,8530,1997,0.0,0.0,1.1610610000000001,-0.485941,NRU,741529
23047598,165,8531,1997,0.0,0.0,1.1610610000000001,-0.485941,NRU,741531
23054124,165,8532,1997,0.0,0.0,1.1610610000000001,-0.485941,NRU,741532
23060650,165,8533,1997,0.0,0.0,1.1610610000000001,-0.485941,NRU,741539
23067176,165,8534,1997,0.0,0.0,1.1610610000000001,-0.485941,NRU,741600
23073702,165,8535,1997,0.0,0.0,1.1610610000000001,-0.485941,NRU,741700
23080228,165,8536,1997,0.0,0.0,1.1610610000000001,-0.485941,NRU,741810
23086754,165,8537,1997,0.0,0.0,1.1610610000000001,-0.485941,NRU,741820
23093280,165,8538,1997,0.0,0.0,1.1610610000000001,-0.485941,NRU,741910
23099806,165,8539,1997,0.0,0.0,1.1610610000000001,-0.485941,NRU,741991
23106332,165,8540,1997,0.0,0.0,1.1610610000000001,-0.485941,NRU,741999
23112858,165,8541,1997,0.0,0.0,1.1610610000000001,-0.485941,NRU,750110
23119384,165,8542,1997,0.0,0.0,1.1610610000000001,-0.485941,NRU,750120
23125910,165,8543,1997,0.0,0.0,1.1610610000000001,-0.485941,NRU,750210
23132436,165,8544,1997,0.0,0.0,1.1610610000000001,-0.485941,NRU,750220
23138962,165,8545,1997,0.0,0.0,1.1610610000000001,-0.485941,NRU,750300
23145488,165,8546,1997,0.0,0.0,1.1610610000000001,-0.485941,NRU,750400
23152014,165,8547,1997,0.0,0.0,1.1610610000000001,-0.485941,NRU,750511
23158540,165,8548,1997,0.0,0.0,1.1610610000000001,-0.485941,NRU,750512
23165066,165,8549,1997,0.0,0.0,1.1610610000000001,-0.485941,NRU,750521
23171592,165,8550,1997,0.0,0.0,1.1610610000000001,-0.485941,NRU,750522
23178118,165,8551,1997,0.0,0.0,1.1610610000000001,-0.485941,NRU,750610
23184644,165,8552,1997,0.0,0.0,1.1610610000000001,-0.485941,NRU,750620
23191170,165,8553,1997,0.0,0.0,1.1610610000000001,-0.485941,NRU,750711
23197696,165,8554,1997,0.0,0.0,1.1610610000000001,-0.485941,NRU,750712
23204222,165,8555,1997,0.0,0.0,1.1610610000000001,-0.485941,NRU,750720
23210748,165,8556,1997,0.0,0.0,1.1610610000000001,-0.485941,NRU,750800
23217274,165,8557,1997,0.0,0.0,1.1610610000000001,-0.485941,NRU,760110
23223800,165,8558,1997,0.0,0.0,1.1610610000000001,-0.485941,NRU,760120
23230326,165,8559,1997,3.5834129843789827e-09,0.0,1.1610610000000001,-0.485941,NRU,760200
23236852,165,8560,1997,0.0,0.0,1.1610610000000001,-0.485941,NRU,760310
23243378,165,8561,1997,0.0,0.0,1.1610610000000001,-0.485941,NRU,760320
23249904,165,8562,1997,0.0,0.0,1.1610610000000001,-0.485941,NRU,760410
23256430,165,8563,1997,0.0,0.0,1.1610610000000001,-0.485941,NRU,760421
23262956,165,8564,1997,0.0,0.0,1.1610610000000001,-0.485941,NRU,760429
23269482,165,8565,1997,0.0,0.0,1.1610610000000001,-0.485941,NRU,760511
23276008,165,8566,1997,0.0,0.0,1.1610610000000001,-0.485941,NRU,760519
23282534,165,8567,1997,0.0,0.0,1.1610610000000001,-0.485941,NRU,760521
23289060,165,8568,1997,0.0,0.0,1.1610610000000001,-0.485941,NRU,760529
23295586,165,8569,1997,0.0,5.746716824948252e-09,1.1610610000000001,-0.485941,NRU,760611
23302112,165,8570,1997,0.0,5.551502786659163e-10,1.1610610000000001,-0.485941,NRU,760612
23308638,165,8571,1997,0.0,0.0,1.1610610000000001,-0.485941,NRU,760691
23315164,165,8572,1997,0.0,0.0,1.1610610000000001,-0.485941,NRU,760692
23321690,165,8573,1997,0.0,5.723847947797239e-10,1.1610610000000001,-0.485941,NRU,760711
23328216,165,8574,1997,0.0,4.8067728307413634e-09,1.1610610000000001,-0.485941,NRU,760719
23334742,165,8575,1997,0.0,1.988266580129452e-09,1.1610610000000001,-0.485941,NRU,760720
23341268,165,8576,1997,0.0,0.0,1.1610610000000001,-0.485941,NRU,760810
23347794,165,8577,1997,0.0,0.0,1.1610610000000001,-0.485941,NRU,760820
23354320,165,8578,1997,0.0,0.0,1.1610610000000001,-0.485941,NRU,760900
23360846,165,8579,1997,0.0,3.926818209930613e-09,1.1610610000000001,-0.485941,NRU,761010
23367372,165,8580,1997,0.0,0.0,1.1610610000000001,-0.485941,NRU,761090
23373898,165,8581,1997,0.0,0.0,1.1610610000000001,-0.485941,NRU,761100
23380424,165,8582,1997,0.0,0.0,1.1610610000000001,-0.485941,NRU,761210
23386950,165,8583,1997,0.0,5.781848723180244e-09,1.1610610000000001,-0.485941,NRU,761290
23393476,165,8584,1997,0.0,1.710857157297588e-09,1.1610610000000001,-0.485941,NRU,761300
23400002,165,8585,1997,0.0,0.0,1.1610610000000001,-0.485941,NRU,761410
23406528,165,8586,1997,0.0,0.0,1.1610610000000001,-0.485941,NRU,761490
23413054,165,8587,1997,0.0,0.0,1.1610610000000001,-0.485941,NRU,761510
23419580,165,8588,1997,0.0,0.0,1.1610610000000001,-0.485941,NRU,761520
23426106,165,8589,1997,0.0,0.0,1.1610610000000001,-0.485941,NRU,761610
23432632,165,8590,1997,0.0,0.0,1.1610610000000001,-0.485941,NRU,761690
23439158,165,8591,1997,0.0,0.0,1.1610610000000001,-0.485941,NRU,780110
23445684,165,8592,1997,0.0,0.0,1.1610610000000001,-0.485941,NRU,780191
23452210,165,8593,1997,0.0,0.0,1.1610610000000001,-0.485941,NRU,780199
23458736,165,8594,1997,0.0,0.0,1.1610610000000001,-0.485941,NRU,780200
23465262,165,8595,1997,0.0,0.0,1.1610610000000001,-0.485941,NRU,780300
23471788,165,8596,1997,0.0,0.0,1.1610610000000001,-0.485941,NRU,780411
23478314,165,8597,1997,0.0,0.0,1.1610610000000001,-0.485941,NRU,780419
23484840,165,8598,1997,0.0,0.0,1.1610610000000001,-0.485941,NRU,780420
23491366,165,8599,1997,0.0,0.0,1.1610610000000001,-0.485941,NRU,780500
23497892,165,8600,1997,0.0,0.0,1.1610610000000001,-0.485941,NRU,780600
23504418,165,8601,1997,0.0,0.0,1.1610610000000001,-0.485941,NRU,790111
23510944,165,8602,1997,0.0,1.6767725873525116e-07,1.1610610000000001,-0.485941,NRU,790112
23517470,165,8603,1997,0.0,0.0,1.1610610000000001,-0.485941,NRU,790120
23523996,165,8604,1997,0.0,0.0,1.1610610000000001,-0.485941,NRU,790200
23530522,165,8605,1997,0.0,0.0,1.1610610000000001,-0.485941,NRU,790310
23537048,165,8606,1997,0.0,0.0,1.1610610000000001,-0.485941,NRU,790390
23543574,165,8607,1997,0.0,0.0,1.1610610000000001,-0.485941,NRU,790400
23550100,165,8608,1997,0.0,4.0361911006528525e-09,1.1610610000000001,-0.485941,NRU,790500
23556626,165,8609,1997,0.0,0.0,1.1610610000000001,-0.485941,NRU,790600
23563152,165,8610,1997,0.0,0.0,1.1610610000000001,-0.485941,NRU,790710
23569678,165,8611,1997,0.0,0.0,1.1610610000000001,-0.485941,NRU,790790
23576204,165,8612,1997,0.0,0.0,1.1610610000000001,-0.485941,NRU,800110
23582730,165,8613,1997,0.0,0.0,1.1610610000000001,-0.485941,NRU,800120
23589256,165,8614,1997,0.0,0.0,1.1610610000000001,-0.485941,NRU,800200
23595782,165,8615,1997,0.0,0.0,1.1610610000000001,-0.485941,NRU,800300
23602308,165,8616,1997,0.0,0.0,1.1610610000000001,-0.485941,NRU,800400
23608834,165,8617,1997,0.0,0.0,1.1610610000000001,-0.485941,NRU,800510
23615360,165,8618,1997,0.0,0.0,1.1610610000000001,-0.485941,NRU,800520
23621886,165,8619,1997,0.0,0.0,1.1610610000000001,-0.485941,NRU,800600
23628412,165,8620,1997,0.0,0.0,1.1610610000000001,-0.485941,NRU,800700
23634938,165,8621,1997,0.0,0.0,1.1610610000000001,-0.485941,NRU,810110
23641464,165,8622,1997,0.0,0.0,1.1610610000000001,-0.485941,NRU,810191
23647990,165,8623,1997,0.0,0.0,1.1610610000000001,-0.485941,NRU,810192
23654516,165,8624,1997,0.0,0.0,1.1610610000000001,-0.485941,NRU,810193
23661042,165,8625,1997,0.0,0.0,1.1610610000000001,-0.485941,NRU,810199
23667568,165,8626,1997,0.0,0.0,1.1610610000000001,-0.485941,NRU,810210
23674094,165,8627,1997,0.0,0.0,1.1610610000000001,-0.485941,NRU,810291
23680620,165,8628,1997,0.0,0.0,1.1610610000000001,-0.485941,NRU,810292
23687146,165,8629,1997,0.0,0.0,1.1610610000000001,-0.485941,NRU,810293
23693672,165,8630,1997,0.0,0.0,1.1610610000000001,-0.485941,NRU,810299
23700198,165,8631,1997,0.0,0.0,1.1610610000000001,-0.485941,NRU,810310
23706724,165,8632,1997,0.0,0.0,1.1610610000000001,-0.485941,NRU,810390
23713250,165,8633,1997,0.0,0.0,1.1610610000000001,-0.485941,NRU,810411
23719776,165,8634,1997,0.0,0.0,1.1610610000000001,-0.485941,NRU,810419
23726302,165,8635,1997,0.0,0.0,1.1610610000000001,-0.485941,NRU,810420
23732828,165,8636,1997,0.0,0.0,1.1610610000000001,-0.485941,NRU,810430
23739354,165,8637,1997,0.0,0.0,1.1610610000000001,-0.485941,NRU,810490
23745880,165,8638,1997,0.0,0.0,1.1610610000000001,-0.485941,NRU,810510
23752406,165,8639,1997,0.0,0.0,1.1610610000000001,-0.485941,NRU,810590
23758932,165,8640,1997,0.0,0.0,1.1610610000000001,-0.485941,NRU,810600
23765458,165,8641,1997,0.0,0.0,1.1610610000000001,-0.485941,NRU,810710
23771984,165,8642,1997,0.0,0.0,1.1610610000000001,-0.485941,NRU,810790
23778510,165,8643,1997,0.0,0.0,1.1610610000000001,-0.485941,NRU,810810
23785036,165,8644,1997,0.0,0.0,1.1610610000000001,-0.485941,NRU,810890
23791562,165,8645,1997,0.0,0.0,1.1610610000000001,-0.485941,NRU,810910
23798088,165,8646,1997,0.0,0.0,1.1610610000000001,-0.485941,NRU,810990
23804614,165,8647,1997,0.0,0.0,1.1610610000000001,-0.485941,NRU,811000
23811140,165,8648,1997,0.0,0.0,1.1610610000000001,-0.485941,NRU,811100
23817666,165,8649,1997,0.0,0.0,1.1610610000000001,-0.485941,NRU,811211
23824192,165,8650,1997,0.0,5.104068233704544e-10,1.1610610000000001,-0.485941,NRU,811219
23830718,165,8651,1997,0.0,0.0,1.1610610000000001,-0.485941,NRU,811220
23837244,165,8652,1997,0.0,0.0,1.1610610000000001,-0.485941,NRU,811230
23843770,165,8653,1997,0.0,0.0,1.1610610000000001,-0.485941,NRU,811240
23850296,165,8654,1997,0.0,0.0,1.1610610000000001,-0.485941,NRU,811291
23856822,165,8655,1997,0.0,0.0,1.1610610000000001,-0.485941,NRU,811299
23863348,165,8656,1997,0.0,0.0,1.1610610000000001,-0.485941,NRU,811300
23869874,165,8657,1997,0.0,0.0,1.1610610000000001,-0.485941,NRU,820110
23876400,165,8658,1997,0.0,0.0,1.1610610000000001,-0.485941,NRU,820120
23882926,165,8659,1997,0.0,0.0,1.1610610000000001,-0.485941,NRU,820130
23889452,165,8660,1997,0.0,0.0,1.1610610000000001,-0.485941,NRU,820140
23895978,165,8661,1997,0.0,0.0,1.1610610000000001,-0.485941,NRU,820150
23902504,165,8662,1997,0.0,0.0,1.1610610000000001,-0.485941,NRU,820160
23909030,165,8663,1997,0.0,0.0,1.1610610000000001,-0.485941,NRU,820190
23915556,165,8664,1997,0.0,0.0,1.1610610000000001,-0.485941,NRU,820210
23922082,165,8665,1997,0.0,0.0,1.1610610000000001,-0.485941,NRU,820220
23928608,165,8666,1997,0.0,0.0,1.1610610000000001,-0.485941,NRU,820231
23935134,165,8667,1997,0.0,0.0,1.1610610000000001,-0.485941,NRU,820232
23941660,165,8668,1997,0.0,0.0,1.1610610000000001,-0.485941,NRU,820240
23948186,165,8669,1997,0.0,0.0,1.1610610000000001,-0.485941,NRU,820291
23954712,165,8670,1997,0.0,0.0,1.1610610000000001,-0.485941,NRU,820299
23961238,165,8671,1997,0.0,0.0,1.1610610000000001,-0.485941,NRU,820310
23967764,165,8672,1997,0.0,0.0,1.1610610000000001,-0.485941,NRU,820320
23974290,165,8673,1997,0.0,0.0,1.1610610000000001,-0.485941,NRU,820330
23980816,165,8674,1997,0.0,0.0,1.1610610000000001,-0.485941,NRU,820340
23987342,165,8675,1997,0.0,0.0,1.1610610000000001,-0.485941,NRU,820411
23993868,165,8676,1997,0.0,0.0,1.1610610000000001,-0.485941,NRU,820412
24000394,165,8677,1997,0.0,0.0,1.1610610000000001,-0.485941,NRU,820420
24006920,165,8678,1997,0.0,0.0,1.1610610000000001,-0.485941,NRU,820510
24013446,165,8679,1997,0.0,0.0,1.1610610000000001,-0.485941,NRU,820520
24019972,165,8680,1997,0.0,0.0,1.1610610000000001,-0.485941,NRU,820530
24026498,165,8681,1997,0.0,0.0,1.1610610000000001,-0.485941,NRU,820540
24033024,165,8682,1997,0.0,0.0,1.1610610000000001,-0.485941,NRU,820551
24039550,165,8683,1997,0.0,0.0,1.1610610000000001,-0.485941,NRU,820559
24046076,165,8684,1997,0.0,0.0,1.1610610000000001,-0.485941,NRU,820560
24052602,165,8685,1997,0.0,0.0,1.1610610000000001,-0.485941,NRU,820570
24059128,165,8686,1997,0.0,0.0,1.1610610000000001,-0.485941,NRU,820580
24065654,165,8687,1997,0.0,0.0,1.1610610000000001,-0.485941,NRU,820590
24072180,165,8688,1997,0.0,0.0,1.1610610000000001,-0.485941,NRU,820600
24078706,165,8689,1997,0.0,0.0,1.1610610000000001,-0.485941,NRU,820711
24085232,165,8690,1997,0.0,2.8264606426644382e-09,1.1610610000000001,-0.485941,NRU,820712
24091758,165,8691,1997,0.0,0.0,1.1610610000000001,-0.485941,NRU,820720
24098284,165,8692,1997,0.0,0.0,1.1610610000000001,-0.485941,NRU,820730
24104810,165,8693,1997,0.0,0.0,1.1610610000000001,-0.485941,NRU,820740
24111336,165,8694,1997,0.0,0.0,1.1610610000000001,-0.485941,NRU,820750
24117862,165,8695,1997,0.0,0.0,1.1610610000000001,-0.485941,NRU,820760
24124388,165,8696,1997,0.0,0.0,1.1610610000000001,-0.485941,NRU,820770
24130914,165,8697,1997,0.0,0.0,1.1610610000000001,-0.485941,NRU,820780
24137440,165,8698,1997,0.0,0.0,1.1610610000000001,-0.485941,NRU,820790
24143966,165,8699,1997,0.0,0.0,1.1610610000000001,-0.485941,NRU,820810
24150492,165,8700,1997,0.0,0.0,1.1610610000000001,-0.485941,NRU,820820
24157018,165,8701,1997,0.0,0.0,1.1610610000000001,-0.485941,NRU,820830
24163544,165,8702,1997,0.0,0.0,1.1610610000000001,-0.485941,NRU,820840
24170070,165,8703,1997,0.0,0.0,1.1610610000000001,-0.485941,NRU,820890
24176596,165,8704,1997,0.0,0.0,1.1610610000000001,-0.485941,NRU,820900
24183122,165,8705,1997,0.0,2.0611818406109453e-09,1.1610610000000001,-0.485941,NRU,821000
24189648,165,8706,1997,0.0,0.0,1.1610610000000001,-0.485941,NRU,821110
24196174,165,8707,1997,0.0,0.0,1.1610610000000001,-0.485941,NRU,821191
24202700,165,8708,1997,0.0,0.0,1.1610610000000001,-0.485941,NRU,821192
24209226,165,8709,1997,0.0,0.0,1.1610610000000001,-0.485941,NRU,821193
24215752,165,8710,1997,0.0,0.0,1.1610610000000001,-0.485941,NRU,821194
24222278,165,8711,1997,0.0,6.509344162984236e-10,1.1610610000000001,-0.485941,NRU,821210
24228804,165,8712,1997,0.0,8.322282684955915e-10,1.1610610000000001,-0.485941,NRU,821220
24235330,165,8713,1997,0.0,0.0,1.1610610000000001,-0.485941,NRU,821290
24241856,165,8714,1997,0.0,0.0,1.1610610000000001,-0.485941,NRU,821300
24248382,165,8715,1997,0.0,0.0,1.1610610000000001,-0.485941,NRU,821410
24254908,165,8716,1997,0.0,2.8025974665068584e-09,1.1610610000000001,-0.485941,NRU,821420
24261434,165,8717,1997,0.0,0.0,1.1610610000000001,-0.485941,NRU,821490
24267960,165,8718,1997,0.0,0.0,1.1610610000000001,-0.485941,NRU,821510
24274486,165,8719,1997,0.0,9.071321269902166e-10,1.1610610000000001,-0.485941,NRU,821520
24281012,165,8720,1997,0.0,0.0,1.1610610000000001,-0.485941,NRU,821591
24287538,165,8721,1997,0.0,6.940207065829425e-10,1.1610610000000001,-0.485941,NRU,821599
24294064,165,8722,1997,0.0,8.365368975240434e-10,1.1610610000000001,-0.485941,NRU,830110
24300590,165,8723,1997,0.0,0.0,1.1610610000000001,-0.485941,NRU,830120
24307116,165,8724,1997,0.0,0.0,1.1610610000000001,-0.485941,NRU,830130
24313642,165,8725,1997,0.0,0.0,1.1610610000000001,-0.485941,NRU,830140
24320168,165,8726,1997,0.0,0.0,1.1610610000000001,-0.485941,NRU,830150
24326694,165,8727,1997,0.0,0.0,1.1610610000000001,-0.485941,NRU,830160
24333220,165,8728,1997,0.0,0.0,1.1610610000000001,-0.485941,NRU,830170
24339746,165,8729,1997,0.0,0.0,1.1610610000000001,-0.485941,NRU,830210
24346272,165,8730,1997,0.0,0.0,1.1610610000000001,-0.485941,NRU,830220
24352798,165,8731,1997,0.0,0.0,1.1610610000000001,-0.485941,NRU,830230
24359324,165,8732,1997,0.0,0.0,1.1610610000000001,-0.485941,NRU,830241
24365850,165,8733,1997,0.0,0.0,1.1610610000000001,-0.485941,NRU,830242
24372376,165,8734,1997,0.0,0.0,1.1610610000000001,-0.485941,NRU,830249
24378902,165,8735,1997,0.0,0.0,1.1610610000000001,-0.485941,NRU,830250
24385428,165,8736,1997,0.0,0.0,1.1610610000000001,-0.485941,NRU,830260
24391954,165,8737,1997,5.652549885633926e-09,5.508416496374644e-10,1.1610610000000001,-0.485941,NRU,830300
24398480,165,8738,1997,0.0,0.0,1.1610610000000001,-0.485941,NRU,830400
24405006,165,8739,1997,0.0,0.0,1.1610610000000001,-0.485941,NRU,830510
24411532,165,8740,1997,0.0,0.0,1.1610610000000001,-0.485941,NRU,830520
24418058,165,8741,1997,0.0,0.0,1.1610610000000001,-0.485941,NRU,830590
24424584,165,8742,1997,0.0,0.0,1.1610610000000001,-0.485941,NRU,830610
24431110,165,8743,1997,0.0,0.0,1.1610610000000001,-0.485941,NRU,830621
24437636,165,8744,1997,0.0,0.0,1.1610610000000001,-0.485941,NRU,830629
24444162,165,8745,1997,0.0,0.0,1.1610610000000001,-0.485941,NRU,830630
24450688,165,8746,1997,0.0,5.505102166352758e-10,1.1610610000000001,-0.485941,NRU,830710
24457214,165,8747,1997,0.0,0.0,1.1610610000000001,-0.485941,NRU,830790
24463740,165,8748,1997,0.0,0.0,1.1610610000000001,-0.485941,NRU,830810
24470266,165,8749,1997,0.0,0.0,1.1610610000000001,-0.485941,NRU,830820
24476792,165,8750,1997,0.0,0.0,1.1610610000000001,-0.485941,NRU,830890
24483318,165,8751,1997,0.0,0.0,1.1610610000000001,-0.485941,NRU,830910
24489844,165,8752,1997,0.0,0.0,1.1610610000000001,-0.485941,NRU,830990
24496370,165,8753,1997,0.0,0.0,1.1610610000000001,-0.485941,NRU,831000
24502896,165,8754,1997,0.0,0.0,1.1610610000000001,-0.485941,NRU,831110
24509422,165,8755,1997,0.0,0.0,1.1610610000000001,-0.485941,NRU,831120
24515948,165,8756,1997,0.0,0.0,1.1610610000000001,-0.485941,NRU,831130
24522474,165,8757,1997,0.0,0.0,1.1610610000000001,-0.485941,NRU,831190
24529000,165,8758,1997,0.0,0.0,1.1610610000000001,-0.485941,NRU,840110
24535526,165,8759,1997,0.0,0.0,1.1610610000000001,-0.485941,NRU,840120
24542052,165,8760,1997,0.0,0.0,1.1610610000000001,-0.485941,NRU,840130
24548578,165,8761,1997,0.0,0.0,1.1610610000000001,-0.485941,NRU,840140
24555104,165,8762,1997,0.0,0.0,1.1610610000000001,-0.485941,NRU,840211
24561630,165,8763,1997,0.0,0.0,1.1610610000000001,-0.485941,NRU,840212
24568156,165,8764,1997,0.0,0.0,1.1610610000000001,-0.485941,NRU,840219
24574682,165,8765,1997,0.0,0.0,1.1610610000000001,-0.485941,NRU,840220
24581208,165,8766,1997,0.0,0.0,1.1610610000000001,-0.485941,NRU,840290
24587734,165,8767,1997,0.0,0.0,1.1610610000000001,-0.485941,NRU,840310
24594260,165,8768,1997,0.0,0.0,1.1610610000000001,-0.485941,NRU,840390
24600786,165,8769,1997,0.0,0.0,1.1610610000000001,-0.485941,NRU,840410
24607312,165,8770,1997,0.0,0.0,1.1610610000000001,-0.485941,NRU,840420
24613838,165,8771,1997,0.0,0.0,1.1610610000000001,-0.485941,NRU,840490
24620364,165,8772,1997,0.0,0.0,1.1610610000000001,-0.485941,NRU,840510
24626890,165,8773,1997,0.0,0.0,1.1610610000000001,-0.485941,NRU,840590
24633416,165,8774,1997,0.0,0.0,1.1610610000000001,-0.485941,NRU,840611
24639942,165,8775,1997,0.0,0.0,1.1610610000000001,-0.485941,NRU,840619
24646468,165,8776,1997,0.0,0.0,1.1610610000000001,-0.485941,NRU,840690
24652994,165,8777,1997,0.0,0.0,1.1610610000000001,-0.485941,NRU,840710
24659520,165,8778,1997,0.0,9.866429042152634e-09,1.1610610000000001,-0.485941,NRU,840721
24666046,165,8779,1997,0.0,5.292985044952049e-10,1.1610610000000001,-0.485941,NRU,840729
24672572,165,8780,1997,0.0,0.0,1.1610610000000001,-0.485941,NRU,840731
24679098,165,8781,1997,0.0,0.0,1.1610610000000001,-0.485941,NRU,840732
24685624,165,8782,1997,0.0,0.0,1.1610610000000001,-0.485941,NRU,840733
24692150,165,8783,1997,0.0,0.0,1.1610610000000001,-0.485941,NRU,840734
24698676,165,8784,1997,0.0,0.0,1.1610610000000001,-0.485941,NRU,840790
24705202,165,8785,1997,0.0,1.5123287889866126e-09,1.1610610000000001,-0.485941,NRU,840810
24711728,165,8786,1997,0.0,0.0,1.1610610000000001,-0.485941,NRU,840820
24718254,165,8787,1997,0.0,0.0,1.1610610000000001,-0.485941,NRU,840890
24724780,165,8788,1997,0.0,0.0,1.1610610000000001,-0.485941,NRU,840910
24731306,165,8789,1997,0.0,1.8637472012071922e-08,1.1610610000000001,-0.485941,NRU,840991
24737832,165,8790,1997,0.0,1.393012908198714e-08,1.1610610000000001,-0.485941,NRU,840999
24744358,165,8791,1997,0.0,0.0,1.1610610000000001,-0.485941,NRU,841011
24750884,165,8792,1997,0.0,0.0,1.1610610000000001,-0.485941,NRU,841012
24757410,165,8793,1997,0.0,0.0,1.1610610000000001,-0.485941,NRU,841013
24763936,165,8794,1997,0.0,0.0,1.1610610000000001,-0.485941,NRU,841090
24770462,165,8795,1997,0.0,0.0,1.1610610000000001,-0.485941,NRU,841111
24776988,165,8796,1997,0.0,0.0,1.1610610000000001,-0.485941,NRU,841112
24783514,165,8797,1997,0.0,0.0,1.1610610000000001,-0.485941,NRU,841121
24790040,165,8798,1997,0.0,0.0,1.1610610000000001,-0.485941,NRU,841122
24796566,165,8799,1997,0.0,0.0,1.1610610000000001,-0.485941,NRU,841181
24803092,165,8800,1997,0.0,0.0,1.1610610000000001,-0.485941,NRU,841182
24809618,165,8801,1997,0.0,3.32619532336442e-08,1.1610610000000001,-0.485941,NRU,841191
24816144,165,8802,1997,0.0,0.0,1.1610610000000001,-0.485941,NRU,841199
24822670,165,8803,1997,0.0,0.0,1.1610610000000001,-0.485941,NRU,841210
24829196,165,8804,1997,0.0,0.0,1.1610610000000001,-0.485941,NRU,841221
24835722,165,8805,1997,0.0,0.0,1.1610610000000001,-0.485941,NRU,841229
24842248,165,8806,1997,0.0,0.0,1.1610610000000001,-0.485941,NRU,841231
24848774,165,8807,1997,0.0,0.0,1.1610610000000001,-0.485941,NRU,841239
24855300,165,8808,1997,0.0,0.0,1.1610610000000001,-0.485941,NRU,841280
24861826,165,8809,1997,0.0,0.0,1.1610610000000001,-0.485941,NRU,841290
24868352,165,8810,1997,0.0,0.0,1.1610610000000001,-0.485941,NRU,841311
24874878,165,8811,1997,0.0,0.0,1.1610610000000001,-0.485941,NRU,841319
24881404,165,8812,1997,0.0,0.0,1.1610610000000001,-0.485941,NRU,841320
24887930,165,8813,1997,0.0,1.8653049363174786e-09,1.1610610000000001,-0.485941,NRU,841330
24894456,165,8814,1997,0.0,0.0,1.1610610000000001,-0.485941,NRU,841340
24900982,165,8815,1997,0.0,0.0,1.1610610000000001,-0.485941,NRU,841350
24907508,165,8816,1997,0.0,0.0,1.1610610000000001,-0.485941,NRU,841360
24914034,165,8817,1997,0.0,0.0,1.1610610000000001,-0.485941,NRU,841370
24920560,165,8818,1997,0.0,1.067645129950159e-08,1.1610610000000001,-0.485941,NRU,841381
24927086,165,8819,1997,0.0,0.0,1.1610610000000001,-0.485941,NRU,841382
24933612,165,8820,1997,0.0,2.915947553255362e-09,1.1610610000000001,-0.485941,NRU,841391
24940138,165,8821,1997,0.0,0.0,1.1610610000000001,-0.485941,NRU,841392
24946664,165,8822,1997,0.0,0.0,1.1610610000000001,-0.485941,NRU,841410
24953190,165,8823,1997,0.0,0.0,1.1610610000000001,-0.485941,NRU,841420
24959716,165,8824,1997,0.0,2.6763214926729993e-09,1.1610610000000001,-0.485941,NRU,841430
24966242,165,8825,1997,0.0,0.0,1.1610610000000001,-0.485941,NRU,841440
24972768,165,8826,1997,0.0,2.578217324025172e-09,1.1610610000000001,-0.485941,NRU,841451
24979294,165,8827,1997,0.0,0.0,1.1610610000000001,-0.485941,NRU,841459
24985820,165,8828,1997,0.0,0.0,1.1610610000000001,-0.485941,NRU,841460
24992346,165,8829,1997,0.0,0.0,1.1610610000000001,-0.485941,NRU,841480
24998872,165,8830,1997,0.0,0.0,1.1610610000000001,-0.485941,NRU,841490
25005398,165,8831,1997,0.0,4.758350469121608e-08,1.1610610000000001,-0.485941,NRU,841510
25011924,165,8832,1997,0.0,0.0,1.1610610000000001,-0.485941,NRU,841581
25018450,165,8833,1997,0.0,1.1059919283033807e-09,1.1610610000000001,-0.485941,NRU,841582
25024976,165,8834,1997,0.0,0.0,1.1610610000000001,-0.485941,NRU,841583
25031502,165,8835,1997,0.0,3.304718464822598e-08,1.1610610000000001,-0.485941,NRU,841590
25038028,165,8836,1997,1.328453770902375e-08,0.0,1.1610610000000001,-0.485941,NRU,841610
25044554,165,8837,1997,0.0,0.0,1.1610610000000001,-0.485941,NRU,841620
25051080,165,8838,1997,0.0,0.0,1.1610610000000001,-0.485941,NRU,841630
25057606,165,8839,1997,0.0,0.0,1.1610610000000001,-0.485941,NRU,841690
25064132,165,8840,1997,0.0,0.0,1.1610610000000001,-0.485941,NRU,841710
25070658,165,8841,1997,0.0,0.0,1.1610610000000001,-0.485941,NRU,841720
25077184,165,8842,1997,0.0,0.0,1.1610610000000001,-0.485941,NRU,841780
25083710,165,8843,1997,0.0,0.0,1.1610610000000001,-0.485941,NRU,841790
25090236,165,8844,1997,0.0,9.854828887076032e-09,1.1610610000000001,-0.485941,NRU,841810
25096762,165,8845,1997,0.0,1.8155899859891878e-08,1.1610610000000001,-0.485941,NRU,841821
25103288,165,8846,1997,0.0,0.0,1.1610610000000001,-0.485941,NRU,841822
25109814,165,8847,1997,0.0,0.0,1.1610610000000001,-0.485941,NRU,841829
25116340,165,8848,1997,0.0,5.671812966453627e-09,1.1610610000000001,-0.485941,NRU,841830
25122866,165,8849,1997,0.0,1.4185332493672369e-09,1.1610610000000001,-0.485941,NRU,841840
25129392,165,8850,1997,0.0,0.0,1.1610610000000001,-0.485941,NRU,841850
25135918,165,8851,1997,0.0,0.0,1.1610610000000001,-0.485941,NRU,841861
25142444,165,8852,1997,0.0,1.417538950360671e-09,1.1610610000000001,-0.485941,NRU,841869
25148970,165,8853,1997,0.0,0.0,1.1610610000000001,-0.485941,NRU,841891
25155496,165,8854,1997,0.0,8.219538454277447e-10,1.1610610000000001,-0.485941,NRU,841899
25162022,165,8855,1997,0.0,0.0,1.1610610000000001,-0.485941,NRU,841911
25168548,165,8856,1997,0.0,0.0,1.1610610000000001,-0.485941,NRU,841919
25175074,165,8857,1997,0.0,0.0,1.1610610000000001,-0.485941,NRU,841920
25181600,165,8858,1997,0.0,0.0,1.1610610000000001,-0.485941,NRU,841931
25188126,165,8859,1997,0.0,0.0,1.1610610000000001,-0.485941,NRU,841932
25194652,165,8860,1997,0.0,0.0,1.1610610000000001,-0.485941,NRU,841939
25201178,165,8861,1997,0.0,0.0,1.1610610000000001,-0.485941,NRU,841940
25207704,165,8862,1997,0.0,0.0,1.1610610000000001,-0.485941,NRU,841950
25214230,165,8863,1997,0.0,0.0,1.1610610000000001,-0.485941,NRU,841960
25220756,165,8864,1997,0.0,0.0,1.1610610000000001,-0.485941,NRU,841981
25227282,165,8865,1997,0.0,0.0,1.1610610000000001,-0.485941,NRU,841989
25233808,165,8866,1997,0.0,0.0,1.1610610000000001,-0.485941,NRU,841990
25240334,165,8867,1997,0.0,0.0,1.1610610000000001,-0.485941,NRU,842010
25246860,165,8868,1997,0.0,1.0085506256599303e-09,1.1610610000000001,-0.485941,NRU,842091
25253386,165,8869,1997,0.0,0.0,1.1610610000000001,-0.485941,NRU,842099
25259912,165,8870,1997,0.0,0.0,1.1610610000000001,-0.485941,NRU,842111
25266438,165,8871,1997,0.0,0.0,1.1610610000000001,-0.485941,NRU,842112
25272964,165,8872,1997,0.0,0.0,1.1610610000000001,-0.485941,NRU,842119
25279490,165,8873,1997,0.0,0.0,1.1610610000000001,-0.485941,NRU,842121
25286016,165,8874,1997,0.0,0.0,1.1610610000000001,-0.485941,NRU,842122
25292542,165,8875,1997,0.0,3.728621274621826e-09,1.1610610000000001,-0.485941,NRU,842123
25299068,165,8876,1997,0.0,0.0,1.1610610000000001,-0.485941,NRU,842129
25305594,165,8877,1997,0.0,0.0,1.1610610000000001,-0.485941,NRU,842131
25312120,165,8878,1997,0.0,0.0,1.1610610000000001,-0.485941,NRU,842139
25318646,165,8879,1997,0.0,0.0,1.1610610000000001,-0.485941,NRU,842191
25325172,165,8880,1997,0.0,4.3484009887145206e-10,1.1610610000000001,-0.485941,NRU,842199
25331698,165,8881,1997,0.0,0.0,1.1610610000000001,-0.485941,NRU,842211
25338224,165,8882,1997,0.0,0.0,1.1610610000000001,-0.485941,NRU,842219
25344750,165,8883,1997,0.0,0.0,1.1610610000000001,-0.485941,NRU,842220
25351276,165,8884,1997,0.0,0.0,1.1610610000000001,-0.485941,NRU,842230
25357802,165,8885,1997,0.0,0.0,1.1610610000000001,-0.485941,NRU,842240
25364328,165,8886,1997,0.0,0.0,1.1610610000000001,-0.485941,NRU,842290
25370854,165,8887,1997,0.0,0.0,1.1610610000000001,-0.485941,NRU,842310
25377380,165,8888,1997,0.0,0.0,1.1610610000000001,-0.485941,NRU,842320
25383906,165,8889,1997,0.0,0.0,1.1610610000000001,-0.485941,NRU,842330
25390432,165,8890,1997,0.0,0.0,1.1610610000000001,-0.485941,NRU,842381
25396958,165,8891,1997,0.0,0.0,1.1610610000000001,-0.485941,NRU,842382
25403484,165,8892,1997,0.0,0.0,1.1610610000000001,-0.485941,NRU,842389
25410010,165,8893,1997,0.0,0.0,1.1610610000000001,-0.485941,NRU,842390
25416536,165,8894,1997,0.0,6.247512091255237e-10,1.1610610000000001,-0.485941,NRU,842410
25423062,165,8895,1997,0.0,0.0,1.1610610000000001,-0.485941,NRU,842420
25429588,165,8896,1997,0.0,0.0,1.1610610000000001,-0.485941,NRU,842430
25436114,165,8897,1997,0.0,0.0,1.1610610000000001,-0.485941,NRU,842481
25442640,165,8898,1997,0.0,8.758448515836122e-09,1.1610610000000001,-0.485941,NRU,842489
25449166,165,8899,1997,0.0,0.0,1.1610610000000001,-0.485941,NRU,842490
25455692,165,8900,1997,0.0,0.0,1.1610610000000001,-0.485941,NRU,842511
25462218,165,8901,1997,0.0,0.0,1.1610610000000001,-0.485941,NRU,842519
25468744,165,8902,1997,0.0,0.0,1.1610610000000001,-0.485941,NRU,842520
25475270,165,8903,1997,0.0,0.0,1.1610610000000001,-0.485941,NRU,842531
25481796,165,8904,1997,0.0,0.0,1.1610610000000001,-0.485941,NRU,842539
25488322,165,8905,1997,0.0,0.0,1.1610610000000001,-0.485941,NRU,842541
25494848,165,8906,1997,0.0,0.0,1.1610610000000001,-0.485941,NRU,842542
25501374,165,8907,1997,0.0,0.0,1.1610610000000001,-0.485941,NRU,842549
25507900,165,8908,1997,0.0,0.0,1.1610610000000001,-0.485941,NRU,842611
25514426,165,8909,1997,0.0,0.0,1.1610610000000001,-0.485941,NRU,842612
25520952,165,8910,1997,0.0,0.0,1.1610610000000001,-0.485941,NRU,842619
25527478,165,8911,1997,0.0,0.0,1.1610610000000001,-0.485941,NRU,842620
25534004,165,8912,1997,0.0,0.0,1.1610610000000001,-0.485941,NRU,842630
25540530,165,8913,1997,0.0,0.0,1.1610610000000001,-0.485941,NRU,842641
25547056,165,8914,1997,0.0,0.0,1.1610610000000001,-0.485941,NRU,842649
25553582,165,8915,1997,0.0,0.0,1.1610610000000001,-0.485941,NRU,842691
25560108,165,8916,1997,0.0,0.0,1.1610610000000001,-0.485941,NRU,842699
25566634,165,8917,1997,0.0,0.0,1.1610610000000001,-0.485941,NRU,842710
25573160,165,8918,1997,8.362882857387599e-08,0.0,1.1610610000000001,-0.485941,NRU,842720
25579686,165,8919,1997,0.0,0.0,1.1610610000000001,-0.485941,NRU,842790
25586212,165,8920,1997,0.0,0.0,1.1610610000000001,-0.485941,NRU,842810
25592738,165,8921,1997,0.0,0.0,1.1610610000000001,-0.485941,NRU,842820
25599264,165,8922,1997,0.0,0.0,1.1610610000000001,-0.485941,NRU,842831
25605790,165,8923,1997,0.0,0.0,1.1610610000000001,-0.485941,NRU,842832
25612316,165,8924,1997,0.0,0.0,1.1610610000000001,-0.485941,NRU,842833
25618842,165,8925,1997,0.0,3.025320443977602e-09,1.1610610000000001,-0.485941,NRU,842839
25625368,165,8926,1997,0.0,0.0,1.1610610000000001,-0.485941,NRU,842840
25631894,165,8927,1997,0.0,0.0,1.1610610000000001,-0.485941,NRU,842850
25638420,165,8928,1997,0.0,0.0,1.1610610000000001,-0.485941,NRU,842860
25644946,165,8929,1997,0.0,0.0,1.1610610000000001,-0.485941,NRU,842890
25651472,165,8930,1997,0.0,0.0,1.1610610000000001,-0.485941,NRU,842911
25657998,165,8931,1997,0.0,0.0,1.1610610000000001,-0.485941,NRU,842919
25664524,165,8932,1997,0.0,0.0,1.1610610000000001,-0.485941,NRU,842920
25671050,165,8933,1997,0.0,0.0,1.1610610000000001,-0.485941,NRU,842930
25677576,165,8934,1997,0.0,0.0,1.1610610000000001,-0.485941,NRU,842940
25684102,165,8935,1997,0.0,0.0,1.1610610000000001,-0.485941,NRU,842951
25690628,165,8936,1997,0.0,0.0,1.1610610000000001,-0.485941,NRU,842952
25697154,165,8937,1997,0.0,0.0,1.1610610000000001,-0.485941,NRU,842959
25703680,165,8938,1997,0.0,0.0,1.1610610000000001,-0.485941,NRU,843010
25710206,165,8939,1997,0.0,0.0,1.1610610000000001,-0.485941,NRU,843020
25716732,165,8940,1997,0.0,0.0,1.1610610000000001,-0.485941,NRU,843031
25723258,165,8941,1997,0.0,0.0,1.1610610000000001,-0.485941,NRU,843039
25729784,165,8942,1997,0.0,0.0,1.1610610000000001,-0.485941,NRU,843041
25736310,165,8943,1997,0.0,1.705156509659944e-08,1.1610610000000001,-0.485941,NRU,843049
25742836,165,8944,1997,0.0,0.0,1.1610610000000001,-0.485941,NRU,843050
25749362,165,8945,1997,0.0,0.0,1.1610610000000001,-0.485941,NRU,843061
25755888,165,8946,1997,0.0,0.0,1.1610610000000001,-0.485941,NRU,843062
25762414,165,8947,1997,0.0,0.0,1.1610610000000001,-0.485941,NRU,843069
25768940,165,8948,1997,0.0,0.0,1.1610610000000001,-0.485941,NRU,843110
25775466,165,8949,1997,0.0,0.0,1.1610610000000001,-0.485941,NRU,843120
25781992,165,8950,1997,0.0,0.0,1.1610610000000001,-0.485941,NRU,843131
25788518,165,8951,1997,7.49925760037435e-09,0.0,1.1610610000000001,-0.485941,NRU,843139
25795044,165,8952,1997,0.0,0.0,1.1610610000000001,-0.485941,NRU,843141
25801570,165,8953,1997,0.0,0.0,1.1610610000000001,-0.485941,NRU,843142
25808096,165,8954,1997,0.0,0.0,1.1610610000000001,-0.485941,NRU,843143
25814622,165,8955,1997,0.0,3.155242180835536e-09,1.1610610000000001,-0.485941,NRU,843149
25821148,165,8956,1997,0.0,0.0,1.1610610000000001,-0.485941,NRU,843210
25827674,165,8957,1997,0.0,0.0,1.1610610000000001,-0.485941,NRU,843221
25834200,165,8958,1997,0.0,0.0,1.1610610000000001,-0.485941,NRU,843229
25840726,165,8959,1997,0.0,0.0,1.1610610000000001,-0.485941,NRU,843230
25847252,165,8960,1997,0.0,0.0,1.1610610000000001,-0.485941,NRU,843240
25853778,165,8961,1997,0.0,0.0,1.1610610000000001,-0.485941,NRU,843280
25860304,165,8962,1997,0.0,0.0,1.1610610000000001,-0.485941,NRU,843290
25866830,165,8963,1997,0.0,0.0,1.1610610000000001,-0.485941,NRU,843311
25873356,165,8964,1997,0.0,0.0,1.1610610000000001,-0.485941,NRU,843319
25879882,165,8965,1997,0.0,0.0,1.1610610000000001,-0.485941,NRU,843320
25886408,165,8966,1997,0.0,0.0,1.1610610000000001,-0.485941,NRU,843330
25892934,165,8967,1997,0.0,0.0,1.1610610000000001,-0.485941,NRU,843340
25899460,165,8968,1997,0.0,0.0,1.1610610000000001,-0.485941,NRU,843351
25905986,165,8969,1997,0.0,0.0,1.1610610000000001,-0.485941,NRU,843352
25912512,165,8970,1997,0.0,0.0,1.1610610000000001,-0.485941,NRU,843353
25919038,165,8971,1997,0.0,0.0,1.1610610000000001,-0.485941,NRU,843359
25925564,165,8972,1997,0.0,0.0,1.1610610000000001,-0.485941,NRU,843360
25932090,165,8973,1997,0.0,0.0,1.1610610000000001,-0.485941,NRU,843390
25938616,165,8974,1997,0.0,0.0,1.1610610000000001,-0.485941,NRU,843410
25945142,165,8975,1997,0.0,0.0,1.1610610000000001,-0.485941,NRU,843420
25951668,165,8976,1997,0.0,0.0,1.1610610000000001,-0.485941,NRU,843490
25958194,165,8977,1997,0.0,0.0,1.1610610000000001,-0.485941,NRU,843510
25964720,165,8978,1997,0.0,0.0,1.1610610000000001,-0.485941,NRU,843590
25971246,165,8979,1997,0.0,0.0,1.1610610000000001,-0.485941,NRU,843610
25977772,165,8980,1997,0.0,0.0,1.1610610000000001,-0.485941,NRU,843621
25984298,165,8981,1997,0.0,0.0,1.1610610000000001,-0.485941,NRU,843629
25990824,165,8982,1997,0.0,0.0,1.1610610000000001,-0.485941,NRU,843680
25997350,165,8983,1997,0.0,0.0,1.1610610000000001,-0.485941,NRU,843691
26003876,165,8984,1997,0.0,0.0,1.1610610000000001,-0.485941,NRU,843699
26010402,165,8985,1997,0.0,0.0,1.1610610000000001,-0.485941,NRU,843710
26016928,165,8986,1997,0.0,0.0,1.1610610000000001,-0.485941,NRU,843780
26023454,165,8987,1997,0.0,0.0,1.1610610000000001,-0.485941,NRU,843790
26029980,165,8988,1997,0.0,0.0,1.1610610000000001,-0.485941,NRU,843810
26036506,165,8989,1997,0.0,0.0,1.1610610000000001,-0.485941,NRU,843820
26043032,165,8990,1997,0.0,0.0,1.1610610000000001,-0.485941,NRU,843830
26049558,165,8991,1997,0.0,0.0,1.1610610000000001,-0.485941,NRU,843840
26056084,165,8992,1997,0.0,0.0,1.1610610000000001,-0.485941,NRU,843850
26062610,165,8993,1997,0.0,0.0,1.1610610000000001,-0.485941,NRU,843860
26069136,165,8994,1997,0.0,0.0,1.1610610000000001,-0.485941,NRU,843880
26075662,165,8995,1997,0.0,0.0,1.1610610000000001,-0.485941,NRU,843890
26082188,165,8996,1997,0.0,0.0,1.1610610000000001,-0.485941,NRU,843910
26088714,165,8997,1997,0.0,0.0,1.1610610000000001,-0.485941,NRU,843920
26095240,165,8998,1997,0.0,0.0,1.1610610000000001,-0.485941,NRU,843930
26101766,165,8999,1997,0.0,0.0,1.1610610000000001,-0.485941,NRU,843991
26108292,165,9000,1997,0.0,0.0,1.1610610000000001,-0.485941,NRU,843999
26114818,165,9001,1997,0.0,0.0,1.1610610000000001,-0.485941,NRU,844010
26121344,165,9002,1997,0.0,0.0,1.1610610000000001,-0.485941,NRU,844090
26127870,165,9003,1997,0.0,6.718146954363058e-10,1.1610610000000001,-0.485941,NRU,844110
26134396,165,9004,1997,0.0,0.0,1.1610610000000001,-0.485941,NRU,844120
26140922,165,9005,1997,0.0,0.0,1.1610610000000001,-0.485941,NRU,844130
26147448,165,9006,1997,0.0,0.0,1.1610610000000001,-0.485941,NRU,844140
26153974,165,9007,1997,0.0,0.0,1.1610610000000001,-0.485941,NRU,844180
26160500,165,9008,1997,0.0,0.0,1.1610610000000001,-0.485941,NRU,844190
26167026,165,9009,1997,0.0,0.0,1.1610610000000001,-0.485941,NRU,844210
26173552,165,9010,1997,0.0,0.0,1.1610610000000001,-0.485941,NRU,844220
26180078,165,9011,1997,0.0,0.0,1.1610610000000001,-0.485941,NRU,844230
26186604,165,9012,1997,0.0,0.0,1.1610610000000001,-0.485941,NRU,844240
26193130,165,9013,1997,0.0,0.0,1.1610610000000001,-0.485941,NRU,844250
26199656,165,9014,1997,0.0,0.0,1.1610610000000001,-0.485941,NRU,844311
26206182,165,9015,1997,0.0,0.0,1.1610610000000001,-0.485941,NRU,844312
26212708,165,9016,1997,0.0,0.0,1.1610610000000001,-0.485941,NRU,844319
26219234,165,9017,1997,0.0,0.0,1.1610610000000001,-0.485941,NRU,844321
26225760,165,9018,1997,0.0,0.0,1.1610610000000001,-0.485941,NRU,844329
26232286,165,9019,1997,0.0,0.0,1.1610610000000001,-0.485941,NRU,844330
26238812,165,9020,1997,0.0,0.0,1.1610610000000001,-0.485941,NRU,844340
26245338,165,9021,1997,0.0,0.0,1.1610610000000001,-0.485941,NRU,844350
26251864,165,9022,1997,0.0,0.0,1.1610610000000001,-0.485941,NRU,844360
26258390,165,9023,1997,0.0,0.0,1.1610610000000001,-0.485941,NRU,844390
26264916,165,9024,1997,0.0,0.0,1.1610610000000001,-0.485941,NRU,844400
26271442,165,9025,1997,0.0,0.0,1.1610610000000001,-0.485941,NRU,844511
26277968,165,9026,1997,0.0,0.0,1.1610610000000001,-0.485941,NRU,844512
26284494,165,9027,1997,0.0,0.0,1.1610610000000001,-0.485941,NRU,844513
26291020,165,9028,1997,0.0,0.0,1.1610610000000001,-0.485941,NRU,844519
26297546,165,9029,1997,0.0,0.0,1.1610610000000001,-0.485941,NRU,844520
26304072,165,9030,1997,0.0,0.0,1.1610610000000001,-0.485941,NRU,844530
26310598,165,9031,1997,0.0,0.0,1.1610610000000001,-0.485941,NRU,844540
26317124,165,9032,1997,0.0,0.0,1.1610610000000001,-0.485941,NRU,844590
26323650,165,9033,1997,0.0,0.0,1.1610610000000001,-0.485941,NRU,844610
26330176,165,9034,1997,0.0,0.0,1.1610610000000001,-0.485941,NRU,844621
26336702,165,9035,1997,0.0,0.0,1.1610610000000001,-0.485941,NRU,844629
26343228,165,9036,1997,0.0,0.0,1.1610610000000001,-0.485941,NRU,844630
26349754,165,9037,1997,0.0,0.0,1.1610610000000001,-0.485941,NRU,844711
26356280,165,9038,1997,0.0,0.0,1.1610610000000001,-0.485941,NRU,844712
26362806,165,9039,1997,0.0,0.0,1.1610610000000001,-0.485941,NRU,844720
26369332,165,9040,1997,0.0,0.0,1.1610610000000001,-0.485941,NRU,844790
26375858,165,9041,1997,0.0,0.0,1.1610610000000001,-0.485941,NRU,844811
26382384,165,9042,1997,0.0,0.0,1.1610610000000001,-0.485941,NRU,844819
26388910,165,9043,1997,0.0,0.0,1.1610610000000001,-0.485941,NRU,844820
26395436,165,9044,1997,0.0,0.0,1.1610610000000001,-0.485941,NRU,844831
26401962,165,9045,1997,0.0,0.0,1.1610610000000001,-0.485941,NRU,844832
26408488,165,9046,1997,0.0,0.0,1.1610610000000001,-0.485941,NRU,844833
26415014,165,9047,1997,0.0,0.0,1.1610610000000001,-0.485941,NRU,844839
26421540,165,9048,1997,0.0,0.0,1.1610610000000001,-0.485941,NRU,844841
26428066,165,9049,1997,0.0,0.0,1.1610610000000001,-0.485941,NRU,844842
26434592,165,9050,1997,0.0,0.0,1.1610610000000001,-0.485941,NRU,844849
26441118,165,9051,1997,0.0,0.0,1.1610610000000001,-0.485941,NRU,844851
26447644,165,9052,1997,0.0,0.0,1.1610610000000001,-0.485941,NRU,844859
26454170,165,9053,1997,0.0,0.0,1.1610610000000001,-0.485941,NRU,844900
26460696,165,9054,1997,0.0,1.7917930964320458e-08,1.1610610000000001,-0.485941,NRU,845011
26467222,165,9055,1997,0.0,0.0,1.1610610000000001,-0.485941,NRU,845012
26473748,165,9056,1997,0.0,0.0,1.1610610000000001,-0.485941,NRU,845019
26480274,165,9057,1997,0.0,0.0,1.1610610000000001,-0.485941,NRU,845020
26486800,165,9058,1997,0.0,0.0,1.1610610000000001,-0.485941,NRU,845090
26493326,165,9059,1997,0.0,8.398512275459295e-10,1.1610610000000001,-0.485941,NRU,845110
26499852,165,9060,1997,0.0,0.0,1.1610610000000001,-0.485941,NRU,845121
26506378,165,9061,1997,0.0,0.0,1.1610610000000001,-0.485941,NRU,845129
26512904,165,9062,1997,0.0,0.0,1.1610610000000001,-0.485941,NRU,845130
26519430,165,9063,1997,0.0,0.0,1.1610610000000001,-0.485941,NRU,845140
26525956,165,9064,1997,0.0,0.0,1.1610610000000001,-0.485941,NRU,845150
26532482,165,9065,1997,0.0,0.0,1.1610610000000001,-0.485941,NRU,845180
26539008,165,9066,1997,0.0,7.470499869331196e-10,1.1610610000000001,-0.485941,NRU,845190
26545534,165,9067,1997,0.0,4.508151695769429e-09,1.1610610000000001,-0.485941,NRU,845210
26552060,165,9068,1997,0.0,0.0,1.1610610000000001,-0.485941,NRU,845221
26558586,165,9069,1997,0.0,1.2495687048514852e-08,1.1610610000000001,-0.485941,NRU,845229
26565112,165,9070,1997,0.0,0.0,1.1610610000000001,-0.485941,NRU,845230
26571638,165,9071,1997,0.0,0.0,1.1610610000000001,-0.485941,NRU,845240
26578164,165,9072,1997,0.0,0.0,1.1610610000000001,-0.485941,NRU,845290
26584690,165,9073,1997,0.0,0.0,1.1610610000000001,-0.485941,NRU,845310
26591216,165,9074,1997,0.0,0.0,1.1610610000000001,-0.485941,NRU,845320
26597742,165,9075,1997,0.0,0.0,1.1610610000000001,-0.485941,NRU,845380
26604268,165,9076,1997,0.0,0.0,1.1610610000000001,-0.485941,NRU,845390
26610794,165,9077,1997,0.0,0.0,1.1610610000000001,-0.485941,NRU,845410
26617320,165,9078,1997,0.0,0.0,1.1610610000000001,-0.485941,NRU,845420
26623846,165,9079,1997,0.0,0.0,1.1610610000000001,-0.485941,NRU,845430
26630372,165,9080,1997,0.0,0.0,1.1610610000000001,-0.485941,NRU,845490
26636898,165,9081,1997,0.0,0.0,1.1610610000000001,-0.485941,NRU,845510
26643424,165,9082,1997,0.0,0.0,1.1610610000000001,-0.485941,NRU,845521
26649950,165,9083,1997,0.0,0.0,1.1610610000000001,-0.485941,NRU,845522
26656476,165,9084,1997,0.0,0.0,1.1610610000000001,-0.485941,NRU,845530
26663002,165,9085,1997,0.0,0.0,1.1610610000000001,-0.485941,NRU,845590
26669528,165,9086,1997,0.0,0.0,1.1610610000000001,-0.485941,NRU,845610
26676054,165,9087,1997,0.0,0.0,1.1610610000000001,-0.485941,NRU,845620
26682580,165,9088,1997,0.0,0.0,1.1610610000000001,-0.485941,NRU,845630
26689106,165,9089,1997,0.0,0.0,1.1610610000000001,-0.485941,NRU,845690
26695632,165,9090,1997,0.0,0.0,1.1610610000000001,-0.485941,NRU,845710
26702158,165,9091,1997,0.0,0.0,1.1610610000000001,-0.485941,NRU,845720
26708684,165,9092,1997,0.0,0.0,1.1610610000000001,-0.485941,NRU,845730
26715210,165,9093,1997,0.0,0.0,1.1610610000000001,-0.485941,NRU,845811
26721736,165,9094,1997,0.0,0.0,1.1610610000000001,-0.485941,NRU,845819
26728262,165,9095,1997,0.0,0.0,1.1610610000000001,-0.485941,NRU,845891
26734788,165,9096,1997,0.0,0.0,1.1610610000000001,-0.485941,NRU,845899
26741314,165,9097,1997,0.0,0.0,1.1610610000000001,-0.485941,NRU,845910
26747840,165,9098,1997,0.0,0.0,1.1610610000000001,-0.485941,NRU,845921
26754366,165,9099,1997,0.0,0.0,1.1610610000000001,-0.485941,NRU,845929
26760892,165,9100,1997,0.0,0.0,1.1610610000000001,-0.485941,NRU,845931
26767418,165,9101,1997,0.0,0.0,1.1610610000000001,-0.485941,NRU,845939
26773944,165,9102,1997,0.0,0.0,1.1610610000000001,-0.485941,NRU,845940
26780470,165,9103,1997,0.0,0.0,1.1610610000000001,-0.485941,NRU,845951
26786996,165,9104,1997,0.0,0.0,1.1610610000000001,-0.485941,NRU,845959
26793522,165,9105,1997,0.0,0.0,1.1610610000000001,-0.485941,NRU,845961
26800048,165,9106,1997,0.0,0.0,1.1610610000000001,-0.485941,NRU,845969
26806574,165,9107,1997,0.0,0.0,1.1610610000000001,-0.485941,NRU,845970
26813100,165,9108,1997,0.0,0.0,1.1610610000000001,-0.485941,NRU,846011
26819626,165,9109,1997,0.0,0.0,1.1610610000000001,-0.485941,NRU,846019
26826152,165,9110,1997,0.0,0.0,1.1610610000000001,-0.485941,NRU,846021
26832678,165,9111,1997,0.0,0.0,1.1610610000000001,-0.485941,NRU,846029
26839204,165,9112,1997,0.0,0.0,1.1610610000000001,-0.485941,NRU,846031
26845730,165,9113,1997,0.0,0.0,1.1610610000000001,-0.485941,NRU,846039
26852256,165,9114,1997,0.0,0.0,1.1610610000000001,-0.485941,NRU,846040
26858782,165,9115,1997,0.0,0.0,1.1610610000000001,-0.485941,NRU,846090
26865308,165,9116,1997,0.0,0.0,1.1610610000000001,-0.485941,NRU,846110
26871834,165,9117,1997,0.0,0.0,1.1610610000000001,-0.485941,NRU,846120
26878360,165,9118,1997,0.0,0.0,1.1610610000000001,-0.485941,NRU,846130
26884886,165,9119,1997,0.0,0.0,1.1610610000000001,-0.485941,NRU,846140
26891412,165,9120,1997,0.0,0.0,1.1610610000000001,-0.485941,NRU,846150
26897938,165,9121,1997,0.0,0.0,1.1610610000000001,-0.485941,NRU,846190
26904464,165,9122,1997,0.0,0.0,1.1610610000000001,-0.485941,NRU,846210
26910990,165,9123,1997,0.0,0.0,1.1610610000000001,-0.485941,NRU,846221
26917516,165,9124,1997,0.0,0.0,1.1610610000000001,-0.485941,NRU,846229
26924042,165,9125,1997,0.0,0.0,1.1610610000000001,-0.485941,NRU,846231
26930568,165,9126,1997,0.0,0.0,1.1610610000000001,-0.485941,NRU,846239
26937094,165,9127,1997,0.0,0.0,1.1610610000000001,-0.485941,NRU,846241
26943620,165,9128,1997,0.0,0.0,1.1610610000000001,-0.485941,NRU,846249
26950146,165,9129,1997,0.0,0.0,1.1610610000000001,-0.485941,NRU,846291
26956672,165,9130,1997,0.0,0.0,1.1610610000000001,-0.485941,NRU,846299
26963198,165,9131,1997,0.0,0.0,1.1610610000000001,-0.485941,NRU,846310
26969724,165,9132,1997,0.0,0.0,1.1610610000000001,-0.485941,NRU,846320
26976250,165,9133,1997,0.0,0.0,1.1610610000000001,-0.485941,NRU,846330
26982776,165,9134,1997,0.0,0.0,1.1610610000000001,-0.485941,NRU,846390
26989302,165,9135,1997,0.0,0.0,1.1610610000000001,-0.485941,NRU,846410
26995828,165,9136,1997,0.0,0.0,1.1610610000000001,-0.485941,NRU,846420
27002354,165,9137,1997,0.0,0.0,1.1610610000000001,-0.485941,NRU,846490
27008880,165,9138,1997,0.0,0.0,1.1610610000000001,-0.485941,NRU,846510
27015406,165,9139,1997,0.0,0.0,1.1610610000000001,-0.485941,NRU,846591
27021932,165,9140,1997,0.0,0.0,1.1610610000000001,-0.485941,NRU,846592
27028458,165,9141,1997,0.0,0.0,1.1610610000000001,-0.485941,NRU,846593
27034984,165,9142,1997,0.0,0.0,1.1610610000000001,-0.485941,NRU,846594
27041510,165,9143,1997,0.0,0.0,1.1610610000000001,-0.485941,NRU,846595
27048036,165,9144,1997,0.0,0.0,1.1610610000000001,-0.485941,NRU,846596
27054562,165,9145,1997,0.0,0.0,1.1610610000000001,-0.485941,NRU,846599
27061088,165,9146,1997,0.0,2.6425153264497617e-09,1.1610610000000001,-0.485941,NRU,846610
27067614,165,9147,1997,0.0,0.0,1.1610610000000001,-0.485941,NRU,846620
27074140,165,9148,1997,0.0,0.0,1.1610610000000001,-0.485941,NRU,846630
27080666,165,9149,1997,0.0,0.0,1.1610610000000001,-0.485941,NRU,846691
27087192,165,9150,1997,0.0,0.0,1.1610610000000001,-0.485941,NRU,846692
27093718,165,9151,1997,0.0,0.0,1.1610610000000001,-0.485941,NRU,846693
27100244,165,9152,1997,0.0,0.0,1.1610610000000001,-0.485941,NRU,846694
27106770,165,9153,1997,0.0,0.0,1.1610610000000001,-0.485941,NRU,846711
27113296,165,9154,1997,0.0,0.0,1.1610610000000001,-0.485941,NRU,846719
27119822,165,9155,1997,0.0,0.0,1.1610610000000001,-0.485941,NRU,846781
27126348,165,9156,1997,0.0,0.0,1.1610610000000001,-0.485941,NRU,846789
27132874,165,9157,1997,0.0,0.0,1.1610610000000001,-0.485941,NRU,846791
27139400,165,9158,1997,0.0,0.0,1.1610610000000001,-0.485941,NRU,846792
27145926,165,9159,1997,0.0,5.097439573660771e-10,1.1610610000000001,-0.485941,NRU,846799
27152452,165,9160,1997,0.0,0.0,1.1610610000000001,-0.485941,NRU,846810
27158978,165,9161,1997,0.0,0.0,1.1610610000000001,-0.485941,NRU,846820
27165504,165,9162,1997,0.0,0.0,1.1610610000000001,-0.485941,NRU,846880
27172030,165,9163,1997,0.0,0.0,1.1610610000000001,-0.485941,NRU,846890
27178556,165,9164,1997,0.0,0.0,1.1610610000000001,-0.485941,NRU,846910
27185082,165,9165,1997,0.0,0.0,1.1610610000000001,-0.485941,NRU,846921
27191608,165,9166,1997,0.0,0.0,1.1610610000000001,-0.485941,NRU,846929
27198134,165,9167,1997,0.0,0.0,1.1610610000000001,-0.485941,NRU,846931
27204660,165,9168,1997,0.0,0.0,1.1610610000000001,-0.485941,NRU,846939
27211186,165,9169,1997,0.0,0.0,1.1610610000000001,-0.485941,NRU,847010
27217712,165,9170,1997,0.0,6.718146954363058e-10,1.1610610000000001,-0.485941,NRU,847021
27224238,165,9171,1997,0.0,0.0,1.1610610000000001,-0.485941,NRU,847029
27230764,165,9172,1997,0.0,0.0,1.1610610000000001,-0.485941,NRU,847030
27237290,165,9173,1997,0.0,0.0,1.1610610000000001,-0.485941,NRU,847040
27243816,165,9174,1997,0.0,0.0,1.1610610000000001,-0.485941,NRU,847050
27250342,165,9175,1997,0.0,0.0,1.1610610000000001,-0.485941,NRU,847090
27256868,165,9176,1997,3.936451134637039e-10,1.1328380014806578e-09,1.1610610000000001,-0.485941,NRU,847110
27263394,165,9177,1997,0.0,1.849793871815052e-08,1.1610610000000001,-0.485941,NRU,847120
27269920,165,9178,1997,0.0,1.9455117228471214e-09,1.1610610000000001,-0.485941,NRU,847191
27276446,165,9179,1997,0.0,0.0,1.1610610000000001,-0.485941,NRU,847192
27282972,165,9180,1997,0.0,0.0,1.1610610000000001,-0.485941,NRU,847193
27289498,165,9181,1997,1.382848919375612e-08,3.305381330826975e-09,1.1610610000000001,-0.485941,NRU,847199
27296024,165,9182,1997,0.0,1.1527239816119743e-09,1.1610610000000001,-0.485941,NRU,847210
27302550,165,9183,1997,0.0,0.0,1.1610610000000001,-0.485941,NRU,847220
27309076,165,9184,1997,0.0,0.0,1.1610610000000001,-0.485941,NRU,847230
27315602,165,9185,1997,0.0,0.0,1.1610610000000001,-0.485941,NRU,847290
27322128,165,9186,1997,0.0,6.378096694117548e-09,1.1610610000000001,-0.485941,NRU,847310
27328654,165,9187,1997,0.0,0.0,1.1610610000000001,-0.485941,NRU,847321
27335180,165,9188,1997,0.0,0.0,1.1610610000000001,-0.485941,NRU,847329
27341706,165,9189,1997,1.8539806036727796e-09,1.1399140960773846e-07,1.1610610000000001,-0.485941,NRU,847330
27348232,165,9190,1997,0.0,6.278998226463155e-08,1.1610610000000001,-0.485941,NRU,847340
27354758,165,9191,1997,0.0,0.0,1.1610610000000001,-0.485941,NRU,847410
27361284,165,9192,1997,0.0,0.0,1.1610610000000001,-0.485941,NRU,847420
27367810,165,9193,1997,0.0,0.0,1.1610610000000001,-0.485941,NRU,847431
27374336,165,9194,1997,0.0,0.0,1.1610610000000001,-0.485941,NRU,847432
27380862,165,9195,1997,0.0,0.0,1.1610610000000001,-0.485941,NRU,847439
27387388,165,9196,1997,0.0,0.0,1.1610610000000001,-0.485941,NRU,847480
27393914,165,9197,1997,0.0,0.0,1.1610610000000001,-0.485941,NRU,847490
27400440,165,9198,1997,0.0,0.0,1.1610610000000001,-0.485941,NRU,847510
27406966,165,9199,1997,0.0,0.0,1.1610610000000001,-0.485941,NRU,847520
27413492,165,9200,1997,0.0,0.0,1.1610610000000001,-0.485941,NRU,847590
27420018,165,9201,1997,0.0,0.0,1.1610610000000001,-0.485941,NRU,847611
27426544,165,9202,1997,0.0,0.0,1.1610610000000001,-0.485941,NRU,847619
27433070,165,9203,1997,0.0,0.0,1.1610610000000001,-0.485941,NRU,847690
27439596,165,9204,1997,0.0,0.0,1.1610610000000001,-0.485941,NRU,847710
27446122,165,9205,1997,0.0,0.0,1.1610610000000001,-0.485941,NRU,847720
27452648,165,9206,1997,0.0,0.0,1.1610610000000001,-0.485941,NRU,847730
27459174,165,9207,1997,0.0,0.0,1.1610610000000001,-0.485941,NRU,847740
27465700,165,9208,1997,0.0,0.0,1.1610610000000001,-0.485941,NRU,847751
27472226,165,9209,1997,0.0,0.0,1.1610610000000001,-0.485941,NRU,847759
27478752,165,9210,1997,0.0,0.0,1.1610610000000001,-0.485941,NRU,847780
27485278,165,9211,1997,0.0,0.0,1.1610610000000001,-0.485941,NRU,847790
27491804,165,9212,1997,0.0,0.0,1.1610610000000001,-0.485941,NRU,847810
27498330,165,9213,1997,0.0,0.0,1.1610610000000001,-0.485941,NRU,847890
27504856,165,9214,1997,0.0,0.0,1.1610610000000001,-0.485941,NRU,847910
27511382,165,9215,1997,0.0,0.0,1.1610610000000001,-0.485941,NRU,847920
27517908,165,9216,1997,0.0,0.0,1.1610610000000001,-0.485941,NRU,847930
27524434,165,9217,1997,0.0,0.0,1.1610610000000001,-0.485941,NRU,847940
27530960,165,9218,1997,0.0,0.0,1.1610610000000001,-0.485941,NRU,847981
27537486,165,9219,1997,0.0,0.0,1.1610610000000001,-0.485941,NRU,847982
27544012,165,9220,1997,0.0,0.0,1.1610610000000001,-0.485941,NRU,847989
27550538,165,9221,1997,0.0,2.1099024919326703e-09,1.1610610000000001,-0.485941,NRU,847990
27557064,165,9222,1997,0.0,0.0,1.1610610000000001,-0.485941,NRU,848010
27563590,165,9223,1997,0.0,0.0,1.1610610000000001,-0.485941,NRU,848020
27570116,165,9224,1997,0.0,0.0,1.1610610000000001,-0.485941,NRU,848030
27576642,165,9225,1997,0.0,0.0,1.1610610000000001,-0.485941,NRU,848041
27583168,165,9226,1997,0.0,0.0,1.1610610000000001,-0.485941,NRU,848049
27589694,165,9227,1997,0.0,0.0,1.1610610000000001,-0.485941,NRU,848050
27596220,165,9228,1997,0.0,0.0,1.1610610000000001,-0.485941,NRU,848060
27602746,165,9229,1997,0.0,0.0,1.1610610000000001,-0.485941,NRU,848071
27609272,165,9230,1997,0.0,0.0,1.1610610000000001,-0.485941,NRU,848079
27615798,165,9231,1997,0.0,0.0,1.1610610000000001,-0.485941,NRU,848110
27622324,165,9232,1997,0.0,0.0,1.1610610000000001,-0.485941,NRU,848120
27628850,165,9233,1997,0.0,0.0,1.1610610000000001,-0.485941,NRU,848130
27635376,165,9234,1997,0.0,0.0,1.1610610000000001,-0.485941,NRU,848140
27641902,165,9235,1997,0.0,1.1093725449257046e-08,1.1610610000000001,-0.485941,NRU,848180
27648428,165,9236,1997,0.0,1.4182018163650482e-09,1.1610610000000001,-0.485941,NRU,848190
27654954,165,9237,1997,0.0,0.0,1.1610610000000001,-0.485941,NRU,848210
27661480,165,9238,1997,0.0,0.0,1.1610610000000001,-0.485941,NRU,848220
27668006,165,9239,1997,0.0,0.0,1.1610610000000001,-0.485941,NRU,848230
27674532,165,9240,1997,0.0,0.0,1.1610610000000001,-0.485941,NRU,848240
27681058,165,9241,1997,0.0,0.0,1.1610610000000001,-0.485941,NRU,848250
27687584,165,9242,1997,0.0,0.0,1.1610610000000001,-0.485941,NRU,848280
27694110,165,9243,1997,0.0,0.0,1.1610610000000001,-0.485941,NRU,848291
27700636,165,9244,1997,0.0,0.0,1.1610610000000001,-0.485941,NRU,848299
27707162,165,9245,1997,0.0,0.0,1.1610610000000001,-0.485941,NRU,848310
27713688,165,9246,1997,0.0,0.0,1.1610610000000001,-0.485941,NRU,848320
27720214,165,9247,1997,0.0,0.0,1.1610610000000001,-0.485941,NRU,848330
27726740,165,9248,1997,0.0,0.0,1.1610610000000001,-0.485941,NRU,848340
27733266,165,9249,1997,0.0,0.0,1.1610610000000001,-0.485941,NRU,848350
27739792,165,9250,1997,0.0,0.0,1.1610610000000001,-0.485941,NRU,848360
27746318,165,9251,1997,0.0,0.0,1.1610610000000001,-0.485941,NRU,848390
27752844,165,9252,1997,0.0,0.0,1.1610610000000001,-0.485941,NRU,848410
27759370,165,9253,1997,0.0,0.0,1.1610610000000001,-0.485941,NRU,848490
27765896,165,9254,1997,0.0,0.0,1.1610610000000001,-0.485941,NRU,848510
27772422,165,9255,1997,0.0,2.3130709222742865e-09,1.1610610000000001,-0.485941,NRU,848590
27778948,165,9256,1997,0.0,2.941467894423885e-09,1.1610610000000001,-0.485941,NRU,850110
27785474,165,9257,1997,0.0,0.0,1.1610610000000001,-0.485941,NRU,850120
27792000,165,9258,1997,0.0,0.0,1.1610610000000001,-0.485941,NRU,850131
27798526,165,9259,1997,0.0,0.0,1.1610610000000001,-0.485941,NRU,850132
27805052,165,9260,1997,0.0,0.0,1.1610610000000001,-0.485941,NRU,850133
27811578,165,9261,1997,0.0,0.0,1.1610610000000001,-0.485941,NRU,850134
27818104,165,9262,1997,0.0,0.0,1.1610610000000001,-0.485941,NRU,850140
27824630,165,9263,1997,0.0,0.0,1.1610610000000001,-0.485941,NRU,850151
27831156,165,9264,1997,0.0,0.0,1.1610610000000001,-0.485941,NRU,850152
27837682,165,9265,1997,0.0,0.0,1.1610610000000001,-0.485941,NRU,850153
27844208,165,9266,1997,0.0,0.0,1.1610610000000001,-0.485941,NRU,850161
27850734,165,9267,1997,0.0,0.0,1.1610610000000001,-0.485941,NRU,850162
27857260,165,9268,1997,0.0,0.0,1.1610610000000001,-0.485941,NRU,850163
27863786,165,9269,1997,0.0,0.0,1.1610610000000001,-0.485941,NRU,850164
27870312,165,9270,1997,0.0,0.0,1.1610610000000001,-0.485941,NRU,850211
27876838,165,9271,1997,0.0,4.033871069637533e-09,1.1610610000000001,-0.485941,NRU,850212
27883364,165,9272,1997,0.0,0.0,1.1610610000000001,-0.485941,NRU,850213
27889890,165,9273,1997,0.0,0.0,1.1610610000000001,-0.485941,NRU,850220
27896416,165,9274,1997,0.0,0.0,1.1610610000000001,-0.485941,NRU,850230
27902942,165,9275,1997,0.0,0.0,1.1610610000000001,-0.485941,NRU,850240
27909468,165,9276,1997,0.0,0.0,1.1610610000000001,-0.485941,NRU,850300
27915994,165,9277,1997,0.0,0.0,1.1610610000000001,-0.485941,NRU,850410
27922520,165,9278,1997,0.0,0.0,1.1610610000000001,-0.485941,NRU,850421
27929046,165,9279,1997,0.0,0.0,1.1610610000000001,-0.485941,NRU,850422
27935572,165,9280,1997,0.0,0.0,1.1610610000000001,-0.485941,NRU,850423
27942098,165,9281,1997,0.0,0.0,1.1610610000000001,-0.485941,NRU,850431
27948624,165,9282,1997,0.0,0.0,1.1610610000000001,-0.485941,NRU,850432
27955150,165,9283,1997,0.0,0.0,1.1610610000000001,-0.485941,NRU,850433
27961676,165,9284,1997,0.0,0.0,1.1610610000000001,-0.485941,NRU,850434
27968202,165,9285,1997,3.700082244335508e-10,0.0,1.1610610000000001,-0.485941,NRU,850440
27974728,165,9286,1997,0.0,0.0,1.1610610000000001,-0.485941,NRU,850450
27981254,165,9287,1997,0.0,0.0,1.1610610000000001,-0.485941,NRU,850490
27987780,165,9288,1997,0.0,0.0,1.1610610000000001,-0.485941,NRU,850511
27994306,165,9289,1997,0.0,0.0,1.1610610000000001,-0.485941,NRU,850519
28000832,165,9290,1997,0.0,0.0,1.1610610000000001,-0.485941,NRU,850520
28007358,165,9291,1997,0.0,0.0,1.1610610000000001,-0.485941,NRU,850530
28013884,165,9292,1997,0.0,0.0,1.1610610000000001,-0.485941,NRU,850590
28020410,165,9293,1997,0.0,8.872461468589002e-10,1.1610610000000001,-0.485941,NRU,850611
28026936,165,9294,1997,0.0,0.0,1.1610610000000001,-0.485941,NRU,850612
28033462,165,9295,1997,0.0,0.0,1.1610610000000001,-0.485941,NRU,850613
28039988,165,9296,1997,0.0,1.2306770237267345e-08,1.1610610000000001,-0.485941,NRU,850619
28046514,165,9297,1997,0.0,0.0,1.1610610000000001,-0.485941,NRU,850620
28053040,165,9298,1997,0.0,0.0,1.1610610000000001,-0.485941,NRU,850690
28059566,165,9299,1997,0.0,4.542289294994856e-09,1.1610610000000001,-0.485941,NRU,850710
28066092,165,9300,1997,0.0,0.0,1.1610610000000001,-0.485941,NRU,850720
28072618,165,9301,1997,0.0,0.0,1.1610610000000001,-0.485941,NRU,850730
28079144,165,9302,1997,0.0,0.0,1.1610610000000001,-0.485941,NRU,850740
28085670,165,9303,1997,0.0,0.0,1.1610610000000001,-0.485941,NRU,850780
28092196,165,9304,1997,0.0,0.0,1.1610610000000001,-0.485941,NRU,850790
28098722,165,9305,1997,0.0,0.0,1.1610610000000001,-0.485941,NRU,850810
28105248,165,9306,1997,0.0,0.0,1.1610610000000001,-0.485941,NRU,850820
28111774,165,9307,1997,0.0,1.4702367977086596e-09,1.1610610000000001,-0.485941,NRU,850880
28118300,165,9308,1997,0.0,0.0,1.1610610000000001,-0.485941,NRU,850890
28124826,165,9309,1997,0.0,0.0,1.1610610000000001,-0.485941,NRU,850910
28131352,165,9310,1997,0.0,0.0,1.1610610000000001,-0.485941,NRU,850920
28137878,165,9311,1997,0.0,0.0,1.1610610000000001,-0.485941,NRU,850930
28144404,165,9312,1997,0.0,0.0,1.1610610000000001,-0.485941,NRU,850940
28150930,165,9313,1997,0.0,2.0426215924883834e-09,1.1610610000000001,-0.485941,NRU,850980
28157456,165,9314,1997,0.0,1.7145029203216626e-08,1.1610610000000001,-0.485941,NRU,850990
28163982,165,9315,1997,0.0,0.0,1.1610610000000001,-0.485941,NRU,851010
28170508,165,9316,1997,0.0,0.0,1.1610610000000001,-0.485941,NRU,851020
28177034,165,9317,1997,0.0,0.0,1.1610610000000001,-0.485941,NRU,851090
28183560,165,9318,1997,0.0,0.0,1.1610610000000001,-0.485941,NRU,851110
28190086,165,9319,1997,0.0,0.0,1.1610610000000001,-0.485941,NRU,851120
28196612,165,9320,1997,0.0,0.0,1.1610610000000001,-0.485941,NRU,851130
28203138,165,9321,1997,0.0,0.0,1.1610610000000001,-0.485941,NRU,851140
28209664,165,9322,1997,0.0,0.0,1.1610610000000001,-0.485941,NRU,851150
28216190,165,9323,1997,0.0,0.0,1.1610610000000001,-0.485941,NRU,851180
28222716,165,9324,1997,0.0,8.255996084518193e-10,1.1610610000000001,-0.485941,NRU,851190
28229242,165,9325,1997,0.0,0.0,1.1610610000000001,-0.485941,NRU,851210
28235768,165,9326,1997,0.0,5.054353283376253e-10,1.1610610000000001,-0.485941,NRU,851220
28242294,165,9327,1997,0.0,0.0,1.1610610000000001,-0.485941,NRU,851230
28248820,165,9328,1997,0.0,0.0,1.1610610000000001,-0.485941,NRU,851240
28255346,165,9329,1997,0.0,0.0,1.1610610000000001,-0.485941,NRU,851290
28261872,165,9330,1997,0.0,0.0,1.1610610000000001,-0.485941,NRU,851310
28268398,165,9331,1997,0.0,0.0,1.1610610000000001,-0.485941,NRU,851390
28274924,165,9332,1997,0.0,0.0,1.1610610000000001,-0.485941,NRU,851410
28281450,165,9333,1997,0.0,0.0,1.1610610000000001,-0.485941,NRU,851420
28287976,165,9334,1997,0.0,8.166840606929459e-09,1.1610610000000001,-0.485941,NRU,851430
28294502,165,9335,1997,0.0,0.0,1.1610610000000001,-0.485941,NRU,851440
28301028,165,9336,1997,0.0,0.0,1.1610610000000001,-0.485941,NRU,851490
28307554,165,9337,1997,0.0,0.0,1.1610610000000001,-0.485941,NRU,851511
28314080,165,9338,1997,0.0,0.0,1.1610610000000001,-0.485941,NRU,851519
28320606,165,9339,1997,0.0,0.0,1.1610610000000001,-0.485941,NRU,851521
28327132,165,9340,1997,0.0,0.0,1.1610610000000001,-0.485941,NRU,851529
28333658,165,9341,1997,0.0,0.0,1.1610610000000001,-0.485941,NRU,851531
28340184,165,9342,1997,0.0,0.0,1.1610610000000001,-0.485941,NRU,851539
28346710,165,9343,1997,0.0,0.0,1.1610610000000001,-0.485941,NRU,851580
28353236,165,9344,1997,0.0,0.0,1.1610610000000001,-0.485941,NRU,851590
28359762,165,9345,1997,0.0,3.7170211195452245e-09,1.1610610000000001,-0.485941,NRU,851610
28366288,165,9346,1997,0.0,0.0,1.1610610000000001,-0.485941,NRU,851621
28372814,165,9347,1997,0.0,0.0,1.1610610000000001,-0.485941,NRU,851629
28379340,165,9348,1997,0.0,0.0,1.1610610000000001,-0.485941,NRU,851631
28385866,165,9349,1997,0.0,0.0,1.1610610000000001,-0.485941,NRU,851632
28392392,165,9350,1997,0.0,0.0,1.1610610000000001,-0.485941,NRU,851633
28398918,165,9351,1997,0.0,0.0,1.1610610000000001,-0.485941,NRU,851640
28405444,165,9352,1997,0.0,0.0,1.1610610000000001,-0.485941,NRU,851650
28411970,165,9353,1997,0.0,1.3182747662051832e-08,1.1610610000000001,-0.485941,NRU,851660
28418496,165,9354,1997,0.0,0.0,1.1610610000000001,-0.485941,NRU,851671
28425022,165,9355,1997,0.0,0.0,1.1610610000000001,-0.485941,NRU,851672
28431548,165,9356,1997,0.0,1.3605324739842307e-09,1.1610610000000001,-0.485941,NRU,851679
28438074,165,9357,1997,0.0,0.0,1.1610610000000001,-0.485941,NRU,851680
28444600,165,9358,1997,0.0,7.742274931125853e-10,1.1610610000000001,-0.485941,NRU,851690
28451126,165,9359,1997,0.0,1.5802725544352768e-09,1.1610610000000001,-0.485941,NRU,851710
28457652,165,9360,1997,0.0,0.0,1.1610610000000001,-0.485941,NRU,851720
28464178,165,9361,1997,0.0,0.0,1.1610610000000001,-0.485941,NRU,851730
28470704,165,9362,1997,0.0,0.0,1.1610610000000001,-0.485941,NRU,851740
28477230,165,9363,1997,0.0,0.0,1.1610610000000001,-0.485941,NRU,851781
28483756,165,9364,1997,0.0,9.492241182681697e-10,1.1610610000000001,-0.485941,NRU,851782
28490282,165,9365,1997,6.391051149306786e-09,0.0,1.1610610000000001,-0.485941,NRU,851790
28496808,165,9366,1997,0.0,0.0,1.1610610000000001,-0.485941,NRU,851810
28503334,165,9367,1997,0.0,0.0,1.1610610000000001,-0.485941,NRU,851821
28509860,165,9368,1997,0.0,3.215231554231674e-09,1.1610610000000001,-0.485941,NRU,851822
28516386,165,9369,1997,0.0,9.8412401339863e-09,1.1610610000000001,-0.485941,NRU,851829
28522912,165,9370,1997,0.0,0.0,1.1610610000000001,-0.485941,NRU,851830
28529438,165,9371,1997,0.0,6.048652289942073e-10,1.1610610000000001,-0.485941,NRU,851840
28535964,165,9372,1997,0.0,1.7247773433895095e-09,1.1610610000000001,-0.485941,NRU,851850
28542490,165,9373,1997,0.0,0.0,1.1610610000000001,-0.485941,NRU,851890
28549016,165,9374,1997,0.0,0.0,1.1610610000000001,-0.485941,NRU,851910
28555542,165,9375,1997,0.0,0.0,1.1610610000000001,-0.485941,NRU,851921
28562068,165,9376,1997,0.0,0.0,1.1610610000000001,-0.485941,NRU,851929
28568594,165,9377,1997,0.0,0.0,1.1610610000000001,-0.485941,NRU,851931
28575120,165,9378,1997,0.0,0.0,1.1610610000000001,-0.485941,NRU,851939
28581646,165,9379,1997,0.0,0.0,1.1610610000000001,-0.485941,NRU,851940
28588172,165,9380,1997,0.0,0.0,1.1610610000000001,-0.485941,NRU,851991
28594698,165,9381,1997,0.0,0.0,1.1610610000000001,-0.485941,NRU,851999
28601224,165,9382,1997,0.0,0.0,1.1610610000000001,-0.485941,NRU,852010
28607750,165,9383,1997,0.0,0.0,1.1610610000000001,-0.485941,NRU,852020
28614276,165,9384,1997,0.0,0.0,1.1610610000000001,-0.485941,NRU,852031
28620802,165,9385,1997,0.0,0.0,1.1610610000000001,-0.485941,NRU,852039
28627328,165,9386,1997,0.0,0.0,1.1610610000000001,-0.485941,NRU,852090
28633854,165,9387,1997,0.0,1.5057863015234094e-07,1.1610610000000001,-0.485941,NRU,852110
28640380,165,9388,1997,0.0,5.855758282668304e-09,1.1610610000000001,-0.485941,NRU,852190
28646906,165,9389,1997,0.0,0.0,1.1610610000000001,-0.485941,NRU,852210
28653432,165,9390,1997,0.0,0.0,1.1610610000000001,-0.485941,NRU,852290
28659958,165,9391,1997,0.0,6.718146954363058e-10,1.1610610000000001,-0.485941,NRU,852311
28666484,165,9392,1997,0.0,0.0,1.1610610000000001,-0.485941,NRU,852312
28673010,165,9393,1997,0.0,0.0,1.1610610000000001,-0.485941,NRU,852313
28679536,165,9394,1997,0.0,2.187789247446993e-09,1.1610610000000001,-0.485941,NRU,852320
28686062,165,9395,1997,0.0,0.0,1.1610610000000001,-0.485941,NRU,852390
28692588,165,9396,1997,0.0,0.0,1.1610610000000001,-0.485941,NRU,852410
28699114,165,9397,1997,0.0,0.0,1.1610610000000001,-0.485941,NRU,852421
28705640,165,9398,1997,0.0,0.0,1.1610610000000001,-0.485941,NRU,852422
28712166,165,9399,1997,0.0,7.898048442154499e-10,1.1610610000000001,-0.485941,NRU,852423
28718692,165,9400,1997,0.0,6.28728405151787e-10,1.1610610000000001,-0.485941,NRU,852490
28725218,165,9401,1997,0.0,6.569002103378186e-10,1.1610610000000001,-0.485941,NRU,852510
28731744,165,9402,1997,0.0,0.0,1.1610610000000001,-0.485941,NRU,852520
28738270,165,9403,1997,0.0,0.0,1.1610610000000001,-0.485941,NRU,852530
28744796,165,9404,1997,0.0,1.7502976845580322e-09,1.1610610000000001,-0.485941,NRU,852610
28751322,165,9405,1997,0.0,0.0,1.1610610000000001,-0.485941,NRU,852691
28757848,165,9406,1997,0.0,0.0,1.1610610000000001,-0.485941,NRU,852692
28764374,165,9407,1997,0.0,6.941864230840368e-09,1.1610610000000001,-0.485941,NRU,852711
28770900,165,9408,1997,0.0,8.398512275459295e-10,1.1610610000000001,-0.485941,NRU,852719
28777426,165,9409,1997,0.0,0.0,1.1610610000000001,-0.485941,NRU,852721
28783952,165,9410,1997,0.0,0.0,1.1610610000000001,-0.485941,NRU,852729
28790478,165,9411,1997,0.0,1.388041413165885e-09,1.1610610000000001,-0.485941,NRU,852731
28797004,165,9412,1997,0.0,0.0,1.1610610000000001,-0.485941,NRU,852732
28803530,165,9413,1997,0.0,0.0,1.1610610000000001,-0.485941,NRU,852739
28810056,165,9414,1997,0.0,0.0,1.1610610000000001,-0.485941,NRU,852790
28816582,165,9415,1997,0.0,1.716259515233262e-08,1.1610610000000001,-0.485941,NRU,852810
28823108,165,9416,1997,0.0,0.0,1.1610610000000001,-0.485941,NRU,852820
28829634,165,9417,1997,0.0,1.2428737582072753e-09,1.1610610000000001,-0.485941,NRU,852910
28836160,165,9418,1997,0.0,1.059061015193474e-08,1.1610610000000001,-0.485941,NRU,852990
28842686,165,9419,1997,0.0,0.0,1.1610610000000001,-0.485941,NRU,853010
28849212,165,9420,1997,0.0,0.0,1.1610610000000001,-0.485941,NRU,853080
28855738,165,9421,1997,0.0,0.0,1.1610610000000001,-0.485941,NRU,853090
28862264,165,9422,1997,2.815911076088357e-08,0.0,1.1610610000000001,-0.485941,NRU,853110
28868790,165,9423,1997,0.0,0.0,1.1610610000000001,-0.485941,NRU,853120
28875316,165,9424,1997,0.0,4.2946425557595284e-08,1.1610610000000001,-0.485941,NRU,853180
28881842,165,9425,1997,5.314360550279427e-09,1.0198193477343429e-09,1.1610610000000001,-0.485941,NRU,853190
28888368,165,9426,1997,0.0,0.0,1.1610610000000001,-0.485941,NRU,853210
28894894,165,9427,1997,0.0,0.0,1.1610610000000001,-0.485941,NRU,853221
28901420,165,9428,1997,0.0,0.0,1.1610610000000001,-0.485941,NRU,853222
28907946,165,9429,1997,0.0,0.0,1.1610610000000001,-0.485941,NRU,853223
28914472,165,9430,1997,0.0,0.0,1.1610610000000001,-0.485941,NRU,853224
28920998,165,9431,1997,0.0,0.0,1.1610610000000001,-0.485941,NRU,853225
28927524,165,9432,1997,0.0,0.0,1.1610610000000001,-0.485941,NRU,853229
28934050,165,9433,1997,0.0,0.0,1.1610610000000001,-0.485941,NRU,853230
28940576,165,9434,1997,0.0,0.0,1.1610610000000001,-0.485941,NRU,853290
28947102,165,9435,1997,0.0,0.0,1.1610610000000001,-0.485941,NRU,853310
28953628,165,9436,1997,0.0,0.0,1.1610610000000001,-0.485941,NRU,853321
28960154,165,9437,1997,0.0,0.0,1.1610610000000001,-0.485941,NRU,853329
28966680,165,9438,1997,0.0,0.0,1.1610610000000001,-0.485941,NRU,853331
28973206,165,9439,1997,0.0,0.0,1.1610610000000001,-0.485941,NRU,853339
28979732,165,9440,1997,0.0,0.0,1.1610610000000001,-0.485941,NRU,853340
28986258,165,9441,1997,0.0,0.0,1.1610610000000001,-0.485941,NRU,853390
28992784,165,9442,1997,0.0,0.0,1.1610610000000001,-0.485941,NRU,853400
28999310,165,9443,1997,0.0,0.0,1.1610610000000001,-0.485941,NRU,853510
29005836,165,9444,1997,0.0,0.0,1.1610610000000001,-0.485941,NRU,853521
29012362,165,9445,1997,0.0,0.0,1.1610610000000001,-0.485941,NRU,853529
29018888,165,9446,1997,0.0,0.0,1.1610610000000001,-0.485941,NRU,853530
29025414,165,9447,1997,0.0,0.0,1.1610610000000001,-0.485941,NRU,853540
29031940,165,9448,1997,0.0,2.2421442598059246e-09,1.1610610000000001,-0.485941,NRU,853590
29038466,165,9449,1997,0.0,4.872065132172519e-10,1.1610610000000001,-0.485941,NRU,853610
29044992,165,9450,1997,0.0,0.0,1.1610610000000001,-0.485941,NRU,853620
29051518,165,9451,1997,0.0,0.0,1.1610610000000001,-0.485941,NRU,853630
29058044,165,9452,1997,0.0,3.2284888743192183e-09,1.1610610000000001,-0.485941,NRU,853641
29064570,165,9453,1997,0.0,0.0,1.1610610000000001,-0.485941,NRU,853649
29071096,165,9454,1997,0.0,0.0,1.1610610000000001,-0.485941,NRU,853650
29077622,165,9455,1997,0.0,0.0,1.1610610000000001,-0.485941,NRU,853661
29084148,165,9456,1997,0.0,5.53559400255411e-09,1.1610610000000001,-0.485941,NRU,853669
29090674,165,9457,1997,0.0,7.94776339248279e-10,1.1610610000000001,-0.485941,NRU,853690
29097200,165,9458,1997,0.0,0.0,1.1610610000000001,-0.485941,NRU,853710
29103726,165,9459,1997,0.0,0.0,1.1610610000000001,-0.485941,NRU,853720
29110252,165,9460,1997,0.0,0.0,1.1610610000000001,-0.485941,NRU,853810
29116778,165,9461,1997,0.0,0.0,1.1610610000000001,-0.485941,NRU,853890
29123304,165,9462,1997,0.0,0.0,1.1610610000000001,-0.485941,NRU,853910
29129830,165,9463,1997,0.0,0.0,1.1610610000000001,-0.485941,NRU,853921
29136356,165,9464,1997,0.0,0.0,1.1610610000000001,-0.485941,NRU,853922
29142882,165,9465,1997,0.0,1.8460818221905394e-09,1.1610610000000001,-0.485941,NRU,853929
29149408,165,9466,1997,0.0,5.442129895936923e-10,1.1610610000000001,-0.485941,NRU,853931
29155934,165,9467,1997,0.0,0.0,1.1610610000000001,-0.485941,NRU,853939
29162460,165,9468,1997,0.0,0.0,1.1610610000000001,-0.485941,NRU,853940
29168986,165,9469,1997,0.0,0.0,1.1610610000000001,-0.485941,NRU,853990
29175512,165,9470,1997,0.0,0.0,1.1610610000000001,-0.485941,NRU,854011
29182038,165,9471,1997,0.0,0.0,1.1610610000000001,-0.485941,NRU,854012
29188564,165,9472,1997,0.0,0.0,1.1610610000000001,-0.485941,NRU,854020
29195090,165,9473,1997,0.0,0.0,1.1610610000000001,-0.485941,NRU,854030
29201616,165,9474,1997,0.0,0.0,1.1610610000000001,-0.485941,NRU,854041
29208142,165,9475,1997,0.0,0.0,1.1610610000000001,-0.485941,NRU,854042
29214668,165,9476,1997,0.0,0.0,1.1610610000000001,-0.485941,NRU,854049
29221194,165,9477,1997,0.0,0.0,1.1610610000000001,-0.485941,NRU,854081
29227720,165,9478,1997,0.0,0.0,1.1610610000000001,-0.485941,NRU,854089
29234246,165,9479,1997,0.0,0.0,1.1610610000000001,-0.485941,NRU,854091
29240772,165,9480,1997,0.0,0.0,1.1610610000000001,-0.485941,NRU,854099
29247298,165,9481,1997,2.645816386182909e-09,0.0,1.1610610000000001,-0.485941,NRU,854110
29253824,165,9482,1997,0.0,0.0,1.1610610000000001,-0.485941,NRU,854121
29260350,165,9483,1997,0.0,7.569266903983401e-09,1.1610610000000001,-0.485941,NRU,854129
29266876,165,9484,1997,0.0,8.080336593358232e-10,1.1610610000000001,-0.485941,NRU,854130
29273402,165,9485,1997,0.0,8.872461468589002e-10,1.1610610000000001,-0.485941,NRU,854140
29279928,165,9486,1997,0.0,0.0,1.1610610000000001,-0.485941,NRU,854150
29286454,165,9487,1997,0.0,0.0,1.1610610000000001,-0.485941,NRU,854160
29292980,165,9488,1997,0.0,0.0,1.1610610000000001,-0.485941,NRU,854190
29299506,165,9489,1997,0.0,0.0,1.1610610000000001,-0.485941,NRU,854211
29306032,165,9490,1997,0.0,6.3038557016273e-10,1.1610610000000001,-0.485941,NRU,854219
29312558,165,9491,1997,0.0,0.0,1.1610610000000001,-0.485941,NRU,854220
29319084,165,9492,1997,5.219509957119966e-09,0.0,1.1610610000000001,-0.485941,NRU,854280
29325610,165,9493,1997,0.0,1.575963925406825e-09,1.1610610000000001,-0.485941,NRU,854290
29332136,165,9494,1997,0.0,0.0,1.1610610000000001,-0.485941,NRU,854310
29338662,165,9495,1997,0.0,0.0,1.1610610000000001,-0.485941,NRU,854320
29345188,165,9496,1997,0.0,0.0,1.1610610000000001,-0.485941,NRU,854330
29351714,165,9497,1997,6.3031704080408325e-09,0.0,1.1610610000000001,-0.485941,NRU,854380
29358240,165,9498,1997,0.0,7.626273380359841e-10,1.1610610000000001,-0.485941,NRU,854390
29364766,165,9499,1997,0.0,0.0,1.1610610000000001,-0.485941,NRU,854411
29371292,165,9500,1997,0.0,1.1076490933143238e-09,1.1610610000000001,-0.485941,NRU,854419
29377818,165,9501,1997,0.0,5.316185355105252e-10,1.1610610000000001,-0.485941,NRU,854420
29384344,165,9502,1997,0.0,0.0,1.1610610000000001,-0.485941,NRU,854430
29390870,165,9503,1997,0.0,0.0,1.1610610000000001,-0.485941,NRU,854441
29397396,165,9504,1997,0.0,0.0,1.1610610000000001,-0.485941,NRU,854449
29403922,165,9505,1997,0.0,0.0,1.1610610000000001,-0.485941,NRU,854451
29410448,165,9506,1997,0.0,1.7575892106061814e-09,1.1610610000000001,-0.485941,NRU,854459
29416974,165,9507,1997,0.0,0.0,1.1610610000000001,-0.485941,NRU,854460
29423500,165,9508,1997,0.0,0.0,1.1610610000000001,-0.485941,NRU,854470
29430026,165,9509,1997,0.0,0.0,1.1610610000000001,-0.485941,NRU,854511
29436552,165,9510,1997,0.0,0.0,1.1610610000000001,-0.485941,NRU,854519
29443078,165,9511,1997,0.0,0.0,1.1610610000000001,-0.485941,NRU,854520
29449604,165,9512,1997,0.0,0.0,1.1610610000000001,-0.485941,NRU,854590
29456130,165,9513,1997,0.0,0.0,1.1610610000000001,-0.485941,NRU,854610
29462656,165,9514,1997,0.0,0.0,1.1610610000000001,-0.485941,NRU,854620
29469182,165,9515,1997,0.0,0.0,1.1610610000000001,-0.485941,NRU,854690
29475708,165,9516,1997,0.0,0.0,1.1610610000000001,-0.485941,NRU,854710
29482234,165,9517,1997,0.0,0.0,1.1610610000000001,-0.485941,NRU,854720
29488760,165,9518,1997,0.0,0.0,1.1610610000000001,-0.485941,NRU,854790
29495286,165,9519,1997,0.0,0.0,1.1610610000000001,-0.485941,NRU,854800
29501812,165,9520,1997,0.0,0.0,1.1610610000000001,-0.485941,NRU,860110
29508338,165,9521,1997,0.0,0.0,1.1610610000000001,-0.485941,NRU,860120
29514864,165,9522,1997,0.0,0.0,1.1610610000000001,-0.485941,NRU,860210
29521390,165,9523,1997,0.0,0.0,1.1610610000000001,-0.485941,NRU,860290
29527916,165,9524,1997,0.0,0.0,1.1610610000000001,-0.485941,NRU,860310
29534442,165,9525,1997,0.0,0.0,1.1610610000000001,-0.485941,NRU,860390
29540968,165,9526,1997,0.0,0.0,1.1610610000000001,-0.485941,NRU,860400
29547494,165,9527,1997,0.0,0.0,1.1610610000000001,-0.485941,NRU,860500
29554020,165,9528,1997,0.0,0.0,1.1610610000000001,-0.485941,NRU,860610
29560546,165,9529,1997,0.0,0.0,1.1610610000000001,-0.485941,NRU,860620
29567072,165,9530,1997,0.0,0.0,1.1610610000000001,-0.485941,NRU,860630
29573598,165,9531,1997,0.0,0.0,1.1610610000000001,-0.485941,NRU,860691
29580124,165,9532,1997,0.0,0.0,1.1610610000000001,-0.485941,NRU,860692
29586650,165,9533,1997,0.0,0.0,1.1610610000000001,-0.485941,NRU,860699
29593176,165,9534,1997,0.0,0.0,1.1610610000000001,-0.485941,NRU,860711
29599702,165,9535,1997,0.0,0.0,1.1610610000000001,-0.485941,NRU,860712
29606228,165,9536,1997,0.0,0.0,1.1610610000000001,-0.485941,NRU,860719
29612754,165,9537,1997,0.0,0.0,1.1610610000000001,-0.485941,NRU,860721
29619280,165,9538,1997,0.0,0.0,1.1610610000000001,-0.485941,NRU,860729
29625806,165,9539,1997,0.0,0.0,1.1610610000000001,-0.485941,NRU,860730
29632332,165,9540,1997,0.0,0.0,1.1610610000000001,-0.485941,NRU,860791
29638858,165,9541,1997,0.0,0.0,1.1610610000000001,-0.485941,NRU,860799
29645384,165,9542,1997,0.0,0.0,1.1610610000000001,-0.485941,NRU,860800
29651910,165,9543,1997,0.0,0.0,1.1610610000000001,-0.485941,NRU,860900
29658436,165,9544,1997,0.0,0.0,1.1610610000000001,-0.485941,NRU,870110
29664962,165,9545,1997,0.0,0.0,1.1610610000000001,-0.485941,NRU,870120
29671488,165,9546,1997,0.0,0.0,1.1610610000000001,-0.485941,NRU,870130
29678014,165,9547,1997,0.0,0.0,1.1610610000000001,-0.485941,NRU,870190
29684540,165,9548,1997,0.0,0.0,1.1610610000000001,-0.485941,NRU,870210
29691066,165,9549,1997,0.0,0.0,1.1610610000000001,-0.485941,NRU,870290
29697592,165,9550,1997,0.0,2.7387966135855518e-08,1.1610610000000001,-0.485941,NRU,870310
29704118,165,9551,1997,0.0,0.0,1.1610610000000001,-0.485941,NRU,870321
29710644,165,9552,1997,0.0,4.87438516318784e-09,1.1610610000000001,-0.485941,NRU,870322
29717170,165,9553,1997,0.0,7.058860080612946e-09,1.1610610000000001,-0.485941,NRU,870323
29723696,165,9554,1997,0.0,3.815622437696335e-08,1.1610610000000001,-0.485941,NRU,870324
29730222,165,9555,1997,0.0,0.0,1.1610610000000001,-0.485941,NRU,870331
29736748,165,9556,1997,0.0,0.0,1.1610610000000001,-0.485941,NRU,870332
29743274,165,9557,1997,0.0,2.4708661746162822e-08,1.1610610000000001,-0.485941,NRU,870333
29749800,165,9558,1997,0.0,0.0,1.1610610000000001,-0.485941,NRU,870390
29756326,165,9559,1997,0.0,0.0,1.1610610000000001,-0.485941,NRU,870410
29762852,165,9560,1997,0.0,4.064362905838885e-08,1.1610610000000001,-0.485941,NRU,870421
29769378,165,9561,1997,0.0,6.967384572008891e-09,1.1610610000000001,-0.485941,NRU,870422
29775904,165,9562,1997,0.0,0.0,1.1610610000000001,-0.485941,NRU,870423
29782430,165,9563,1997,0.0,1.6807961839990813e-08,1.1610610000000001,-0.485941,NRU,870431
29788956,165,9564,1997,0.0,0.0,1.1610610000000001,-0.485941,NRU,870432
29795482,165,9565,1997,0.0,0.0,1.1610610000000001,-0.485941,NRU,870490
29802008,165,9566,1997,0.0,0.0,1.1610610000000001,-0.485941,NRU,870510
29808534,165,9567,1997,0.0,0.0,1.1610610000000001,-0.485941,NRU,870520
29815060,165,9568,1997,0.0,0.0,1.1610610000000001,-0.485941,NRU,870530
29821586,165,9569,1997,0.0,0.0,1.1610610000000001,-0.485941,NRU,870540
29828112,165,9570,1997,0.0,1.1766203010697728e-08,1.1610610000000001,-0.485941,NRU,870590
29834638,165,9571,1997,0.0,0.0,1.1610610000000001,-0.485941,NRU,870600
29841164,165,9572,1997,0.0,0.0,1.1610610000000001,-0.485941,NRU,870710
29847690,165,9573,1997,0.0,0.0,1.1610610000000001,-0.485941,NRU,870790
29854216,165,9574,1997,0.0,0.0,1.1610610000000001,-0.485941,NRU,870810
29860742,165,9575,1997,0.0,0.0,1.1610610000000001,-0.485941,NRU,870821
29867268,165,9576,1997,0.0,5.817312054414426e-09,1.1610610000000001,-0.485941,NRU,870829
29873794,165,9577,1997,0.0,0.0,1.1610610000000001,-0.485941,NRU,870831
29880320,165,9578,1997,0.0,0.0,1.1610610000000001,-0.485941,NRU,870839
29886846,165,9579,1997,0.0,0.0,1.1610610000000001,-0.485941,NRU,870840
29893372,165,9580,1997,0.0,0.0,1.1610610000000001,-0.485941,NRU,870850
29899898,165,9581,1997,0.0,0.0,1.1610610000000001,-0.485941,NRU,870860
29906424,165,9582,1997,0.0,0.0,1.1610610000000001,-0.485941,NRU,870870
29912950,165,9583,1997,0.0,0.0,1.1610610000000001,-0.485941,NRU,870880
29919476,165,9584,1997,0.0,0.0,1.1610610000000001,-0.485941,NRU,870891
29926002,165,9585,1997,0.0,0.0,1.1610610000000001,-0.485941,NRU,870892
29932528,165,9586,1997,0.0,0.0,1.1610610000000001,-0.485941,NRU,870893
29939054,165,9587,1997,0.0,0.0,1.1610610000000001,-0.485941,NRU,870894
29945580,165,9588,1997,0.0,7.564958274954949e-08,1.1610610000000001,-0.485941,NRU,870899
29952106,165,9589,1997,0.0,0.0,1.1610610000000001,-0.485941,NRU,870911
29958632,165,9590,1997,0.0,0.0,1.1610610000000001,-0.485941,NRU,870919
29965158,165,9591,1997,0.0,0.0,1.1610610000000001,-0.485941,NRU,870990
29971684,165,9592,1997,0.0,0.0,1.1610610000000001,-0.485941,NRU,871000
29978210,165,9593,1997,0.0,9.74877032637568e-09,1.1610610000000001,-0.485941,NRU,871110
29984736,165,9594,1997,0.0,3.0131568527972804e-08,1.1610610000000001,-0.485941,NRU,871120
29991262,165,9595,1997,0.0,0.0,1.1610610000000001,-0.485941,NRU,871130
29997788,165,9596,1997,0.0,0.0,1.1610610000000001,-0.485941,NRU,871140
30004314,165,9597,1997,0.0,0.0,1.1610610000000001,-0.485941,NRU,871150
30010840,165,9598,1997,0.0,3.883499916544562e-08,1.1610610000000001,-0.485941,NRU,871190
30017366,165,9599,1997,0.0,1.1086433923208895e-08,1.1610610000000001,-0.485941,NRU,871200
30023892,165,9600,1997,0.0,0.0,1.1610610000000001,-0.485941,NRU,871310
30030418,165,9601,1997,0.0,0.0,1.1610610000000001,-0.485941,NRU,871390
30036944,165,9602,1997,0.0,0.0,1.1610610000000001,-0.485941,NRU,871411
30043470,165,9603,1997,0.0,0.0,1.1610610000000001,-0.485941,NRU,871419
30049996,165,9604,1997,0.0,0.0,1.1610610000000001,-0.485941,NRU,871420
30056522,165,9605,1997,0.0,0.0,1.1610610000000001,-0.485941,NRU,871491
30063048,165,9606,1997,0.0,0.0,1.1610610000000001,-0.485941,NRU,871492
30069574,165,9607,1997,0.0,0.0,1.1610610000000001,-0.485941,NRU,871493
30076100,165,9608,1997,0.0,0.0,1.1610610000000001,-0.485941,NRU,871494
30082626,165,9609,1997,0.0,0.0,1.1610610000000001,-0.485941,NRU,871495
30089152,165,9610,1997,0.0,0.0,1.1610610000000001,-0.485941,NRU,871496
30095678,165,9611,1997,0.0,0.0,1.1610610000000001,-0.485941,NRU,871499
30102204,165,9612,1997,0.0,1.3532078046358624e-08,1.1610610000000001,-0.485941,NRU,871500
30108730,165,9613,1997,0.0,0.0,1.1610610000000001,-0.485941,NRU,871610
30115256,165,9614,1997,0.0,5.336071335236569e-10,1.1610610000000001,-0.485941,NRU,871620
30121782,165,9615,1997,0.0,0.0,1.1610610000000001,-0.485941,NRU,871631
30128308,165,9616,1997,0.0,0.0,1.1610610000000001,-0.485941,NRU,871639
30134834,165,9617,1997,0.0,3.697466572416097e-09,1.1610610000000001,-0.485941,NRU,871640
30141360,165,9618,1997,0.0,0.0,1.1610610000000001,-0.485941,NRU,871680
30147886,165,9619,1997,8.677162570376981e-09,1.3293777717785016e-09,1.1610610000000001,-0.485941,NRU,871690
30154412,165,9620,1997,0.0,0.0,1.1610610000000001,-0.485941,NRU,880110
30160938,165,9621,1997,0.0,0.0,1.1610610000000001,-0.485941,NRU,880190
30167464,165,9622,1997,0.0,0.0,1.1610610000000001,-0.485941,NRU,880211
30173990,165,9623,1997,0.0,0.0,1.1610610000000001,-0.485941,NRU,880212
30180516,165,9624,1997,0.0,0.0,1.1610610000000001,-0.485941,NRU,880220
30187042,165,9625,1997,0.0,0.0,1.1610610000000001,-0.485941,NRU,880230
30193568,165,9626,1997,0.0,0.0,1.1610610000000001,-0.485941,NRU,880240
30200094,165,9627,1997,0.0,1.09757353004779e-08,1.1610610000000001,-0.485941,NRU,880250
30206620,165,9628,1997,6.257714852213615e-10,0.0,1.1610610000000001,-0.485941,NRU,880310
30213146,165,9629,1997,0.0,0.0,1.1610610000000001,-0.485941,NRU,880320
30219672,165,9630,1997,0.0,3.285223575633864e-07,1.1610610000000001,-0.485941,NRU,880330
30226198,165,9631,1997,0.0,0.0,1.1610610000000001,-0.485941,NRU,880390
30232724,165,9632,1997,0.0,0.0,1.1610610000000001,-0.485941,NRU,880400
30239250,165,9633,1997,0.0,0.0,1.1610610000000001,-0.485941,NRU,880510
30245776,165,9634,1997,0.0,0.0,1.1610610000000001,-0.485941,NRU,880520
30252302,165,9635,1997,0.0,0.0,1.1610610000000001,-0.485941,NRU,890110
30258828,165,9636,1997,0.0,0.0,1.1610610000000001,-0.485941,NRU,890120
30265354,165,9637,1997,0.0,0.0,1.1610610000000001,-0.485941,NRU,890130
30271880,165,9638,1997,0.0,0.0,1.1610610000000001,-0.485941,NRU,890190
30278406,165,9639,1997,0.0,0.0,1.1610610000000001,-0.485941,NRU,890200
30284932,165,9640,1997,0.0,0.0,1.1610610000000001,-0.485941,NRU,890310
30291458,165,9641,1997,0.0,0.0,1.1610610000000001,-0.485941,NRU,890391
30297984,165,9642,1997,0.0,8.404146636496501e-09,1.1610610000000001,-0.485941,NRU,890392
30304510,165,9643,1997,0.0,0.0,1.1610610000000001,-0.485941,NRU,890399
30311036,165,9644,1997,0.0,0.0,1.1610610000000001,-0.485941,NRU,890400
30317562,165,9645,1997,0.0,0.0,1.1610610000000001,-0.485941,NRU,890510
30324088,165,9646,1997,0.0,0.0,1.1610610000000001,-0.485941,NRU,890520
30330614,165,9647,1997,0.0,0.0,1.1610610000000001,-0.485941,NRU,890590
30337140,165,9648,1997,0.0,0.0,1.1610610000000001,-0.485941,NRU,890600
30343666,165,9649,1997,0.0,0.0,1.1610610000000001,-0.485941,NRU,890710
30350192,165,9650,1997,0.0,1.0085174823597114e-08,1.1610610000000001,-0.485941,NRU,890790
30356718,165,9651,1997,0.0,0.0,1.1610610000000001,-0.485941,NRU,890800
30363244,165,9652,1997,0.0,0.0,1.1610610000000001,-0.485941,NRU,900110
30369770,165,9653,1997,0.0,0.0,1.1610610000000001,-0.485941,NRU,900120
30376296,165,9654,1997,0.0,0.0,1.1610610000000001,-0.485941,NRU,900130
30382822,165,9655,1997,0.0,0.0,1.1610610000000001,-0.485941,NRU,900140
30389348,165,9656,1997,0.0,0.0,1.1610610000000001,-0.485941,NRU,900150
30395874,165,9657,1997,0.0,0.0,1.1610610000000001,-0.485941,NRU,900190
30402400,165,9658,1997,0.0,0.0,1.1610610000000001,-0.485941,NRU,900211
30408926,165,9659,1997,0.0,0.0,1.1610610000000001,-0.485941,NRU,900219
30415452,165,9660,1997,0.0,0.0,1.1610610000000001,-0.485941,NRU,900220
30421978,165,9661,1997,0.0,0.0,1.1610610000000001,-0.485941,NRU,900290
30428504,165,9662,1997,0.0,0.0,1.1610610000000001,-0.485941,NRU,900311
30435030,165,9663,1997,0.0,0.0,1.1610610000000001,-0.485941,NRU,900319
30441556,165,9664,1997,0.0,0.0,1.1610610000000001,-0.485941,NRU,900390
30448082,165,9665,1997,0.0,0.0,1.1610610000000001,-0.485941,NRU,900410
30454608,165,9666,1997,0.0,0.0,1.1610610000000001,-0.485941,NRU,900490
30461134,165,9667,1997,0.0,0.0,1.1610610000000001,-0.485941,NRU,900510
30467660,165,9668,1997,0.0,0.0,1.1610610000000001,-0.485941,NRU,900580
30474186,165,9669,1997,0.0,0.0,1.1610610000000001,-0.485941,NRU,900590
30480712,165,9670,1997,0.0,0.0,1.1610610000000001,-0.485941,NRU,900610
30487238,165,9671,1997,0.0,0.0,1.1610610000000001,-0.485941,NRU,900620
30493764,165,9672,1997,0.0,0.0,1.1610610000000001,-0.485941,NRU,900630
30500290,165,9673,1997,0.0,0.0,1.1610610000000001,-0.485941,NRU,900640
30506816,165,9674,1997,0.0,0.0,1.1610610000000001,-0.485941,NRU,900651
30513342,165,9675,1997,0.0,0.0,1.1610610000000001,-0.485941,NRU,900652
30519868,165,9676,1997,0.0,0.0,1.1610610000000001,-0.485941,NRU,900653
30526394,165,9677,1997,0.0,0.0,1.1610610000000001,-0.485941,NRU,900659
30532920,165,9678,1997,0.0,0.0,1.1610610000000001,-0.485941,NRU,900661
30539446,165,9679,1997,0.0,0.0,1.1610610000000001,-0.485941,NRU,900662
30545972,165,9680,1997,0.0,0.0,1.1610610000000001,-0.485941,NRU,900669
30552498,165,9681,1997,0.0,0.0,1.1610610000000001,-0.485941,NRU,900691
30559024,165,9682,1997,0.0,0.0,1.1610610000000001,-0.485941,NRU,900699
30565550,165,9683,1997,0.0,0.0,1.1610610000000001,-0.485941,NRU,900711
30572076,165,9684,1997,0.0,0.0,1.1610610000000001,-0.485941,NRU,900719
30578602,165,9685,1997,0.0,0.0,1.1610610000000001,-0.485941,NRU,900721
30585128,165,9686,1997,0.0,0.0,1.1610610000000001,-0.485941,NRU,900729
30591654,165,9687,1997,0.0,0.0,1.1610610000000001,-0.485941,NRU,900791
30598180,165,9688,1997,0.0,0.0,1.1610610000000001,-0.485941,NRU,900792
30604706,165,9689,1997,0.0,0.0,1.1610610000000001,-0.485941,NRU,900810
30611232,165,9690,1997,0.0,0.0,1.1610610000000001,-0.485941,NRU,900820
30617758,165,9691,1997,0.0,0.0,1.1610610000000001,-0.485941,NRU,900830
30624284,165,9692,1997,0.0,0.0,1.1610610000000001,-0.485941,NRU,900840
30630810,165,9693,1997,0.0,0.0,1.1610610000000001,-0.485941,NRU,900890
30637336,165,9694,1997,0.0,0.0,1.1610610000000001,-0.485941,NRU,900911
30643862,165,9695,1997,0.0,1.1901759108592867e-09,1.1610610000000001,-0.485941,NRU,900912
30650388,165,9696,1997,0.0,5.20018380433924e-10,1.1610610000000001,-0.485941,NRU,900921
30656914,165,9697,1997,0.0,0.0,1.1610610000000001,-0.485941,NRU,900922
30663440,165,9698,1997,0.0,0.0,1.1610610000000001,-0.485941,NRU,900930
30669966,165,9699,1997,5.030414844878741e-10,1.3403150608507256e-09,1.1610610000000001,-0.485941,NRU,900990
30676492,165,9700,1997,0.0,0.0,1.1610610000000001,-0.485941,NRU,901010
30683018,165,9701,1997,0.0,0.0,1.1610610000000001,-0.485941,NRU,901020
30689544,165,9702,1997,0.0,0.0,1.1610610000000001,-0.485941,NRU,901030
30696070,165,9703,1997,0.0,0.0,1.1610610000000001,-0.485941,NRU,901090
30702596,165,9704,1997,0.0,0.0,1.1610610000000001,-0.485941,NRU,901110
30709122,165,9705,1997,0.0,0.0,1.1610610000000001,-0.485941,NRU,901120
30715648,165,9706,1997,0.0,0.0,1.1610610000000001,-0.485941,NRU,901180
30722174,165,9707,1997,0.0,0.0,1.1610610000000001,-0.485941,NRU,901190
30728700,165,9708,1997,0.0,0.0,1.1610610000000001,-0.485941,NRU,901210
30735226,165,9709,1997,0.0,0.0,1.1610610000000001,-0.485941,NRU,901290
30741752,165,9710,1997,0.0,0.0,1.1610610000000001,-0.485941,NRU,901310
30748278,165,9711,1997,0.0,0.0,1.1610610000000001,-0.485941,NRU,901320
30754804,165,9712,1997,0.0,0.0,1.1610610000000001,-0.485941,NRU,901380
30761330,165,9713,1997,0.0,0.0,1.1610610000000001,-0.485941,NRU,901390
30767856,165,9714,1997,0.0,0.0,1.1610610000000001,-0.485941,NRU,901410
30774382,165,9715,1997,0.0,0.0,1.1610610000000001,-0.485941,NRU,901420
30780908,165,9716,1997,0.0,0.0,1.1610610000000001,-0.485941,NRU,901480
30787434,165,9717,1997,0.0,4.4544595494148744e-10,1.1610610000000001,-0.485941,NRU,901490
30793960,165,9718,1997,0.0,0.0,1.1610610000000001,-0.485941,NRU,901510
30800486,165,9719,1997,0.0,0.0,1.1610610000000001,-0.485941,NRU,901520
30807012,165,9720,1997,0.0,0.0,1.1610610000000001,-0.485941,NRU,901530
30813538,165,9721,1997,0.0,0.0,1.1610610000000001,-0.485941,NRU,901540
30820064,165,9722,1997,6.671572536168488e-08,0.0,1.1610610000000001,-0.485941,NRU,901580
30826590,165,9723,1997,0.0,3.185071151032511e-09,1.1610610000000001,-0.485941,NRU,901590
30833116,165,9724,1997,0.0,0.0,1.1610610000000001,-0.485941,NRU,901600
30839642,165,9725,1997,0.0,9.270181071215331e-10,1.1610610000000001,-0.485941,NRU,901710
30846168,165,9726,1997,0.0,0.0,1.1610610000000001,-0.485941,NRU,901720
30852694,165,9727,1997,5.337694402270732e-09,0.0,1.1610610000000001,-0.485941,NRU,901730
30859220,165,9728,1997,0.0,0.0,1.1610610000000001,-0.485941,NRU,901780
30865746,165,9729,1997,0.0,0.0,1.1610610000000001,-0.485941,NRU,901790
30872272,165,9730,1997,0.0,0.0,1.1610610000000001,-0.485941,NRU,901811
30878798,165,9731,1997,0.0,6.718146954363058e-10,1.1610610000000001,-0.485941,NRU,901819
30885324,165,9732,1997,0.0,0.0,1.1610610000000001,-0.485941,NRU,901820
30891850,165,9733,1997,0.0,0.0,1.1610610000000001,-0.485941,NRU,901831
30898376,165,9734,1997,0.0,0.0,1.1610610000000001,-0.485941,NRU,901832
30904902,165,9735,1997,0.0,0.0,1.1610610000000001,-0.485941,NRU,901839
30911428,165,9736,1997,0.0,0.0,1.1610610000000001,-0.485941,NRU,901841
30917954,165,9737,1997,0.0,0.0,1.1610610000000001,-0.485941,NRU,901849
30924480,165,9738,1997,0.0,0.0,1.1610610000000001,-0.485941,NRU,901850
30931006,165,9739,1997,0.0,0.0,1.1610610000000001,-0.485941,NRU,901890
30937532,165,9740,1997,0.0,0.0,1.1610610000000001,-0.485941,NRU,901910
30944058,165,9741,1997,0.0,6.7231184493958874e-09,1.1610610000000001,-0.485941,NRU,901920
30950584,165,9742,1997,0.0,0.0,1.1610610000000001,-0.485941,NRU,902000
30957110,165,9743,1997,0.0,0.0,1.1610610000000001,-0.485941,NRU,902111
30963636,165,9744,1997,0.0,0.0,1.1610610000000001,-0.485941,NRU,902119
30970162,165,9745,1997,0.0,0.0,1.1610610000000001,-0.485941,NRU,902121
30976688,165,9746,1997,0.0,0.0,1.1610610000000001,-0.485941,NRU,902129
30983214,165,9747,1997,0.0,0.0,1.1610610000000001,-0.485941,NRU,902130
30989740,165,9748,1997,0.0,0.0,1.1610610000000001,-0.485941,NRU,902140
30996266,165,9749,1997,0.0,0.0,1.1610610000000001,-0.485941,NRU,902150
31002792,165,9750,1997,0.0,0.0,1.1610610000000001,-0.485941,NRU,902190
31009318,165,9751,1997,0.0,0.0,1.1610610000000001,-0.485941,NRU,902211
31015844,165,9752,1997,0.0,0.0,1.1610610000000001,-0.485941,NRU,902219
31022370,165,9753,1997,0.0,0.0,1.1610610000000001,-0.485941,NRU,902221
31028896,165,9754,1997,0.0,0.0,1.1610610000000001,-0.485941,NRU,902229
31035422,165,9755,1997,0.0,0.0,1.1610610000000001,-0.485941,NRU,902230
31041948,165,9756,1997,0.0,0.0,1.1610610000000001,-0.485941,NRU,902290
31048474,165,9757,1997,0.0,0.0,1.1610610000000001,-0.485941,NRU,902300
31055000,165,9758,1997,0.0,0.0,1.1610610000000001,-0.485941,NRU,902410
31061526,165,9759,1997,0.0,0.0,1.1610610000000001,-0.485941,NRU,902480
31068052,165,9760,1997,0.0,0.0,1.1610610000000001,-0.485941,NRU,902490
31074578,165,9761,1997,0.0,0.0,1.1610610000000001,-0.485941,NRU,902511
31081104,165,9762,1997,0.0,0.0,1.1610610000000001,-0.485941,NRU,902519
31087630,165,9763,1997,0.0,0.0,1.1610610000000001,-0.485941,NRU,902520
31094156,165,9764,1997,0.0,0.0,1.1610610000000001,-0.485941,NRU,902580
31100682,165,9765,1997,0.0,0.0,1.1610610000000001,-0.485941,NRU,902590
31107208,165,9766,1997,0.0,1.073842927091086e-09,1.1610610000000001,-0.485941,NRU,902610
31113734,165,9767,1997,0.0,2.9739483286383683e-09,1.1610610000000001,-0.485941,NRU,902620
31120260,165,9768,1997,0.0,0.0,1.1610610000000001,-0.485941,NRU,902680
31126786,165,9769,1997,0.0,5.2323328055515345e-09,1.1610610000000001,-0.485941,NRU,902690
31133312,165,9770,1997,0.0,0.0,1.1610610000000001,-0.485941,NRU,902710
31139838,165,9771,1997,0.0,0.0,1.1610610000000001,-0.485941,NRU,902720
31146364,165,9772,1997,0.0,0.0,1.1610610000000001,-0.485941,NRU,902730
31152890,165,9773,1997,0.0,0.0,1.1610610000000001,-0.485941,NRU,902740
31159416,165,9774,1997,0.0,0.0,1.1610610000000001,-0.485941,NRU,902750
31165942,165,9775,1997,0.0,4.6297876075726475e-09,1.1610610000000001,-0.485941,NRU,902780
31172468,165,9776,1997,0.0,5.286356384908278e-10,1.1610610000000001,-0.485941,NRU,902790
31178994,165,9777,1997,0.0,0.0,1.1610610000000001,-0.485941,NRU,902810
31185520,165,9778,1997,0.0,0.0,1.1610610000000001,-0.485941,NRU,902820
31192046,165,9779,1997,0.0,0.0,1.1610610000000001,-0.485941,NRU,902830
31198572,165,9780,1997,0.0,0.0,1.1610610000000001,-0.485941,NRU,902890
31205098,165,9781,1997,0.0,0.0,1.1610610000000001,-0.485941,NRU,902910
31211624,165,9782,1997,0.0,0.0,1.1610610000000001,-0.485941,NRU,902920
31218150,165,9783,1997,0.0,0.0,1.1610610000000001,-0.485941,NRU,902990
31224676,165,9784,1997,0.0,0.0,1.1610610000000001,-0.485941,NRU,903010
31231202,165,9785,1997,0.0,0.0,1.1610610000000001,-0.485941,NRU,903020
31237728,165,9786,1997,0.0,0.0,1.1610610000000001,-0.485941,NRU,903031
31244254,165,9787,1997,0.0,0.0,1.1610610000000001,-0.485941,NRU,903039
31250780,165,9788,1997,0.0,2.8019578008126347e-07,1.1610610000000001,-0.485941,NRU,903040
31257306,165,9789,1997,0.0,0.0,1.1610610000000001,-0.485941,NRU,903081
31263832,165,9790,1997,0.0,0.0,1.1610610000000001,-0.485941,NRU,903089
31270358,165,9791,1997,0.0,0.0,1.1610610000000001,-0.485941,NRU,903090
31276884,165,9792,1997,0.0,0.0,1.1610610000000001,-0.485941,NRU,903110
31283410,165,9793,1997,0.0,0.0,1.1610610000000001,-0.485941,NRU,903120
31289936,165,9794,1997,0.0,0.0,1.1610610000000001,-0.485941,NRU,903130
31296462,165,9795,1997,0.0,0.0,1.1610610000000001,-0.485941,NRU,903140
31302988,165,9796,1997,0.0,8.184737989047643e-09,1.1610610000000001,-0.485941,NRU,903180
31309514,165,9797,1997,0.0,0.0,1.1610610000000001,-0.485941,NRU,903190
31316040,165,9798,1997,0.0,5.694018977600263e-10,1.1610610000000001,-0.485941,NRU,903210
31322566,165,9799,1997,0.0,0.0,1.1610610000000001,-0.485941,NRU,903220
31329092,165,9800,1997,0.0,0.0,1.1610610000000001,-0.485941,NRU,903281
31335618,165,9801,1997,0.0,0.0,1.1610610000000001,-0.485941,NRU,903289
31342144,165,9802,1997,8.024420788698137e-10,0.0,1.1610610000000001,-0.485941,NRU,903290
31348670,165,9803,1997,0.0,0.0,1.1610610000000001,-0.485941,NRU,903300
31355196,165,9804,1997,0.0,0.0,1.1610610000000001,-0.485941,NRU,910111
31361722,165,9805,1997,0.0,0.0,1.1610610000000001,-0.485941,NRU,910112
31368248,165,9806,1997,0.0,0.0,1.1610610000000001,-0.485941,NRU,910119
31374774,165,9807,1997,0.0,0.0,1.1610610000000001,-0.485941,NRU,910121
31381300,165,9808,1997,0.0,0.0,1.1610610000000001,-0.485941,NRU,910129
31387826,165,9809,1997,0.0,0.0,1.1610610000000001,-0.485941,NRU,910191
31394352,165,9810,1997,0.0,0.0,1.1610610000000001,-0.485941,NRU,910199
31400878,165,9811,1997,0.0,0.0,1.1610610000000001,-0.485941,NRU,910211
31407404,165,9812,1997,0.0,0.0,1.1610610000000001,-0.485941,NRU,910212
31413930,165,9813,1997,0.0,0.0,1.1610610000000001,-0.485941,NRU,910219
31420456,165,9814,1997,0.0,0.0,1.1610610000000001,-0.485941,NRU,910221
31426982,165,9815,1997,0.0,0.0,1.1610610000000001,-0.485941,NRU,910229
31433508,165,9816,1997,0.0,0.0,1.1610610000000001,-0.485941,NRU,910291
31440034,165,9817,1997,0.0,7.642845030469271e-10,1.1610610000000001,-0.485941,NRU,910299
31446560,165,9818,1997,0.0,0.0,1.1610610000000001,-0.485941,NRU,910310
31453086,165,9819,1997,0.0,0.0,1.1610610000000001,-0.485941,NRU,910390
31459612,165,9820,1997,0.0,0.0,1.1610610000000001,-0.485941,NRU,910400
31466138,165,9821,1997,0.0,1.7850981497878358e-09,1.1610610000000001,-0.485941,NRU,910511
31472664,165,9822,1997,0.0,0.0,1.1610610000000001,-0.485941,NRU,910519
31479190,165,9823,1997,0.0,0.0,1.1610610000000001,-0.485941,NRU,910521
31485716,165,9824,1997,0.0,0.0,1.1610610000000001,-0.485941,NRU,910529
31492242,165,9825,1997,0.0,0.0,1.1610610000000001,-0.485941,NRU,910591
31498768,165,9826,1997,0.0,0.0,1.1610610000000001,-0.485941,NRU,910599
31505294,165,9827,1997,0.0,5.557468580698558e-09,1.1610610000000001,-0.485941,NRU,910610
31511820,165,9828,1997,0.0,0.0,1.1610610000000001,-0.485941,NRU,910620
31518346,165,9829,1997,0.0,0.0,1.1610610000000001,-0.485941,NRU,910690
31524872,165,9830,1997,0.0,0.0,1.1610610000000001,-0.485941,NRU,910700
31531398,165,9831,1997,0.0,0.0,1.1610610000000001,-0.485941,NRU,910811
31537924,165,9832,1997,0.0,0.0,1.1610610000000001,-0.485941,NRU,910812
31544450,165,9833,1997,0.0,0.0,1.1610610000000001,-0.485941,NRU,910819
31550976,165,9834,1997,0.0,0.0,1.1610610000000001,-0.485941,NRU,910820
31557502,165,9835,1997,0.0,0.0,1.1610610000000001,-0.485941,NRU,910891
31564028,165,9836,1997,0.0,0.0,1.1610610000000001,-0.485941,NRU,910899
31570554,165,9837,1997,0.0,0.0,1.1610610000000001,-0.485941,NRU,910911
31577080,165,9838,1997,0.0,0.0,1.1610610000000001,-0.485941,NRU,910919
31583606,165,9839,1997,0.0,0.0,1.1610610000000001,-0.485941,NRU,910990
31590132,165,9840,1997,0.0,0.0,1.1610610000000001,-0.485941,NRU,911011
31596658,165,9841,1997,0.0,0.0,1.1610610000000001,-0.485941,NRU,911012
31603184,165,9842,1997,0.0,0.0,1.1610610000000001,-0.485941,NRU,911019
31609710,165,9843,1997,0.0,0.0,1.1610610000000001,-0.485941,NRU,911090
31616236,165,9844,1997,0.0,0.0,1.1610610000000001,-0.485941,NRU,911110
31622762,165,9845,1997,0.0,0.0,1.1610610000000001,-0.485941,NRU,911120
31629288,165,9846,1997,0.0,0.0,1.1610610000000001,-0.485941,NRU,911180
31635814,165,9847,1997,0.0,0.0,1.1610610000000001,-0.485941,NRU,911190
31642340,165,9848,1997,0.0,0.0,1.1610610000000001,-0.485941,NRU,911210
31648866,165,9849,1997,0.0,0.0,1.1610610000000001,-0.485941,NRU,911280
31655392,165,9850,1997,0.0,0.0,1.1610610000000001,-0.485941,NRU,911290
31661918,165,9851,1997,0.0,0.0,1.1610610000000001,-0.485941,NRU,911310
31668444,165,9852,1997,0.0,0.0,1.1610610000000001,-0.485941,NRU,911320
31674970,165,9853,1997,0.0,0.0,1.1610610000000001,-0.485941,NRU,911390
31681496,165,9854,1997,0.0,0.0,1.1610610000000001,-0.485941,NRU,911410
31688022,165,9855,1997,0.0,0.0,1.1610610000000001,-0.485941,NRU,911420
31694548,165,9856,1997,0.0,0.0,1.1610610000000001,-0.485941,NRU,911430
31701074,165,9857,1997,0.0,0.0,1.1610610000000001,-0.485941,NRU,911440
31707600,165,9858,1997,0.0,0.0,1.1610610000000001,-0.485941,NRU,911490
31714126,165,9859,1997,0.0,0.0,1.1610610000000001,-0.485941,NRU,920110
31720652,165,9860,1997,0.0,0.0,1.1610610000000001,-0.485941,NRU,920120
31727178,165,9861,1997,0.0,0.0,1.1610610000000001,-0.485941,NRU,920190
31733704,165,9862,1997,0.0,0.0,1.1610610000000001,-0.485941,NRU,920210
31740230,165,9863,1997,0.0,0.0,1.1610610000000001,-0.485941,NRU,920290
31746756,165,9864,1997,0.0,0.0,1.1610610000000001,-0.485941,NRU,920300
31753282,165,9865,1997,0.0,0.0,1.1610610000000001,-0.485941,NRU,920410
31759808,165,9866,1997,0.0,0.0,1.1610610000000001,-0.485941,NRU,920420
31766334,165,9867,1997,0.0,0.0,1.1610610000000001,-0.485941,NRU,920510
31772860,165,9868,1997,0.0,0.0,1.1610610000000001,-0.485941,NRU,920590
31779386,165,9869,1997,0.0,0.0,1.1610610000000001,-0.485941,NRU,920600
31785912,165,9870,1997,0.0,0.0,1.1610610000000001,-0.485941,NRU,920710
31792438,165,9871,1997,0.0,0.0,1.1610610000000001,-0.485941,NRU,920790
31798964,165,9872,1997,0.0,0.0,1.1610610000000001,-0.485941,NRU,920810
31805490,165,9873,1997,0.0,0.0,1.1610610000000001,-0.485941,NRU,920890
31812016,165,9874,1997,0.0,0.0,1.1610610000000001,-0.485941,NRU,920910
31818542,165,9875,1997,0.0,0.0,1.1610610000000001,-0.485941,NRU,920920
31825068,165,9876,1997,0.0,0.0,1.1610610000000001,-0.485941,NRU,920930
31831594,165,9877,1997,0.0,0.0,1.1610610000000001,-0.485941,NRU,920991
31838120,165,9878,1997,0.0,0.0,1.1610610000000001,-0.485941,NRU,920992
31844646,165,9879,1997,0.0,0.0,1.1610610000000001,-0.485941,NRU,920993
31851172,165,9880,1997,0.0,0.0,1.1610610000000001,-0.485941,NRU,920994
31857698,165,9881,1997,0.0,0.0,1.1610610000000001,-0.485941,NRU,920999
31864224,165,9882,1997,0.0,0.0,1.1610610000000001,-0.485941,NRU,930100
31870750,165,9883,1997,0.0,0.0,1.1610610000000001,-0.485941,NRU,930200
31877276,165,9884,1997,0.0,0.0,1.1610610000000001,-0.485941,NRU,930310
31883802,165,9885,1997,0.0,0.0,1.1610610000000001,-0.485941,NRU,930320
31890328,165,9886,1997,0.0,0.0,1.1610610000000001,-0.485941,NRU,930330
31896854,165,9887,1997,0.0,0.0,1.1610610000000001,-0.485941,NRU,930390
31903380,165,9888,1997,0.0,1.2587825423123284e-09,1.1610610000000001,-0.485941,NRU,930400
31909906,165,9889,1997,0.0,0.0,1.1610610000000001,-0.485941,NRU,930510
31916432,165,9890,1997,0.0,0.0,1.1610610000000001,-0.485941,NRU,930521
31922958,165,9891,1997,0.0,0.0,1.1610610000000001,-0.485941,NRU,930529
31929484,165,9892,1997,0.0,0.0,1.1610610000000001,-0.485941,NRU,930590
31936010,165,9893,1997,0.0,0.0,1.1610610000000001,-0.485941,NRU,930610
31942536,165,9894,1997,0.0,0.0,1.1610610000000001,-0.485941,NRU,930621
31949062,165,9895,1997,0.0,0.0,1.1610610000000001,-0.485941,NRU,930629
31955588,165,9896,1997,0.0,0.0,1.1610610000000001,-0.485941,NRU,930630
31962114,165,9897,1997,0.0,0.0,1.1610610000000001,-0.485941,NRU,930690
31968640,165,9898,1997,0.0,0.0,1.1610610000000001,-0.485941,NRU,930700
31975166,165,9899,1997,0.0,0.0,1.1610610000000001,-0.485941,NRU,940110
31981692,165,9900,1997,0.0,0.0,1.1610610000000001,-0.485941,NRU,940120
31988218,165,9901,1997,0.0,0.0,1.1610610000000001,-0.485941,NRU,940130
31994744,165,9902,1997,0.0,0.0,1.1610610000000001,-0.485941,NRU,940140
32001270,165,9903,1997,0.0,0.0,1.1610610000000001,-0.485941,NRU,940150
32007796,165,9904,1997,0.0,0.0,1.1610610000000001,-0.485941,NRU,940161
32014322,165,9905,1997,0.0,0.0,1.1610610000000001,-0.485941,NRU,940169
32020848,165,9906,1997,0.0,0.0,1.1610610000000001,-0.485941,NRU,940171
32027374,165,9907,1997,0.0,0.0,1.1610610000000001,-0.485941,NRU,940179
32033900,165,9908,1997,0.0,0.0,1.1610610000000001,-0.485941,NRU,940180
32040426,165,9909,1997,0.0,0.0,1.1610610000000001,-0.485941,NRU,940190
32046952,165,9910,1997,0.0,0.0,1.1610610000000001,-0.485941,NRU,940210
32053478,165,9911,1997,0.0,0.0,1.1610610000000001,-0.485941,NRU,940290
32060004,165,9912,1997,0.0,7.477791395379345e-09,1.1610610000000001,-0.485941,NRU,940310
32066530,165,9913,1997,0.0,1.1901759108592867e-09,1.1610610000000001,-0.485941,NRU,940320
32073056,165,9914,1997,0.0,0.0,1.1610610000000001,-0.485941,NRU,940330
32079582,165,9915,1997,0.0,0.0,1.1610610000000001,-0.485941,NRU,940340
32086108,165,9916,1997,0.0,0.0,1.1610610000000001,-0.485941,NRU,940350
32092634,165,9917,1997,0.0,6.229946142139241e-09,1.1610610000000001,-0.485941,NRU,940360
32099160,165,9918,1997,0.0,0.0,1.1610610000000001,-0.485941,NRU,940370
32105686,165,9919,1997,0.0,3.361758084499257e-08,1.1610610000000001,-0.485941,NRU,940380
32112212,165,9920,1997,0.0,0.0,1.1610610000000001,-0.485941,NRU,940390
32118738,165,9921,1997,0.0,0.0,1.1610610000000001,-0.485941,NRU,940410
32125264,165,9922,1997,0.0,1.1901759108592867e-09,1.1610610000000001,-0.485941,NRU,940421
32131790,165,9923,1997,0.0,1.9093855256085634e-09,1.1610610000000001,-0.485941,NRU,940429
32138316,165,9924,1997,0.0,0.0,1.1610610000000001,-0.485941,NRU,940430
32144842,165,9925,1997,0.0,1.6856682491312539e-09,1.1610610000000001,-0.485941,NRU,940490
32151368,165,9926,1997,0.0,0.0,1.1610610000000001,-0.485941,NRU,940510
32157894,165,9927,1997,0.0,0.0,1.1610610000000001,-0.485941,NRU,940520
32164420,165,9928,1997,0.0,0.0,1.1610610000000001,-0.485941,NRU,940530
32170946,165,9929,1997,0.0,7.546066593830199e-09,1.1610610000000001,-0.485941,NRU,940540
32177472,165,9930,1997,0.0,0.0,1.1610610000000001,-0.485941,NRU,940550
32183998,165,9931,1997,0.0,0.0,1.1610610000000001,-0.485941,NRU,940560
32190524,165,9932,1997,0.0,1.680365321096236e-09,1.1610610000000001,-0.485941,NRU,940591
32197050,165,9933,1997,0.0,0.0,1.1610610000000001,-0.485941,NRU,940592
32203576,165,9934,1997,0.0,0.0,1.1610610000000001,-0.485941,NRU,940599
32210102,165,9935,1997,0.0,4.596511734152911e-08,1.1610610000000001,-0.485941,NRU,940600
32216628,165,9936,1997,0.0,1.2889429455114916e-09,1.1610610000000001,-0.485941,NRU,950100
32223154,165,9937,1997,0.0,0.0,1.1610610000000001,-0.485941,NRU,950210
32229680,165,9938,1997,0.0,0.0,1.1610610000000001,-0.485941,NRU,950291
32236206,165,9939,1997,0.0,0.0,1.1610610000000001,-0.485941,NRU,950299
32242732,165,9940,1997,0.0,0.0,1.1610610000000001,-0.485941,NRU,950310
32249258,165,9941,1997,0.0,0.0,1.1610610000000001,-0.485941,NRU,950320
32255784,165,9942,1997,0.0,0.0,1.1610610000000001,-0.485941,NRU,950330
32262310,165,9943,1997,0.0,0.0,1.1610610000000001,-0.485941,NRU,950341
32268836,165,9944,1997,0.0,8.375974831310469e-09,1.1610610000000001,-0.485941,NRU,950349
32275362,165,9945,1997,0.0,0.0,1.1610610000000001,-0.485941,NRU,950350
32281888,165,9946,1997,0.0,0.0,1.1610610000000001,-0.485941,NRU,950360
32288414,165,9947,1997,0.0,3.237106132376122e-09,1.1610610000000001,-0.485941,NRU,950370
32294940,165,9948,1997,0.0,5.215761155442104e-09,1.1610610000000001,-0.485941,NRU,950380
32301466,165,9949,1997,0.0,9.191631449696631e-09,1.1610610000000001,-0.485941,NRU,950390
32307992,165,9950,1997,0.0,4.755400715402129e-09,1.1610610000000001,-0.485941,NRU,950410
32314518,165,9951,1997,0.0,1.861659173293404e-09,1.1610610000000001,-0.485941,NRU,950420
32321044,165,9952,1997,0.0,0.0,1.1610610000000001,-0.485941,NRU,950430
32327570,165,9953,1997,0.0,0.0,1.1610610000000001,-0.485941,NRU,950440
32334096,165,9954,1997,0.0,0.0,1.1610610000000001,-0.485941,NRU,950490
32340622,165,9955,1997,0.0,0.0,1.1610610000000001,-0.485941,NRU,950510
32347148,165,9956,1997,0.0,0.0,1.1610610000000001,-0.485941,NRU,950590
32353674,165,9957,1997,0.0,0.0,1.1610610000000001,-0.485941,NRU,950611
32360200,165,9958,1997,0.0,0.0,1.1610610000000001,-0.485941,NRU,950612
32366726,165,9959,1997,0.0,2.797294538471841e-09,1.1610610000000001,-0.485941,NRU,950619
32373252,165,9960,1997,0.0,0.0,1.1610610000000001,-0.485941,NRU,950621
32379778,165,9961,1997,0.0,4.219142117860964e-09,1.1610610000000001,-0.485941,NRU,950629
32386304,165,9962,1997,0.0,0.0,1.1610610000000001,-0.485941,NRU,950631
32392830,165,9963,1997,0.0,0.0,1.1610610000000001,-0.485941,NRU,950632
32399356,165,9964,1997,0.0,4.815721521800456e-10,1.1610610000000001,-0.485941,NRU,950639
32405882,165,9965,1997,0.0,0.0,1.1610610000000001,-0.485941,NRU,950640
32412408,165,9966,1997,0.0,0.0,1.1610610000000001,-0.485941,NRU,950651
32418934,165,9967,1997,0.0,0.0,1.1610610000000001,-0.485941,NRU,950659
32425460,165,9968,1997,0.0,0.0,1.1610610000000001,-0.485941,NRU,950661
32431986,165,9969,1997,0.0,0.0,1.1610610000000001,-0.485941,NRU,950662
32438512,165,9970,1997,0.0,0.0,1.1610610000000001,-0.485941,NRU,950669
32445038,165,9971,1997,0.0,0.0,1.1610610000000001,-0.485941,NRU,950670
32451564,165,9972,1997,0.0,1.114940619362473e-09,1.1610610000000001,-0.485941,NRU,950691
32458090,165,9973,1997,0.0,1.6651194029955603e-09,1.1610610000000001,-0.485941,NRU,950699
32464616,165,9974,1997,0.0,2.678972956690508e-09,1.1610610000000001,-0.485941,NRU,950710
32471142,165,9975,1997,0.0,0.0,1.1610610000000001,-0.485941,NRU,950720
32477668,165,9976,1997,0.0,0.0,1.1610610000000001,-0.485941,NRU,950730
32484194,165,9977,1997,0.0,2.7813857543667877e-09,1.1610610000000001,-0.485941,NRU,950790
32490720,165,9978,1997,0.0,0.0,1.1610610000000001,-0.485941,NRU,950800
32497246,165,9979,1997,0.0,0.0,1.1610610000000001,-0.485941,NRU,960110
32503772,165,9980,1997,0.0,0.0,1.1610610000000001,-0.485941,NRU,960190
32510298,165,9981,1997,0.0,0.0,1.1610610000000001,-0.485941,NRU,960200
32516824,165,9982,1997,0.0,0.0,1.1610610000000001,-0.485941,NRU,960310
32523350,165,9983,1997,0.0,0.0,1.1610610000000001,-0.485941,NRU,960321
32529876,165,9984,1997,0.0,0.0,1.1610610000000001,-0.485941,NRU,960329
32536402,165,9985,1997,0.0,0.0,1.1610610000000001,-0.485941,NRU,960330
32542928,165,9986,1997,0.0,0.0,1.1610610000000001,-0.485941,NRU,960340
32549454,165,9987,1997,0.0,0.0,1.1610610000000001,-0.485941,NRU,960350
32555980,165,9988,1997,0.0,0.0,1.1610610000000001,-0.485941,NRU,960390
32562506,165,9989,1997,0.0,0.0,1.1610610000000001,-0.485941,NRU,960400
32569032,165,9990,1997,0.0,1.075500092102029e-09,1.1610610000000001,-0.485941,NRU,960500
32575558,165,9991,1997,0.0,0.0,1.1610610000000001,-0.485941,NRU,960610
32582084,165,9992,1997,0.0,0.0,1.1610610000000001,-0.485941,NRU,960621
32588610,165,9993,1997,0.0,0.0,1.1610610000000001,-0.485941,NRU,960622
32595136,165,9994,1997,0.0,0.0,1.1610610000000001,-0.485941,NRU,960629
32601662,165,9995,1997,0.0,0.0,1.1610610000000001,-0.485941,NRU,960630
32608188,165,9996,1997,0.0,0.0,1.1610610000000001,-0.485941,NRU,960711
32614714,165,9997,1997,0.0,0.0,1.1610610000000001,-0.485941,NRU,960719
32621240,165,9998,1997,0.0,0.0,1.1610610000000001,-0.485941,NRU,960720
32627766,165,9999,1997,0.0,3.025320443977602e-09,1.1610610000000001,-0.485941,NRU,960810
32634292,165,10000,1997,0.0,0.0,1.1610610000000001,-0.485941,NRU,960820
32640818,165,10001,1997,0.0,0.0,1.1610610000000001,-0.485941,NRU,960831
32647344,165,10002,1997,0.0,0.0,1.1610610000000001,-0.485941,NRU,960839
32653870,165,10003,1997,0.0,0.0,1.1610610000000001,-0.485941,NRU,960840
32660396,165,10004,1997,0.0,0.0,1.1610610000000001,-0.485941,NRU,960850
32666922,165,10005,1997,0.0,0.0,1.1610610000000001,-0.485941,NRU,960860
32673448,165,10006,1997,0.0,0.0,1.1610610000000001,-0.485941,NRU,960891
32679974,165,10007,1997,0.0,0.0,1.1610610000000001,-0.485941,NRU,960899
32686500,165,10008,1997,0.0,0.0,1.1610610000000001,-0.485941,NRU,960910
32693026,165,10009,1997,0.0,0.0,1.1610610000000001,-0.485941,NRU,960920
32699552,165,10010,1997,0.0,0.0,1.1610610000000001,-0.485941,NRU,960990
32706078,165,10011,1997,0.0,0.0,1.1610610000000001,-0.485941,NRU,961000
32712604,165,10012,1997,0.0,0.0,1.1610610000000001,-0.485941,NRU,961100
32719130,165,10013,1997,0.0,0.0,1.1610610000000001,-0.485941,NRU,961210
32725656,165,10014,1997,0.0,0.0,1.1610610000000001,-0.485941,NRU,961220
32732182,165,10015,1997,0.0,3.888040548674546e-09,1.1610610000000001,-0.485941,NRU,961310
32738708,165,10016,1997,0.0,0.0,1.1610610000000001,-0.485941,NRU,961320
32745234,165,10017,1997,0.0,0.0,1.1610610000000001,-0.485941,NRU,961330
32751760,165,10018,1997,0.0,0.0,1.1610610000000001,-0.485941,NRU,961380
32758286,165,10019,1997,0.0,0.0,1.1610610000000001,-0.485941,NRU,961390
32764812,165,10020,1997,0.0,0.0,1.1610610000000001,-0.485941,NRU,961410
32771338,165,10021,1997,0.0,0.0,1.1610610000000001,-0.485941,NRU,961420
32777864,165,10022,1997,0.0,0.0,1.1610610000000001,-0.485941,NRU,961490
32784390,165,10023,1997,0.0,4.065688637847639e-09,1.1610610000000001,-0.485941,NRU,961511
32790916,165,10024,1997,0.0,0.0,1.1610610000000001,-0.485941,NRU,961519
32797442,165,10025,1997,0.0,0.0,1.1610610000000001,-0.485941,NRU,961590
32803968,165,10026,1997,0.0,0.0,1.1610610000000001,-0.485941,NRU,961610
32810494,165,10027,1997,0.0,0.0,1.1610610000000001,-0.485941,NRU,961620
32817020,165,10028,1997,0.0,1.6856682491312539e-09,1.1610610000000001,-0.485941,NRU,961700
32823546,165,10029,1997,0.0,0.0,1.1610610000000001,-0.485941,NRU,961800
32830072,165,10030,1997,0.0,0.0,1.1610610000000001,-0.485941,NRU,970110
32836598,165,10031,1997,0.0,0.0,1.1610610000000001,-0.485941,NRU,970190
32843124,165,10032,1997,0.0,0.0,1.1610610000000001,-0.485941,NRU,970200
32849650,165,10033,1997,0.0,0.0,1.1610610000000001,-0.485941,NRU,970300
32856176,165,10034,1997,0.0,4.028236708600327e-09,1.1610610000000001,-0.485941,NRU,970400
32862702,165,10035,1997,0.0,0.0,1.1610610000000001,-0.485941,NRU,970500
32869228,165,10036,1997,0.0,0.0,1.1610610000000001,-0.485941,NRU,970600
32875754,165,10037,1997,0.0,0.0,1.1610610000000001,-0.485941,NRU,999999
32882280,165,10038,1997,0.0,0.0,1.1610610000000001,-0.485941,NRU,9999AA
32888806,165,10039,1997,0.0,0.0,1.1610610000000001,-0.485941,NRU,XXXXXX
