,location_id,product_id,year,export_value,import_value,hs_eci,hs_coi,location_code,hs_product_code
2247,86,5000,2006,,,,,GLP,010111
8773,86,5001,2006,,,,,GLP,010119
15299,86,5002,2006,,,,,GLP,010120
21825,86,5003,2006,,,,,GLP,010210
28351,86,5004,2006,,,,,GLP,010290
34877,86,5005,2006,,,,,GLP,010310
41403,86,5006,2006,,,,,GLP,010391
47929,86,5007,2006,,,,,GLP,010392
54455,86,5008,2006,,,,,GLP,010410
60981,86,5009,2006,,,,,GLP,010420
67507,86,5010,2006,,,,,GLP,010511
74033,86,5011,2006,,,,,GLP,010519
80559,86,5012,2006,,,,,GLP,010591
87085,86,5013,2006,,,,,GLP,010599
93611,86,5014,2006,,,,,GLP,010600
100137,86,5015,2006,,,,,GLP,020110
106663,86,5016,2006,,,,,GLP,020120
113189,86,5017,2006,,,,,GLP,020130
119715,86,5018,2006,,,,,GLP,020210
126241,86,5019,2006,,,,,GLP,020220
132767,86,5020,2006,,,,,GLP,020230
139293,86,5021,2006,,,,,GLP,020311
145819,86,5022,2006,,,,,GLP,020312
152345,86,5023,2006,,,,,GLP,020319
158871,86,5024,2006,,,,,GLP,020321
165397,86,5025,2006,,,,,GLP,020322
171923,86,5026,2006,,,,,GLP,020329
178449,86,5027,2006,,,,,GLP,020410
184975,86,5028,2006,,,,,GLP,020421
191501,86,5029,2006,,,,,GLP,020422
198027,86,5030,2006,,,,,GLP,020423
204553,86,5031,2006,,,,,GLP,020430
211079,86,5032,2006,,,,,GLP,020441
217605,86,5033,2006,,,,,GLP,020442
224131,86,5034,2006,,,,,GLP,020443
230657,86,5035,2006,,,,,GLP,020450
237183,86,5036,2006,,,,,GLP,020500
243709,86,5037,2006,,,,,GLP,020610
250235,86,5038,2006,,,,,GLP,020621
256761,86,5039,2006,,,,,GLP,020622
263287,86,5040,2006,,,,,GLP,020629
269813,86,5041,2006,,,,,GLP,020630
276339,86,5042,2006,,,,,GLP,020641
282865,86,5043,2006,,,,,GLP,020649
289391,86,5044,2006,,,,,GLP,020680
295917,86,5045,2006,,,,,GLP,020690
302443,86,5046,2006,,,,,GLP,020710
308969,86,5047,2006,,,,,GLP,020721
315495,86,5048,2006,,,,,GLP,020722
322021,86,5049,2006,,,,,GLP,020723
328547,86,5050,2006,,,,,GLP,020731
335073,86,5051,2006,,,,,GLP,020739
341599,86,5052,2006,,,,,GLP,020741
348125,86,5053,2006,,,,,GLP,020742
354651,86,5054,2006,,,,,GLP,020743
361177,86,5055,2006,,,,,GLP,020750
367703,86,5056,2006,,,,,GLP,020810
374229,86,5057,2006,,,,,GLP,020820
380755,86,5058,2006,,,,,GLP,020890
387281,86,5059,2006,,,,,GLP,020900
393807,86,5060,2006,,,,,GLP,021011
400333,86,5061,2006,,,,,GLP,021012
406859,86,5062,2006,,,,,GLP,021019
413385,86,5063,2006,,,,,GLP,021020
419911,86,5064,2006,,,,,GLP,021090
426437,86,5065,2006,,,,,GLP,030110
432963,86,5066,2006,,,,,GLP,030191
439489,86,5067,2006,,,,,GLP,030192
446015,86,5068,2006,,,,,GLP,030193
452541,86,5069,2006,,,,,GLP,030199
459067,86,5070,2006,,,,,GLP,030211
465593,86,5071,2006,,,,,GLP,030212
472119,86,5072,2006,,,,,GLP,030219
478645,86,5073,2006,,,,,GLP,030221
485171,86,5074,2006,,,,,GLP,030222
491697,86,5075,2006,,,,,GLP,030223
498223,86,5076,2006,,,,,GLP,030229
504749,86,5077,2006,,,,,GLP,030231
511275,86,5078,2006,,,,,GLP,030232
517801,86,5079,2006,,,,,GLP,030233
524327,86,5080,2006,,,,,GLP,030239
530853,86,5081,2006,,,,,GLP,030240
537379,86,5082,2006,,,,,GLP,030250
543905,86,5083,2006,,,,,GLP,030261
550431,86,5084,2006,,,,,GLP,030262
556957,86,5085,2006,,,,,GLP,030263
563483,86,5086,2006,,,,,GLP,030264
570009,86,5087,2006,,,,,GLP,030265
576535,86,5088,2006,,,,,GLP,030266
583061,86,5089,2006,,,,,GLP,030269
589587,86,5090,2006,,,,,GLP,030270
596113,86,5091,2006,,,,,GLP,030310
602639,86,5092,2006,,,,,GLP,030321
609165,86,5093,2006,,,,,GLP,030322
615691,86,5094,2006,,,,,GLP,030329
622217,86,5095,2006,,,,,GLP,030331
628743,86,5096,2006,,,,,GLP,030332
635269,86,5097,2006,,,,,GLP,030333
641795,86,5098,2006,,,,,GLP,030339
648321,86,5099,2006,,,,,GLP,030341
654847,86,5100,2006,,,,,GLP,030342
661373,86,5101,2006,,,,,GLP,030343
667899,86,5102,2006,,,,,GLP,030349
674425,86,5103,2006,,,,,GLP,030350
680951,86,5104,2006,,,,,GLP,030360
687477,86,5105,2006,,,,,GLP,030371
694003,86,5106,2006,,,,,GLP,030372
700529,86,5107,2006,,,,,GLP,030373
707055,86,5108,2006,,,,,GLP,030374
713581,86,5109,2006,,,,,GLP,030375
720107,86,5110,2006,,,,,GLP,030376
726633,86,5111,2006,,,,,GLP,030377
733159,86,5112,2006,,,,,GLP,030378
739685,86,5113,2006,,,,,GLP,030379
746211,86,5114,2006,,,,,GLP,030380
752737,86,5115,2006,,,,,GLP,030410
759263,86,5116,2006,,,,,GLP,030420
765789,86,5117,2006,,,,,GLP,030490
772315,86,5118,2006,,,,,GLP,030510
778841,86,5119,2006,,,,,GLP,030520
785367,86,5120,2006,,,,,GLP,030530
791893,86,5121,2006,,,,,GLP,030541
798419,86,5122,2006,,,,,GLP,030542
804945,86,5123,2006,,,,,GLP,030549
811471,86,5124,2006,,,,,GLP,030551
817997,86,5125,2006,,,,,GLP,030559
824523,86,5126,2006,,,,,GLP,030561
831049,86,5127,2006,,,,,GLP,030562
837575,86,5128,2006,,,,,GLP,030563
844101,86,5129,2006,,,,,GLP,030569
850627,86,5130,2006,,,,,GLP,030611
857153,86,5131,2006,,,,,GLP,030612
863679,86,5132,2006,,,,,GLP,030613
870205,86,5133,2006,,,,,GLP,030614
876731,86,5134,2006,,,,,GLP,030619
883257,86,5135,2006,,,,,GLP,030621
889783,86,5136,2006,,,,,GLP,030622
896309,86,5137,2006,,,,,GLP,030623
902835,86,5138,2006,,,,,GLP,030624
909361,86,5139,2006,,,,,GLP,030629
915887,86,5140,2006,,,,,GLP,030710
922413,86,5141,2006,,,,,GLP,030721
928939,86,5142,2006,,,,,GLP,030729
935465,86,5143,2006,,,,,GLP,030731
941991,86,5144,2006,,,,,GLP,030739
948517,86,5145,2006,,,,,GLP,030741
955043,86,5146,2006,,,,,GLP,030749
961569,86,5147,2006,,,,,GLP,030751
968095,86,5148,2006,,,,,GLP,030759
974621,86,5149,2006,,,,,GLP,030760
981147,86,5150,2006,,,,,GLP,030791
987673,86,5151,2006,,,,,GLP,030799
994199,86,5152,2006,,,,,GLP,040110
1000725,86,5153,2006,,,,,GLP,040120
1007251,86,5154,2006,,,,,GLP,040130
1013777,86,5155,2006,,,,,GLP,040210
1020303,86,5156,2006,,,,,GLP,040221
1026829,86,5157,2006,,,,,GLP,040229
1033355,86,5158,2006,,,,,GLP,040291
1039881,86,5159,2006,,,,,GLP,040299
1046407,86,5160,2006,,,,,GLP,040310
1052933,86,5161,2006,,,,,GLP,040390
1059459,86,5162,2006,,,,,GLP,040410
1065985,86,5163,2006,,,,,GLP,040490
1072511,86,5164,2006,,,,,GLP,040500
1079037,86,5165,2006,,,,,GLP,040610
1085563,86,5166,2006,,,,,GLP,040620
1092089,86,5167,2006,,,,,GLP,040630
1098615,86,5168,2006,,,,,GLP,040640
1105141,86,5169,2006,,,,,GLP,040690
1111667,86,5170,2006,,,,,GLP,040700
1118193,86,5171,2006,,,,,GLP,040811
1124719,86,5172,2006,,,,,GLP,040819
1131245,86,5173,2006,,,,,GLP,040891
1137771,86,5174,2006,,,,,GLP,040899
1144297,86,5175,2006,,,,,GLP,040900
1150823,86,5176,2006,,,,,GLP,041000
1157349,86,5177,2006,,,,,GLP,050100
1163875,86,5178,2006,,,,,GLP,050210
1170401,86,5179,2006,,,,,GLP,050290
1176927,86,5180,2006,,,,,GLP,050300
1183453,86,5181,2006,,,,,GLP,050400
1189979,86,5182,2006,,,,,GLP,050510
1196505,86,5183,2006,,,,,GLP,050590
1203031,86,5184,2006,,,,,GLP,050610
1209557,86,5185,2006,,,,,GLP,050690
1216083,86,5186,2006,,,,,GLP,050710
1222609,86,5187,2006,,,,,GLP,050790
1229135,86,5188,2006,,,,,GLP,050800
1235661,86,5189,2006,,,,,GLP,050900
1242187,86,5190,2006,,,,,GLP,051000
1248713,86,5191,2006,,,,,GLP,051110
1255239,86,5192,2006,,,,,GLP,051191
1261765,86,5193,2006,,,,,GLP,051199
1268291,86,5194,2006,,,,,GLP,060110
1274817,86,5195,2006,,,,,GLP,060120
1281343,86,5196,2006,,,,,GLP,060210
1287869,86,5197,2006,,,,,GLP,060220
1294395,86,5198,2006,,,,,GLP,060230
1300921,86,5199,2006,,,,,GLP,060240
1307447,86,5200,2006,,,,,GLP,060291
1313973,86,5201,2006,,,,,GLP,060299
1320499,86,5202,2006,,,,,GLP,060310
1327025,86,5203,2006,,,,,GLP,060390
1333551,86,5204,2006,,,,,GLP,060410
1340077,86,5205,2006,,,,,GLP,060491
1346603,86,5206,2006,,,,,GLP,060499
1353129,86,5207,2006,,,,,GLP,070110
1359655,86,5208,2006,,,,,GLP,070190
1366181,86,5209,2006,,,,,GLP,070200
1372707,86,5210,2006,,,,,GLP,070310
1379233,86,5211,2006,,,,,GLP,070320
1385759,86,5212,2006,,,,,GLP,070390
1392285,86,5213,2006,,,,,GLP,070410
1398811,86,5214,2006,,,,,GLP,070420
1405337,86,5215,2006,,,,,GLP,070490
1411863,86,5216,2006,,,,,GLP,070511
1418389,86,5217,2006,,,,,GLP,070519
1424915,86,5218,2006,,,,,GLP,070521
1431441,86,5219,2006,,,,,GLP,070529
1437967,86,5220,2006,,,,,GLP,070610
1444493,86,5221,2006,,,,,GLP,070690
1451019,86,5222,2006,,,,,GLP,070700
1457545,86,5223,2006,,,,,GLP,070810
1464071,86,5224,2006,,,,,GLP,070820
1470597,86,5225,2006,,,,,GLP,070890
1477123,86,5226,2006,,,,,GLP,070910
1483649,86,5227,2006,,,,,GLP,070920
1490175,86,5228,2006,,,,,GLP,070930
1496701,86,5229,2006,,,,,GLP,070940
1503227,86,5230,2006,,,,,GLP,070951
1509753,86,5231,2006,,,,,GLP,070952
1516279,86,5232,2006,,,,,GLP,070960
1522805,86,5233,2006,,,,,GLP,070970
1529331,86,5234,2006,,,,,GLP,070990
1535857,86,5235,2006,,,,,GLP,071010
1542383,86,5236,2006,,,,,GLP,071021
1548909,86,5237,2006,,,,,GLP,071022
1555435,86,5238,2006,,,,,GLP,071029
1561961,86,5239,2006,,,,,GLP,071030
1568487,86,5240,2006,,,,,GLP,071040
1575013,86,5241,2006,,,,,GLP,071080
1581539,86,5242,2006,,,,,GLP,071090
1588065,86,5243,2006,,,,,GLP,071110
1594591,86,5244,2006,,,,,GLP,071120
1601117,86,5245,2006,,,,,GLP,071130
1607643,86,5246,2006,,,,,GLP,071140
1614169,86,5247,2006,,,,,GLP,071190
1620695,86,5248,2006,,,,,GLP,071210
1627221,86,5249,2006,,,,,GLP,071220
1633747,86,5250,2006,,,,,GLP,071230
1640273,86,5251,2006,,,,,GLP,071290
1646799,86,5252,2006,,,,,GLP,071310
1653325,86,5253,2006,,,,,GLP,071320
1659851,86,5254,2006,,,,,GLP,071331
1666377,86,5255,2006,,,,,GLP,071332
1672903,86,5256,2006,,,,,GLP,071333
1679429,86,5257,2006,,,,,GLP,071339
1685955,86,5258,2006,,,,,GLP,071340
1692481,86,5259,2006,,,,,GLP,071350
1699007,86,5260,2006,,,,,GLP,071390
1705533,86,5261,2006,,,,,GLP,071410
1712059,86,5262,2006,,,,,GLP,071420
1718585,86,5263,2006,,,,,GLP,071490
1725111,86,5264,2006,,,,,GLP,080110
1731637,86,5265,2006,,,,,GLP,080120
1738163,86,5266,2006,,,,,GLP,080130
1744689,86,5267,2006,,,,,GLP,080211
1751215,86,5268,2006,,,,,GLP,080212
1757741,86,5269,2006,,,,,GLP,080221
1764267,86,5270,2006,,,,,GLP,080222
1770793,86,5271,2006,,,,,GLP,080231
1777319,86,5272,2006,,,,,GLP,080232
1783845,86,5273,2006,,,,,GLP,080240
1790371,86,5274,2006,,,,,GLP,080250
1796897,86,5275,2006,,,,,GLP,080290
1803423,86,5276,2006,,,,,GLP,080300
1809949,86,5277,2006,,,,,GLP,080410
1816475,86,5278,2006,,,,,GLP,080420
1823001,86,5279,2006,,,,,GLP,080430
1829527,86,5280,2006,,,,,GLP,080440
1836053,86,5281,2006,,,,,GLP,080450
1842579,86,5282,2006,,,,,GLP,080510
1849105,86,5283,2006,,,,,GLP,080520
1855631,86,5284,2006,,,,,GLP,080530
1862157,86,5285,2006,,,,,GLP,080540
1868683,86,5286,2006,,,,,GLP,080590
1875209,86,5287,2006,,,,,GLP,080610
1881735,86,5288,2006,,,,,GLP,080620
1888261,86,5289,2006,,,,,GLP,080710
1894787,86,5290,2006,,,,,GLP,080720
1901313,86,5291,2006,,,,,GLP,080810
1907839,86,5292,2006,,,,,GLP,080820
1914365,86,5293,2006,,,,,GLP,080910
1920891,86,5294,2006,,,,,GLP,080920
1927417,86,5295,2006,,,,,GLP,080930
1933943,86,5296,2006,,,,,GLP,080940
1940469,86,5297,2006,,,,,GLP,081010
1946995,86,5298,2006,,,,,GLP,081020
1953521,86,5299,2006,,,,,GLP,081030
1960047,86,5300,2006,,,,,GLP,081040
1966573,86,5301,2006,,,,,GLP,081090
1973099,86,5302,2006,,,,,GLP,081110
1979625,86,5303,2006,,,,,GLP,081120
1986151,86,5304,2006,,,,,GLP,081190
1992677,86,5305,2006,,,,,GLP,081210
1999203,86,5306,2006,,,,,GLP,081220
2005729,86,5307,2006,,,,,GLP,081290
2012255,86,5308,2006,,,,,GLP,081310
2018781,86,5309,2006,,,,,GLP,081320
2025307,86,5310,2006,,,,,GLP,081330
2031833,86,5311,2006,,,,,GLP,081340
2038359,86,5312,2006,,,,,GLP,081350
2044885,86,5313,2006,,,,,GLP,081400
2051411,86,5314,2006,,,,,GLP,090111
2057937,86,5315,2006,,,,,GLP,090112
2064463,86,5316,2006,,,,,GLP,090121
2070989,86,5317,2006,,,,,GLP,090122
2077515,86,5318,2006,,,,,GLP,090130
2084041,86,5319,2006,,,,,GLP,090140
2090567,86,5320,2006,,,,,GLP,090210
2097093,86,5321,2006,,,,,GLP,090220
2103619,86,5322,2006,,,,,GLP,090230
2110145,86,5323,2006,,,,,GLP,090240
2116671,86,5324,2006,,,,,GLP,090300
2123197,86,5325,2006,,,,,GLP,090411
2129723,86,5326,2006,,,,,GLP,090412
2136249,86,5327,2006,,,,,GLP,090420
2142775,86,5328,2006,,,,,GLP,090500
2149301,86,5329,2006,,,,,GLP,090610
2155827,86,5330,2006,,,,,GLP,090620
2162353,86,5331,2006,,,,,GLP,090700
2168879,86,5332,2006,,,,,GLP,090810
2175405,86,5333,2006,,,,,GLP,090820
2181931,86,5334,2006,,,,,GLP,090830
2188457,86,5335,2006,,,,,GLP,090910
2194983,86,5336,2006,,,,,GLP,090920
2201509,86,5337,2006,,,,,GLP,090930
2208035,86,5338,2006,,,,,GLP,090940
2214561,86,5339,2006,,,,,GLP,090950
2221087,86,5340,2006,,,,,GLP,091010
2227613,86,5341,2006,,,,,GLP,091020
2234139,86,5342,2006,,,,,GLP,091030
2240665,86,5343,2006,,,,,GLP,091040
2247191,86,5344,2006,,,,,GLP,091050
2253717,86,5345,2006,,,,,GLP,091091
2260243,86,5346,2006,,,,,GLP,091099
2266769,86,5347,2006,,,,,GLP,100110
2273295,86,5348,2006,,,,,GLP,100190
2279821,86,5349,2006,,,,,GLP,100200
2286347,86,5350,2006,,,,,GLP,100300
2292873,86,5351,2006,,,,,GLP,100400
2299399,86,5352,2006,,,,,GLP,100510
2305925,86,5353,2006,,,,,GLP,100590
2312451,86,5354,2006,,,,,GLP,100610
2318977,86,5355,2006,,,,,GLP,100620
2325503,86,5356,2006,,,,,GLP,100630
2332029,86,5357,2006,,,,,GLP,100640
2338555,86,5358,2006,,,,,GLP,100700
2345081,86,5359,2006,,,,,GLP,100810
2351607,86,5360,2006,,,,,GLP,100820
2358133,86,5361,2006,,,,,GLP,100830
2364659,86,5362,2006,,,,,GLP,100890
2371185,86,5363,2006,,,,,GLP,110100
2377711,86,5364,2006,,,,,GLP,110210
2384237,86,5365,2006,,,,,GLP,110220
2390763,86,5366,2006,,,,,GLP,110230
2397289,86,5367,2006,,,,,GLP,110290
2403815,86,5368,2006,,,,,GLP,110311
2410341,86,5369,2006,,,,,GLP,110312
2416867,86,5370,2006,,,,,GLP,110313
2423393,86,5371,2006,,,,,GLP,110314
2429919,86,5372,2006,,,,,GLP,110319
2436445,86,5373,2006,,,,,GLP,110321
2442971,86,5374,2006,,,,,GLP,110329
2449497,86,5375,2006,,,,,GLP,110411
2456023,86,5376,2006,,,,,GLP,110412
2462549,86,5377,2006,,,,,GLP,110419
2469075,86,5378,2006,,,,,GLP,110421
2475601,86,5379,2006,,,,,GLP,110422
2482127,86,5380,2006,,,,,GLP,110423
2488653,86,5381,2006,,,,,GLP,110429
2495179,86,5382,2006,,,,,GLP,110430
2501705,86,5383,2006,,,,,GLP,110510
2508231,86,5384,2006,,,,,GLP,110520
2514757,86,5385,2006,,,,,GLP,110610
2521283,86,5386,2006,,,,,GLP,110620
2527809,86,5387,2006,,,,,GLP,110630
2534335,86,5388,2006,,,,,GLP,110710
2540861,86,5389,2006,,,,,GLP,110720
2547387,86,5390,2006,,,,,GLP,110811
2553913,86,5391,2006,,,,,GLP,110812
2560439,86,5392,2006,,,,,GLP,110813
2566965,86,5393,2006,,,,,GLP,110814
2573491,86,5394,2006,,,,,GLP,110819
2580017,86,5395,2006,,,,,GLP,110820
2586543,86,5396,2006,,,,,GLP,110900
2593069,86,5397,2006,,,,,GLP,120100
2599595,86,5398,2006,,,,,GLP,120210
2606121,86,5399,2006,,,,,GLP,120220
2612647,86,5400,2006,,,,,GLP,120300
2619173,86,5401,2006,,,,,GLP,120400
2625699,86,5402,2006,,,,,GLP,120500
2632225,86,5403,2006,,,,,GLP,120600
2638751,86,5404,2006,,,,,GLP,120710
2645277,86,5405,2006,,,,,GLP,120720
2651803,86,5406,2006,,,,,GLP,120730
2658329,86,5407,2006,,,,,GLP,120740
2664855,86,5408,2006,,,,,GLP,120750
2671381,86,5409,2006,,,,,GLP,120760
2677907,86,5410,2006,,,,,GLP,120791
2684433,86,5411,2006,,,,,GLP,120792
2690959,86,5412,2006,,,,,GLP,120799
2697485,86,5413,2006,,,,,GLP,120810
2704011,86,5414,2006,,,,,GLP,120890
2710537,86,5415,2006,,,,,GLP,120911
2717063,86,5416,2006,,,,,GLP,120919
2723589,86,5417,2006,,,,,GLP,120921
2730115,86,5418,2006,,,,,GLP,120922
2736641,86,5419,2006,,,,,GLP,120923
2743167,86,5420,2006,,,,,GLP,120924
2749693,86,5421,2006,,,,,GLP,120925
2756219,86,5422,2006,,,,,GLP,120926
2762745,86,5423,2006,,,,,GLP,120929
2769271,86,5424,2006,,,,,GLP,120930
2775797,86,5425,2006,,,,,GLP,120991
2782323,86,5426,2006,,,,,GLP,120999
2788849,86,5427,2006,,,,,GLP,121010
2795375,86,5428,2006,,,,,GLP,121020
2801901,86,5429,2006,,,,,GLP,121110
2808427,86,5430,2006,,,,,GLP,121120
2814953,86,5431,2006,,,,,GLP,121190
2821479,86,5432,2006,,,,,GLP,121210
2828005,86,5433,2006,,,,,GLP,121220
2834531,86,5434,2006,,,,,GLP,121230
2841057,86,5435,2006,,,,,GLP,121291
2847583,86,5436,2006,,,,,GLP,121292
2854109,86,5437,2006,,,,,GLP,121299
2860635,86,5438,2006,,,,,GLP,121300
2867161,86,5439,2006,,,,,GLP,121410
2873687,86,5440,2006,,,,,GLP,121490
2880213,86,5441,2006,,,,,GLP,130110
2886739,86,5442,2006,,,,,GLP,130120
2893265,86,5443,2006,,,,,GLP,130190
2899791,86,5444,2006,,,,,GLP,130211
2906317,86,5445,2006,,,,,GLP,130212
2912843,86,5446,2006,,,,,GLP,130213
2919369,86,5447,2006,,,,,GLP,130214
2925895,86,5448,2006,,,,,GLP,130219
2932421,86,5449,2006,,,,,GLP,130220
2938947,86,5450,2006,,,,,GLP,130231
2945473,86,5451,2006,,,,,GLP,130232
2951999,86,5452,2006,,,,,GLP,130239
2958525,86,5453,2006,,,,,GLP,140110
2965051,86,5454,2006,,,,,GLP,140120
2971577,86,5455,2006,,,,,GLP,140190
2978103,86,5456,2006,,,,,GLP,140210
2984629,86,5457,2006,,,,,GLP,140291
2991155,86,5458,2006,,,,,GLP,140299
2997681,86,5459,2006,,,,,GLP,140310
3004207,86,5460,2006,,,,,GLP,140390
3010733,86,5461,2006,,,,,GLP,140410
3017259,86,5462,2006,,,,,GLP,140420
3023785,86,5463,2006,,,,,GLP,140490
3030311,86,5464,2006,,,,,GLP,150100
3036837,86,5465,2006,,,,,GLP,150200
3043363,86,5466,2006,,,,,GLP,150300
3049889,86,5467,2006,,,,,GLP,150410
3056415,86,5468,2006,,,,,GLP,150420
3062941,86,5469,2006,,,,,GLP,150430
3069467,86,5470,2006,,,,,GLP,150510
3075993,86,5471,2006,,,,,GLP,150590
3082519,86,5472,2006,,,,,GLP,150600
3089045,86,5473,2006,,,,,GLP,150710
3095571,86,5474,2006,,,,,GLP,150790
3102097,86,5475,2006,,,,,GLP,150810
3108623,86,5476,2006,,,,,GLP,150890
3115149,86,5477,2006,,,,,GLP,150910
3121675,86,5478,2006,,,,,GLP,150990
3128201,86,5479,2006,,,,,GLP,151000
3134727,86,5480,2006,,,,,GLP,151110
3141253,86,5481,2006,,,,,GLP,151190
3147779,86,5482,2006,,,,,GLP,151211
3154305,86,5483,2006,,,,,GLP,151219
3160831,86,5484,2006,,,,,GLP,151221
3167357,86,5485,2006,,,,,GLP,151229
3173883,86,5486,2006,,,,,GLP,151311
3180409,86,5487,2006,,,,,GLP,151319
3186935,86,5488,2006,,,,,GLP,151321
3193461,86,5489,2006,,,,,GLP,151329
3199987,86,5490,2006,,,,,GLP,151410
3206513,86,5491,2006,,,,,GLP,151490
3213039,86,5492,2006,,,,,GLP,151511
3219565,86,5493,2006,,,,,GLP,151519
3226091,86,5494,2006,,,,,GLP,151521
3232617,86,5495,2006,,,,,GLP,151529
3239143,86,5496,2006,,,,,GLP,151530
3245669,86,5497,2006,,,,,GLP,151540
3252195,86,5498,2006,,,,,GLP,151550
3258721,86,5499,2006,,,,,GLP,151560
3265247,86,5500,2006,,,,,GLP,151590
3271773,86,5501,2006,,,,,GLP,151610
3278299,86,5502,2006,,,,,GLP,151620
3284825,86,5503,2006,,,,,GLP,151710
3291351,86,5504,2006,,,,,GLP,151790
3297877,86,5505,2006,,,,,GLP,151800
3304403,86,5506,2006,,,,,GLP,151911
3310929,86,5507,2006,,,,,GLP,151912
3317455,86,5508,2006,,,,,GLP,151913
3323981,86,5509,2006,,,,,GLP,151919
3330507,86,5510,2006,,,,,GLP,151920
3337033,86,5511,2006,,,,,GLP,151930
3343559,86,5512,2006,,,,,GLP,152010
3350085,86,5513,2006,,,,,GLP,152090
3356611,86,5514,2006,,,,,GLP,152110
3363137,86,5515,2006,,,,,GLP,152190
3369663,86,5516,2006,,,,,GLP,152200
3376189,86,5517,2006,,,,,GLP,160100
3382715,86,5518,2006,,,,,GLP,160210
3389241,86,5519,2006,,,,,GLP,160220
3395767,86,5520,2006,,,,,GLP,160231
3402293,86,5521,2006,,,,,GLP,160239
3408819,86,5522,2006,,,,,GLP,160241
3415345,86,5523,2006,,,,,GLP,160242
3421871,86,5524,2006,,,,,GLP,160249
3428397,86,5525,2006,,,,,GLP,160250
3434923,86,5526,2006,,,,,GLP,160290
3441449,86,5527,2006,,,,,GLP,160300
3447975,86,5528,2006,,,,,GLP,160411
3454501,86,5529,2006,,,,,GLP,160412
3461027,86,5530,2006,,,,,GLP,160413
3467553,86,5531,2006,,,,,GLP,160414
3474079,86,5532,2006,,,,,GLP,160415
3480605,86,5533,2006,,,,,GLP,160416
3487131,86,5534,2006,,,,,GLP,160419
3493657,86,5535,2006,,,,,GLP,160420
3500183,86,5536,2006,,,,,GLP,160430
3506709,86,5537,2006,,,,,GLP,160510
3513235,86,5538,2006,,,,,GLP,160520
3519761,86,5539,2006,,,,,GLP,160530
3526287,86,5540,2006,,,,,GLP,160540
3532813,86,5541,2006,,,,,GLP,160590
3539339,86,5542,2006,,,,,GLP,170111
3545865,86,5543,2006,,,,,GLP,170112
3552391,86,5544,2006,,,,,GLP,170191
3558917,86,5545,2006,,,,,GLP,170199
3565443,86,5546,2006,,,,,GLP,170210
3571969,86,5547,2006,,,,,GLP,170220
3578495,86,5548,2006,,,,,GLP,170230
3585021,86,5549,2006,,,,,GLP,170240
3591547,86,5550,2006,,,,,GLP,170250
3598073,86,5551,2006,,,,,GLP,170260
3604599,86,5552,2006,,,,,GLP,170290
3611125,86,5553,2006,,,,,GLP,170310
3617651,86,5554,2006,,,,,GLP,170390
3624177,86,5555,2006,,,,,GLP,170410
3630703,86,5556,2006,,,,,GLP,170490
3637229,86,5557,2006,,,,,GLP,180100
3643755,86,5558,2006,,,,,GLP,180200
3650281,86,5559,2006,,,,,GLP,180310
3656807,86,5560,2006,,,,,GLP,180320
3663333,86,5561,2006,,,,,GLP,180400
3669859,86,5562,2006,,,,,GLP,180500
3676385,86,5563,2006,,,,,GLP,180610
3682911,86,5564,2006,,,,,GLP,180620
3689437,86,5565,2006,,,,,GLP,180631
3695963,86,5566,2006,,,,,GLP,180632
3702489,86,5567,2006,,,,,GLP,180690
3709015,86,5568,2006,,,,,GLP,190110
3715541,86,5569,2006,,,,,GLP,190120
3722067,86,5570,2006,,,,,GLP,190190
3728593,86,5571,2006,,,,,GLP,190211
3735119,86,5572,2006,,,,,GLP,190219
3741645,86,5573,2006,,,,,GLP,190220
3748171,86,5574,2006,,,,,GLP,190230
3754697,86,5575,2006,,,,,GLP,190240
3761223,86,5576,2006,,,,,GLP,190300
3767749,86,5577,2006,,,,,GLP,190410
3774275,86,5578,2006,,,,,GLP,190490
3780801,86,5579,2006,,,,,GLP,190510
3787327,86,5580,2006,,,,,GLP,190520
3793853,86,5581,2006,,,,,GLP,190530
3800379,86,5582,2006,,,,,GLP,190540
3806905,86,5583,2006,,,,,GLP,190590
3813431,86,5584,2006,,,,,GLP,200110
3819957,86,5585,2006,,,,,GLP,200120
3826483,86,5586,2006,,,,,GLP,200190
3833009,86,5587,2006,,,,,GLP,200210
3839535,86,5588,2006,,,,,GLP,200290
3846061,86,5589,2006,,,,,GLP,200310
3852587,86,5590,2006,,,,,GLP,200320
3859113,86,5591,2006,,,,,GLP,200410
3865639,86,5592,2006,,,,,GLP,200490
3872165,86,5593,2006,,,,,GLP,200510
3878691,86,5594,2006,,,,,GLP,200520
3885217,86,5595,2006,,,,,GLP,200530
3891743,86,5596,2006,,,,,GLP,200540
3898269,86,5597,2006,,,,,GLP,200551
3904795,86,5598,2006,,,,,GLP,200559
3911321,86,5599,2006,,,,,GLP,200560
3917847,86,5600,2006,,,,,GLP,200570
3924373,86,5601,2006,,,,,GLP,200580
3930899,86,5602,2006,,,,,GLP,200590
3937425,86,5603,2006,,,,,GLP,200600
3943951,86,5604,2006,,,,,GLP,200710
3950477,86,5605,2006,,,,,GLP,200791
3957003,86,5606,2006,,,,,GLP,200799
3963529,86,5607,2006,,,,,GLP,200811
3970055,86,5608,2006,,,,,GLP,200819
3976581,86,5609,2006,,,,,GLP,200820
3983107,86,5610,2006,,,,,GLP,200830
3989633,86,5611,2006,,,,,GLP,200840
3996159,86,5612,2006,,,,,GLP,200850
4002685,86,5613,2006,,,,,GLP,200860
4009211,86,5614,2006,,,,,GLP,200870
4015737,86,5615,2006,,,,,GLP,200880
4022263,86,5616,2006,,,,,GLP,200891
4028789,86,5617,2006,,,,,GLP,200892
4035315,86,5618,2006,,,,,GLP,200899
4041841,86,5619,2006,,,,,GLP,200911
4048367,86,5620,2006,,,,,GLP,200919
4054893,86,5621,2006,,,,,GLP,200920
4061419,86,5622,2006,,,,,GLP,200930
4067945,86,5623,2006,,,,,GLP,200940
4074471,86,5624,2006,,,,,GLP,200950
4080997,86,5625,2006,,,,,GLP,200960
4087523,86,5626,2006,,,,,GLP,200970
4094049,86,5627,2006,,,,,GLP,200980
4100575,86,5628,2006,,,,,GLP,200990
4107101,86,5629,2006,,,,,GLP,210110
4113627,86,5630,2006,,,,,GLP,210120
4120153,86,5631,2006,,,,,GLP,210130
4126679,86,5632,2006,,,,,GLP,210210
4133205,86,5633,2006,,,,,GLP,210220
4139731,86,5634,2006,,,,,GLP,210230
4146257,86,5635,2006,,,,,GLP,210310
4152783,86,5636,2006,,,,,GLP,210320
4159309,86,5637,2006,,,,,GLP,210330
4165835,86,5638,2006,,,,,GLP,210390
4172361,86,5639,2006,,,,,GLP,210410
4178887,86,5640,2006,,,,,GLP,210420
4185413,86,5641,2006,,,,,GLP,210500
4191939,86,5642,2006,,,,,GLP,210610
4198465,86,5643,2006,,,,,GLP,210690
4204991,86,5644,2006,,,,,GLP,220110
4211517,86,5645,2006,,,,,GLP,220190
4218043,86,5646,2006,,,,,GLP,220210
4224569,86,5647,2006,,,,,GLP,220290
4231095,86,5648,2006,,,,,GLP,220300
4237621,86,5649,2006,,,,,GLP,220410
4244147,86,5650,2006,,,,,GLP,220421
4250673,86,5651,2006,,,,,GLP,220429
4257199,86,5652,2006,,,,,GLP,220430
4263725,86,5653,2006,,,,,GLP,220510
4270251,86,5654,2006,,,,,GLP,220590
4276777,86,5655,2006,,,,,GLP,220600
4283303,86,5656,2006,,,,,GLP,220710
4289829,86,5657,2006,,,,,GLP,220720
4296355,86,5658,2006,,,,,GLP,220810
4302881,86,5659,2006,,,,,GLP,220820
4309407,86,5660,2006,,,,,GLP,220830
4315933,86,5661,2006,,,,,GLP,220840
4322459,86,5662,2006,,,,,GLP,220850
4328985,86,5663,2006,,,,,GLP,220890
4335511,86,5664,2006,,,,,GLP,220900
4342037,86,5665,2006,,,,,GLP,230110
4348563,86,5666,2006,,,,,GLP,230120
4355089,86,5667,2006,,,,,GLP,230210
4361615,86,5668,2006,,,,,GLP,230220
4368141,86,5669,2006,,,,,GLP,230230
4374667,86,5670,2006,,,,,GLP,230240
4381193,86,5671,2006,,,,,GLP,230250
4387719,86,5672,2006,,,,,GLP,230310
4394245,86,5673,2006,,,,,GLP,230320
4400771,86,5674,2006,,,,,GLP,230330
4407297,86,5675,2006,,,,,GLP,230400
4413823,86,5676,2006,,,,,GLP,230500
4420349,86,5677,2006,,,,,GLP,230610
4426875,86,5678,2006,,,,,GLP,230620
4433401,86,5679,2006,,,,,GLP,230630
4439927,86,5680,2006,,,,,GLP,230640
4446453,86,5681,2006,,,,,GLP,230650
4452979,86,5682,2006,,,,,GLP,230660
4459505,86,5683,2006,,,,,GLP,230690
4466031,86,5684,2006,,,,,GLP,230700
4472557,86,5685,2006,,,,,GLP,230810
4479083,86,5686,2006,,,,,GLP,230890
4485609,86,5687,2006,,,,,GLP,230910
4492135,86,5688,2006,,,,,GLP,230990
4498661,86,5689,2006,,,,,GLP,240110
4505187,86,5690,2006,,,,,GLP,240120
4511713,86,5691,2006,,,,,GLP,240130
4518239,86,5692,2006,,,,,GLP,240210
4524765,86,5693,2006,,,,,GLP,240220
4531291,86,5694,2006,,,,,GLP,240290
4537817,86,5695,2006,,,,,GLP,240310
4544343,86,5696,2006,,,,,GLP,240391
4550869,86,5697,2006,,,,,GLP,240399
4557395,86,5698,2006,,,,,GLP,250100
4563921,86,5699,2006,,,,,GLP,250200
4570447,86,5700,2006,,,,,GLP,250310
4576973,86,5701,2006,,,,,GLP,250390
4583499,86,5702,2006,,,,,GLP,250410
4590025,86,5703,2006,,,,,GLP,250490
4596551,86,5704,2006,,,,,GLP,250510
4603077,86,5705,2006,,,,,GLP,250590
4609603,86,5706,2006,,,,,GLP,250610
4616129,86,5707,2006,,,,,GLP,250621
4622655,86,5708,2006,,,,,GLP,250629
4629181,86,5709,2006,,,,,GLP,250700
4635707,86,5710,2006,,,,,GLP,250810
4642233,86,5711,2006,,,,,GLP,250820
4648759,86,5712,2006,,,,,GLP,250830
4655285,86,5713,2006,,,,,GLP,250840
4661811,86,5714,2006,,,,,GLP,250850
4668337,86,5715,2006,,,,,GLP,250860
4674863,86,5716,2006,,,,,GLP,250870
4681389,86,5717,2006,,,,,GLP,250900
4687915,86,5718,2006,,,,,GLP,251010
4694441,86,5719,2006,,,,,GLP,251020
4700967,86,5720,2006,,,,,GLP,251110
4707493,86,5721,2006,,,,,GLP,251120
4714019,86,5722,2006,,,,,GLP,251200
4720545,86,5723,2006,,,,,GLP,251311
4727071,86,5724,2006,,,,,GLP,251319
4733597,86,5725,2006,,,,,GLP,251321
4740123,86,5726,2006,,,,,GLP,251329
4746649,86,5727,2006,,,,,GLP,251400
4753175,86,5728,2006,,,,,GLP,251511
4759701,86,5729,2006,,,,,GLP,251512
4766227,86,5730,2006,,,,,GLP,251520
4772753,86,5731,2006,,,,,GLP,251611
4779279,86,5732,2006,,,,,GLP,251612
4785805,86,5733,2006,,,,,GLP,251621
4792331,86,5734,2006,,,,,GLP,251622
4798857,86,5735,2006,,,,,GLP,251690
4805383,86,5736,2006,,,,,GLP,251710
4811909,86,5737,2006,,,,,GLP,251720
4818435,86,5738,2006,,,,,GLP,251730
4824961,86,5739,2006,,,,,GLP,251741
4831487,86,5740,2006,,,,,GLP,251749
4838013,86,5741,2006,,,,,GLP,251810
4844539,86,5742,2006,,,,,GLP,251820
4851065,86,5743,2006,,,,,GLP,251830
4857591,86,5744,2006,,,,,GLP,251910
4864117,86,5745,2006,,,,,GLP,251990
4870643,86,5746,2006,,,,,GLP,252010
4877169,86,5747,2006,,,,,GLP,252020
4883695,86,5748,2006,,,,,GLP,252100
4890221,86,5749,2006,,,,,GLP,252210
4896747,86,5750,2006,,,,,GLP,252220
4903273,86,5751,2006,,,,,GLP,252230
4909799,86,5752,2006,,,,,GLP,252310
4916325,86,5753,2006,,,,,GLP,252321
4922851,86,5754,2006,,,,,GLP,252329
4929377,86,5755,2006,,,,,GLP,252330
4935903,86,5756,2006,,,,,GLP,252390
4942429,86,5757,2006,,,,,GLP,252400
4948955,86,5758,2006,,,,,GLP,252510
4955481,86,5759,2006,,,,,GLP,252520
4962007,86,5760,2006,,,,,GLP,252530
4968533,86,5761,2006,,,,,GLP,252610
4975059,86,5762,2006,,,,,GLP,252620
4981585,86,5763,2006,,,,,GLP,252700
4988111,86,5764,2006,,,,,GLP,252810
4994637,86,5765,2006,,,,,GLP,252890
5001163,86,5766,2006,,,,,GLP,252910
5007689,86,5767,2006,,,,,GLP,252921
5014215,86,5768,2006,,,,,GLP,252922
5020741,86,5769,2006,,,,,GLP,252930
5027267,86,5770,2006,,,,,GLP,253010
5033793,86,5771,2006,,,,,GLP,253020
5040319,86,5772,2006,,,,,GLP,253030
5046845,86,5773,2006,,,,,GLP,253040
5053371,86,5774,2006,,,,,GLP,253090
5059897,86,5775,2006,,,,,GLP,260111
5066423,86,5776,2006,,,,,GLP,260112
5072949,86,5777,2006,,,,,GLP,260120
5079475,86,5778,2006,,,,,GLP,260200
5086001,86,5779,2006,,,,,GLP,260300
5092527,86,5780,2006,,,,,GLP,260400
5099053,86,5781,2006,,,,,GLP,260500
5105579,86,5782,2006,,,,,GLP,260600
5112105,86,5783,2006,,,,,GLP,260700
5118631,86,5784,2006,,,,,GLP,260800
5125157,86,5785,2006,,,,,GLP,260900
5131683,86,5786,2006,,,,,GLP,261000
5138209,86,5787,2006,,,,,GLP,261100
5144735,86,5788,2006,,,,,GLP,261210
5151261,86,5789,2006,,,,,GLP,261220
5157787,86,5790,2006,,,,,GLP,261310
5164313,86,5791,2006,,,,,GLP,261390
5170839,86,5792,2006,,,,,GLP,261400
5177365,86,5793,2006,,,,,GLP,261510
5183891,86,5794,2006,,,,,GLP,261590
5190417,86,5795,2006,,,,,GLP,261610
5196943,86,5796,2006,,,,,GLP,261690
5203469,86,5797,2006,,,,,GLP,261710
5209995,86,5798,2006,,,,,GLP,261790
5216521,86,5799,2006,,,,,GLP,261800
5223047,86,5800,2006,,,,,GLP,261900
5229573,86,5801,2006,,,,,GLP,262011
5236099,86,5802,2006,,,,,GLP,262019
5242625,86,5803,2006,,,,,GLP,262020
5249151,86,5804,2006,,,,,GLP,262030
5255677,86,5805,2006,,,,,GLP,262040
5262203,86,5806,2006,,,,,GLP,262050
5268729,86,5807,2006,,,,,GLP,262090
5275255,86,5808,2006,,,,,GLP,262100
5281781,86,5809,2006,,,,,GLP,270111
5288307,86,5810,2006,,,,,GLP,270112
5294833,86,5811,2006,,,,,GLP,270119
5301359,86,5812,2006,,,,,GLP,270120
5307885,86,5813,2006,,,,,GLP,270210
5314411,86,5814,2006,,,,,GLP,270220
5320937,86,5815,2006,,,,,GLP,270300
5327463,86,5816,2006,,,,,GLP,270400
5333989,86,5817,2006,,,,,GLP,270500
5340515,86,5818,2006,,,,,GLP,270600
5347041,86,5819,2006,,,,,GLP,270710
5353567,86,5820,2006,,,,,GLP,270720
5360093,86,5821,2006,,,,,GLP,270730
5366619,86,5822,2006,,,,,GLP,270740
5373145,86,5823,2006,,,,,GLP,270750
5379671,86,5824,2006,,,,,GLP,270760
5386197,86,5825,2006,,,,,GLP,270791
5392723,86,5826,2006,,,,,GLP,270799
5399249,86,5827,2006,,,,,GLP,270810
5405775,86,5828,2006,,,,,GLP,270820
5412301,86,5829,2006,,,,,GLP,270900
5418827,86,5830,2006,,,,,GLP,271000
5425353,86,5831,2006,,,,,GLP,271011
5431879,86,5832,2006,,,,,GLP,271012
5438405,86,5833,2006,,,,,GLP,271013
5444931,86,5834,2006,,,,,GLP,271014
5451457,86,5835,2006,,,,,GLP,271015
5457983,86,5836,2006,,,,,GLP,271016
5464509,86,5837,2006,,,,,GLP,271019
5471035,86,5838,2006,,,,,GLP,271021
5477561,86,5839,2006,,,,,GLP,271022
5484087,86,5840,2006,,,,,GLP,271025
5490613,86,5841,2006,,,,,GLP,271026
5497139,86,5842,2006,,,,,GLP,271027
5503665,86,5843,2006,,,,,GLP,271029
5510191,86,5844,2006,,,,,GLP,271091
5516717,86,5845,2006,,,,,GLP,271093
5523243,86,5846,2006,,,,,GLP,271094
5529769,86,5847,2006,,,,,GLP,271095
5536295,86,5848,2006,,,,,GLP,271096
5542821,86,5849,2006,,,,,GLP,271099
5549347,86,5850,2006,,,,,GLP,271111
5555873,86,5851,2006,,,,,GLP,271112
5562399,86,5852,2006,,,,,GLP,271113
5568925,86,5853,2006,,,,,GLP,271114
5575451,86,5854,2006,,,,,GLP,271119
5581977,86,5855,2006,,,,,GLP,271121
5588503,86,5856,2006,,,,,GLP,271129
5595029,86,5857,2006,,,,,GLP,271210
5601555,86,5858,2006,,,,,GLP,271220
5608081,86,5859,2006,,,,,GLP,271290
5614607,86,5860,2006,,,,,GLP,271311
5621133,86,5861,2006,,,,,GLP,271312
5627659,86,5862,2006,,,,,GLP,271320
5634185,86,5863,2006,,,,,GLP,271390
5640711,86,5864,2006,,,,,GLP,271410
5647237,86,5865,2006,,,,,GLP,271490
5653763,86,5866,2006,,,,,GLP,271500
5660289,86,5867,2006,,,,,GLP,271600
5666815,86,5868,2006,,,,,GLP,280110
5673341,86,5869,2006,,,,,GLP,280120
5679867,86,5870,2006,,,,,GLP,280130
5686393,86,5871,2006,,,,,GLP,280200
5692919,86,5872,2006,,,,,GLP,280300
5699445,86,5873,2006,,,,,GLP,280410
5705971,86,5874,2006,,,,,GLP,280421
5712497,86,5875,2006,,,,,GLP,280429
5719023,86,5876,2006,,,,,GLP,280430
5725549,86,5877,2006,,,,,GLP,280440
5732075,86,5878,2006,,,,,GLP,280450
5738601,86,5879,2006,,,,,GLP,280461
5745127,86,5880,2006,,,,,GLP,280469
5751653,86,5881,2006,,,,,GLP,280470
5758179,86,5882,2006,,,,,GLP,280480
5764705,86,5883,2006,,,,,GLP,280490
5771231,86,5884,2006,,,,,GLP,280511
5777757,86,5885,2006,,,,,GLP,280519
5784283,86,5886,2006,,,,,GLP,280521
5790809,86,5887,2006,,,,,GLP,280522
5797335,86,5888,2006,,,,,GLP,280530
5803861,86,5889,2006,,,,,GLP,280540
5810387,86,5890,2006,,,,,GLP,280610
5816913,86,5891,2006,,,,,GLP,280620
5823439,86,5892,2006,,,,,GLP,280700
5829965,86,5893,2006,,,,,GLP,280800
5836491,86,5894,2006,,,,,GLP,280910
5843017,86,5895,2006,,,,,GLP,280920
5849543,86,5896,2006,,,,,GLP,281000
5856069,86,5897,2006,,,,,GLP,281111
5862595,86,5898,2006,,,,,GLP,281119
5869121,86,5899,2006,,,,,GLP,281121
5875647,86,5900,2006,,,,,GLP,281122
5882173,86,5901,2006,,,,,GLP,281123
5888699,86,5902,2006,,,,,GLP,281129
5895225,86,5903,2006,,,,,GLP,281210
5901751,86,5904,2006,,,,,GLP,281290
5908277,86,5905,2006,,,,,GLP,281310
5914803,86,5906,2006,,,,,GLP,281390
5921329,86,5907,2006,,,,,GLP,281410
5927855,86,5908,2006,,,,,GLP,281420
5934381,86,5909,2006,,,,,GLP,281511
5940907,86,5910,2006,,,,,GLP,281512
5947433,86,5911,2006,,,,,GLP,281520
5953959,86,5912,2006,,,,,GLP,281530
5960485,86,5913,2006,,,,,GLP,281610
5967011,86,5914,2006,,,,,GLP,281620
5973537,86,5915,2006,,,,,GLP,281630
5980063,86,5916,2006,,,,,GLP,281700
5986589,86,5917,2006,,,,,GLP,281810
5993115,86,5918,2006,,,,,GLP,281820
5999641,86,5919,2006,,,,,GLP,281830
6006167,86,5920,2006,,,,,GLP,281910
6012693,86,5921,2006,,,,,GLP,281990
6019219,86,5922,2006,,,,,GLP,282010
6025745,86,5923,2006,,,,,GLP,282090
6032271,86,5924,2006,,,,,GLP,282110
6038797,86,5925,2006,,,,,GLP,282120
6045323,86,5926,2006,,,,,GLP,282200
6051849,86,5927,2006,,,,,GLP,282300
6058375,86,5928,2006,,,,,GLP,282410
6064901,86,5929,2006,,,,,GLP,282420
6071427,86,5930,2006,,,,,GLP,282490
6077953,86,5931,2006,,,,,GLP,282510
6084479,86,5932,2006,,,,,GLP,282520
6091005,86,5933,2006,,,,,GLP,282530
6097531,86,5934,2006,,,,,GLP,282540
6104057,86,5935,2006,,,,,GLP,282550
6110583,86,5936,2006,,,,,GLP,282560
6117109,86,5937,2006,,,,,GLP,282570
6123635,86,5938,2006,,,,,GLP,282580
6130161,86,5939,2006,,,,,GLP,282590
6136687,86,5940,2006,,,,,GLP,282611
6143213,86,5941,2006,,,,,GLP,282612
6149739,86,5942,2006,,,,,GLP,282619
6156265,86,5943,2006,,,,,GLP,282620
6162791,86,5944,2006,,,,,GLP,282630
6169317,86,5945,2006,,,,,GLP,282690
6175843,86,5946,2006,,,,,GLP,282710
6182369,86,5947,2006,,,,,GLP,282720
6188895,86,5948,2006,,,,,GLP,282731
6195421,86,5949,2006,,,,,GLP,282732
6201947,86,5950,2006,,,,,GLP,282733
6208473,86,5951,2006,,,,,GLP,282734
6214999,86,5952,2006,,,,,GLP,282735
6221525,86,5953,2006,,,,,GLP,282736
6228051,86,5954,2006,,,,,GLP,282737
6234577,86,5955,2006,,,,,GLP,282738
6241103,86,5956,2006,,,,,GLP,282739
6247629,86,5957,2006,,,,,GLP,282741
6254155,86,5958,2006,,,,,GLP,282749
6260681,86,5959,2006,,,,,GLP,282751
6267207,86,5960,2006,,,,,GLP,282759
6273733,86,5961,2006,,,,,GLP,282760
6280259,86,5962,2006,,,,,GLP,282810
6286785,86,5963,2006,,,,,GLP,282890
6293311,86,5964,2006,,,,,GLP,282911
6299837,86,5965,2006,,,,,GLP,282919
6306363,86,5966,2006,,,,,GLP,282990
6312889,86,5967,2006,,,,,GLP,283010
6319415,86,5968,2006,,,,,GLP,283020
6325941,86,5969,2006,,,,,GLP,283030
6332467,86,5970,2006,,,,,GLP,283090
6338993,86,5971,2006,,,,,GLP,283110
6345519,86,5972,2006,,,,,GLP,283190
6352045,86,5973,2006,,,,,GLP,283210
6358571,86,5974,2006,,,,,GLP,283220
6365097,86,5975,2006,,,,,GLP,283230
6371623,86,5976,2006,,,,,GLP,283311
6378149,86,5977,2006,,,,,GLP,283319
6384675,86,5978,2006,,,,,GLP,283321
6391201,86,5979,2006,,,,,GLP,283322
6397727,86,5980,2006,,,,,GLP,283323
6404253,86,5981,2006,,,,,GLP,283324
6410779,86,5982,2006,,,,,GLP,283325
6417305,86,5983,2006,,,,,GLP,283326
6423831,86,5984,2006,,,,,GLP,283327
6430357,86,5985,2006,,,,,GLP,283329
6436883,86,5986,2006,,,,,GLP,283330
6443409,86,5987,2006,,,,,GLP,283340
6449935,86,5988,2006,,,,,GLP,283410
6456461,86,5989,2006,,,,,GLP,283421
6462987,86,5990,2006,,,,,GLP,283422
6469513,86,5991,2006,,,,,GLP,283429
6476039,86,5992,2006,,,,,GLP,283510
6482565,86,5993,2006,,,,,GLP,283521
6489091,86,5994,2006,,,,,GLP,283522
6495617,86,5995,2006,,,,,GLP,283523
6502143,86,5996,2006,,,,,GLP,283524
6508669,86,5997,2006,,,,,GLP,283525
6515195,86,5998,2006,,,,,GLP,283526
6521721,86,5999,2006,,,,,GLP,283529
6528247,86,6000,2006,,,,,GLP,283531
6534773,86,6001,2006,,,,,GLP,283539
6541299,86,6002,2006,,,,,GLP,283610
6547825,86,6003,2006,,,,,GLP,283620
6554351,86,6004,2006,,,,,GLP,283630
6560877,86,6005,2006,,,,,GLP,283640
6567403,86,6006,2006,,,,,GLP,283650
6573929,86,6007,2006,,,,,GLP,283660
6580455,86,6008,2006,,,,,GLP,283670
6586981,86,6009,2006,,,,,GLP,283691
6593507,86,6010,2006,,,,,GLP,283692
6600033,86,6011,2006,,,,,GLP,283693
6606559,86,6012,2006,,,,,GLP,283699
6613085,86,6013,2006,,,,,GLP,283711
6619611,86,6014,2006,,,,,GLP,283719
6626137,86,6015,2006,,,,,GLP,283720
6632663,86,6016,2006,,,,,GLP,283800
6639189,86,6017,2006,,,,,GLP,283911
6645715,86,6018,2006,,,,,GLP,283919
6652241,86,6019,2006,,,,,GLP,283920
6658767,86,6020,2006,,,,,GLP,283990
6665293,86,6021,2006,,,,,GLP,284011
6671819,86,6022,2006,,,,,GLP,284019
6678345,86,6023,2006,,,,,GLP,284020
6684871,86,6024,2006,,,,,GLP,284030
6691397,86,6025,2006,,,,,GLP,284110
6697923,86,6026,2006,,,,,GLP,284120
6704449,86,6027,2006,,,,,GLP,284130
6710975,86,6028,2006,,,,,GLP,284140
6717501,86,6029,2006,,,,,GLP,284150
6724027,86,6030,2006,,,,,GLP,284160
6730553,86,6031,2006,,,,,GLP,284170
6737079,86,6032,2006,,,,,GLP,284180
6743605,86,6033,2006,,,,,GLP,284190
6750131,86,6034,2006,,,,,GLP,284210
6756657,86,6035,2006,,,,,GLP,284290
6763183,86,6036,2006,,,,,GLP,284310
6769709,86,6037,2006,,,,,GLP,284321
6776235,86,6038,2006,,,,,GLP,284329
6782761,86,6039,2006,,,,,GLP,284330
6789287,86,6040,2006,,,,,GLP,284390
6795813,86,6041,2006,,,,,GLP,284410
6802339,86,6042,2006,,,,,GLP,284420
6808865,86,6043,2006,,,,,GLP,284430
6815391,86,6044,2006,,,,,GLP,284440
6821917,86,6045,2006,,,,,GLP,284450
6828443,86,6046,2006,,,,,GLP,284510
6834969,86,6047,2006,,,,,GLP,284590
6841495,86,6048,2006,,,,,GLP,284610
6848021,86,6049,2006,,,,,GLP,284690
6854547,86,6050,2006,,,,,GLP,284700
6861073,86,6051,2006,,,,,GLP,284810
6867599,86,6052,2006,,,,,GLP,284890
6874125,86,6053,2006,,,,,GLP,284910
6880651,86,6054,2006,,,,,GLP,284920
6887177,86,6055,2006,,,,,GLP,284990
6893703,86,6056,2006,,,,,GLP,285000
6900229,86,6057,2006,,,,,GLP,285100
6906755,86,6058,2006,,,,,GLP,290110
6913281,86,6059,2006,,,,,GLP,290121
6919807,86,6060,2006,,,,,GLP,290122
6926333,86,6061,2006,,,,,GLP,290123
6932859,86,6062,2006,,,,,GLP,290124
6939385,86,6063,2006,,,,,GLP,290129
6945911,86,6064,2006,,,,,GLP,290211
6952437,86,6065,2006,,,,,GLP,290219
6958963,86,6066,2006,,,,,GLP,290220
6965489,86,6067,2006,,,,,GLP,290230
6972015,86,6068,2006,,,,,GLP,290241
6978541,86,6069,2006,,,,,GLP,290242
6985067,86,6070,2006,,,,,GLP,290243
6991593,86,6071,2006,,,,,GLP,290244
6998119,86,6072,2006,,,,,GLP,290250
7004645,86,6073,2006,,,,,GLP,290260
7011171,86,6074,2006,,,,,GLP,290270
7017697,86,6075,2006,,,,,GLP,290290
7024223,86,6076,2006,,,,,GLP,290311
7030749,86,6077,2006,,,,,GLP,290312
7037275,86,6078,2006,,,,,GLP,290313
7043801,86,6079,2006,,,,,GLP,290314
7050327,86,6080,2006,,,,,GLP,290315
7056853,86,6081,2006,,,,,GLP,290316
7063379,86,6082,2006,,,,,GLP,290319
7069905,86,6083,2006,,,,,GLP,290321
7076431,86,6084,2006,,,,,GLP,290322
7082957,86,6085,2006,,,,,GLP,290323
7089483,86,6086,2006,,,,,GLP,290329
7096009,86,6087,2006,,,,,GLP,290330
7102535,86,6088,2006,,,,,GLP,290340
7109061,86,6089,2006,,,,,GLP,290351
7115587,86,6090,2006,,,,,GLP,290359
7122113,86,6091,2006,,,,,GLP,290361
7128639,86,6092,2006,,,,,GLP,290362
7135165,86,6093,2006,,,,,GLP,290369
7141691,86,6094,2006,,,,,GLP,290410
7148217,86,6095,2006,,,,,GLP,290420
7154743,86,6096,2006,,,,,GLP,290490
7161269,86,6097,2006,,,,,GLP,290511
7167795,86,6098,2006,,,,,GLP,290512
7174321,86,6099,2006,,,,,GLP,290513
7180847,86,6100,2006,,,,,GLP,290514
7187373,86,6101,2006,,,,,GLP,290515
7193899,86,6102,2006,,,,,GLP,290516
7200425,86,6103,2006,,,,,GLP,290517
7206951,86,6104,2006,,,,,GLP,290519
7213477,86,6105,2006,,,,,GLP,290521
7220003,86,6106,2006,,,,,GLP,290522
7226529,86,6107,2006,,,,,GLP,290529
7233055,86,6108,2006,,,,,GLP,290531
7239581,86,6109,2006,,,,,GLP,290532
7246107,86,6110,2006,,,,,GLP,290539
7252633,86,6111,2006,,,,,GLP,290541
7259159,86,6112,2006,,,,,GLP,290542
7265685,86,6113,2006,,,,,GLP,290543
7272211,86,6114,2006,,,,,GLP,290544
7278737,86,6115,2006,,,,,GLP,290549
7285263,86,6116,2006,,,,,GLP,290550
7291789,86,6117,2006,,,,,GLP,290611
7298315,86,6118,2006,,,,,GLP,290612
7304841,86,6119,2006,,,,,GLP,290613
7311367,86,6120,2006,,,,,GLP,290614
7317893,86,6121,2006,,,,,GLP,290619
7324419,86,6122,2006,,,,,GLP,290621
7330945,86,6123,2006,,,,,GLP,290629
7337471,86,6124,2006,,,,,GLP,290711
7343997,86,6125,2006,,,,,GLP,290712
7350523,86,6126,2006,,,,,GLP,290713
7357049,86,6127,2006,,,,,GLP,290714
7363575,86,6128,2006,,,,,GLP,290715
7370101,86,6129,2006,,,,,GLP,290719
7376627,86,6130,2006,,,,,GLP,290721
7383153,86,6131,2006,,,,,GLP,290722
7389679,86,6132,2006,,,,,GLP,290723
7396205,86,6133,2006,,,,,GLP,290729
7402731,86,6134,2006,,,,,GLP,290730
7409257,86,6135,2006,,,,,GLP,290810
7415783,86,6136,2006,,,,,GLP,290820
7422309,86,6137,2006,,,,,GLP,290890
7428835,86,6138,2006,,,,,GLP,290911
7435361,86,6139,2006,,,,,GLP,290919
7441887,86,6140,2006,,,,,GLP,290920
7448413,86,6141,2006,,,,,GLP,290930
7454939,86,6142,2006,,,,,GLP,290941
7461465,86,6143,2006,,,,,GLP,290942
7467991,86,6144,2006,,,,,GLP,290943
7474517,86,6145,2006,,,,,GLP,290944
7481043,86,6146,2006,,,,,GLP,290949
7487569,86,6147,2006,,,,,GLP,290950
7494095,86,6148,2006,,,,,GLP,290960
7500621,86,6149,2006,,,,,GLP,291010
7507147,86,6150,2006,,,,,GLP,291020
7513673,86,6151,2006,,,,,GLP,291030
7520199,86,6152,2006,,,,,GLP,291090
7526725,86,6153,2006,,,,,GLP,291100
7533251,86,6154,2006,,,,,GLP,291211
7539777,86,6155,2006,,,,,GLP,291212
7546303,86,6156,2006,,,,,GLP,291213
7552829,86,6157,2006,,,,,GLP,291219
7559355,86,6158,2006,,,,,GLP,291221
7565881,86,6159,2006,,,,,GLP,291229
7572407,86,6160,2006,,,,,GLP,291230
7578933,86,6161,2006,,,,,GLP,291241
7585459,86,6162,2006,,,,,GLP,291242
7591985,86,6163,2006,,,,,GLP,291249
7598511,86,6164,2006,,,,,GLP,291250
7605037,86,6165,2006,,,,,GLP,291260
7611563,86,6166,2006,,,,,GLP,291300
7618089,86,6167,2006,,,,,GLP,291411
7624615,86,6168,2006,,,,,GLP,291412
7631141,86,6169,2006,,,,,GLP,291413
7637667,86,6170,2006,,,,,GLP,291419
7644193,86,6171,2006,,,,,GLP,291421
7650719,86,6172,2006,,,,,GLP,291422
7657245,86,6173,2006,,,,,GLP,291423
7663771,86,6174,2006,,,,,GLP,291429
7670297,86,6175,2006,,,,,GLP,291430
7676823,86,6176,2006,,,,,GLP,291441
7683349,86,6177,2006,,,,,GLP,291449
7689875,86,6178,2006,,,,,GLP,291450
7696401,86,6179,2006,,,,,GLP,291461
7702927,86,6180,2006,,,,,GLP,291469
7709453,86,6181,2006,,,,,GLP,291470
7715979,86,6182,2006,,,,,GLP,291511
7722505,86,6183,2006,,,,,GLP,291512
7729031,86,6184,2006,,,,,GLP,291513
7735557,86,6185,2006,,,,,GLP,291521
7742083,86,6186,2006,,,,,GLP,291522
7748609,86,6187,2006,,,,,GLP,291523
7755135,86,6188,2006,,,,,GLP,291524
7761661,86,6189,2006,,,,,GLP,291529
7768187,86,6190,2006,,,,,GLP,291531
7774713,86,6191,2006,,,,,GLP,291532
7781239,86,6192,2006,,,,,GLP,291533
7787765,86,6193,2006,,,,,GLP,291534
7794291,86,6194,2006,,,,,GLP,291535
7800817,86,6195,2006,,,,,GLP,291539
7807343,86,6196,2006,,,,,GLP,291540
7813869,86,6197,2006,,,,,GLP,291550
7820395,86,6198,2006,,,,,GLP,291560
7826921,86,6199,2006,,,,,GLP,291570
7833447,86,6200,2006,,,,,GLP,291590
7839973,86,6201,2006,,,,,GLP,291611
7846499,86,6202,2006,,,,,GLP,291612
7853025,86,6203,2006,,,,,GLP,291613
7859551,86,6204,2006,,,,,GLP,291614
7866077,86,6205,2006,,,,,GLP,291615
7872603,86,6206,2006,,,,,GLP,291619
7879129,86,6207,2006,,,,,GLP,291620
7885655,86,6208,2006,,,,,GLP,291631
7892181,86,6209,2006,,,,,GLP,291632
7898707,86,6210,2006,,,,,GLP,291633
7905233,86,6211,2006,,,,,GLP,291639
7911759,86,6212,2006,,,,,GLP,291711
7918285,86,6213,2006,,,,,GLP,291712
7924811,86,6214,2006,,,,,GLP,291713
7931337,86,6215,2006,,,,,GLP,291714
7937863,86,6216,2006,,,,,GLP,291719
7944389,86,6217,2006,,,,,GLP,291720
7950915,86,6218,2006,,,,,GLP,291731
7957441,86,6219,2006,,,,,GLP,291732
7963967,86,6220,2006,,,,,GLP,291733
7970493,86,6221,2006,,,,,GLP,291734
7977019,86,6222,2006,,,,,GLP,291735
7983545,86,6223,2006,,,,,GLP,291736
7990071,86,6224,2006,,,,,GLP,291737
7996597,86,6225,2006,,,,,GLP,291739
8003123,86,6226,2006,,,,,GLP,291811
8009649,86,6227,2006,,,,,GLP,291812
8016175,86,6228,2006,,,,,GLP,291813
8022701,86,6229,2006,,,,,GLP,291814
8029227,86,6230,2006,,,,,GLP,291815
8035753,86,6231,2006,,,,,GLP,291816
8042279,86,6232,2006,,,,,GLP,291817
8048805,86,6233,2006,,,,,GLP,291819
8055331,86,6234,2006,,,,,GLP,291821
8061857,86,6235,2006,,,,,GLP,291822
8068383,86,6236,2006,,,,,GLP,291823
8074909,86,6237,2006,,,,,GLP,291829
8081435,86,6238,2006,,,,,GLP,291830
8087961,86,6239,2006,,,,,GLP,291890
8094487,86,6240,2006,,,,,GLP,291900
8101013,86,6241,2006,,,,,GLP,292010
8107539,86,6242,2006,,,,,GLP,292090
8114065,86,6243,2006,,,,,GLP,292111
8120591,86,6244,2006,,,,,GLP,292112
8127117,86,6245,2006,,,,,GLP,292119
8133643,86,6246,2006,,,,,GLP,292121
8140169,86,6247,2006,,,,,GLP,292122
8146695,86,6248,2006,,,,,GLP,292129
8153221,86,6249,2006,,,,,GLP,292130
8159747,86,6250,2006,,,,,GLP,292141
8166273,86,6251,2006,,,,,GLP,292142
8172799,86,6252,2006,,,,,GLP,292143
8179325,86,6253,2006,,,,,GLP,292144
8185851,86,6254,2006,,,,,GLP,292145
8192377,86,6255,2006,,,,,GLP,292149
8198903,86,6256,2006,,,,,GLP,292151
8205429,86,6257,2006,,,,,GLP,292159
8211955,86,6258,2006,,,,,GLP,292211
8218481,86,6259,2006,,,,,GLP,292212
8225007,86,6260,2006,,,,,GLP,292213
8231533,86,6261,2006,,,,,GLP,292219
8238059,86,6262,2006,,,,,GLP,292221
8244585,86,6263,2006,,,,,GLP,292222
8251111,86,6264,2006,,,,,GLP,292229
8257637,86,6265,2006,,,,,GLP,292230
8264163,86,6266,2006,,,,,GLP,292241
8270689,86,6267,2006,,,,,GLP,292242
8277215,86,6268,2006,,,,,GLP,292249
8283741,86,6269,2006,,,,,GLP,292250
8290267,86,6270,2006,,,,,GLP,292310
8296793,86,6271,2006,,,,,GLP,292320
8303319,86,6272,2006,,,,,GLP,292390
8309845,86,6273,2006,,,,,GLP,292410
8316371,86,6274,2006,,,,,GLP,292421
8322897,86,6275,2006,,,,,GLP,292429
8329423,86,6276,2006,,,,,GLP,292511
8335949,86,6277,2006,,,,,GLP,292519
8342475,86,6278,2006,,,,,GLP,292520
8349001,86,6279,2006,,,,,GLP,292610
8355527,86,6280,2006,,,,,GLP,292620
8362053,86,6281,2006,,,,,GLP,292690
8368579,86,6282,2006,,,,,GLP,292700
8375105,86,6283,2006,,,,,GLP,292800
8381631,86,6284,2006,,,,,GLP,292910
8388157,86,6285,2006,,,,,GLP,292990
8394683,86,6286,2006,,,,,GLP,293010
8401209,86,6287,2006,,,,,GLP,293020
8407735,86,6288,2006,,,,,GLP,293030
8414261,86,6289,2006,,,,,GLP,293040
8420787,86,6290,2006,,,,,GLP,293090
8427313,86,6291,2006,,,,,GLP,293100
8433839,86,6292,2006,,,,,GLP,293211
8440365,86,6293,2006,,,,,GLP,293212
8446891,86,6294,2006,,,,,GLP,293213
8453417,86,6295,2006,,,,,GLP,293219
8459943,86,6296,2006,,,,,GLP,293221
8466469,86,6297,2006,,,,,GLP,293229
8472995,86,6298,2006,,,,,GLP,293290
8479521,86,6299,2006,,,,,GLP,293311
8486047,86,6300,2006,,,,,GLP,293319
8492573,86,6301,2006,,,,,GLP,293321
8499099,86,6302,2006,,,,,GLP,293329
8505625,86,6303,2006,,,,,GLP,293331
8512151,86,6304,2006,,,,,GLP,293339
8518677,86,6305,2006,,,,,GLP,293340
8525203,86,6306,2006,,,,,GLP,293351
8531729,86,6307,2006,,,,,GLP,293359
8538255,86,6308,2006,,,,,GLP,293361
8544781,86,6309,2006,,,,,GLP,293369
8551307,86,6310,2006,,,,,GLP,293371
8557833,86,6311,2006,,,,,GLP,293379
8564359,86,6312,2006,,,,,GLP,293390
8570885,86,6313,2006,,,,,GLP,293410
8577411,86,6314,2006,,,,,GLP,293420
8583937,86,6315,2006,,,,,GLP,293430
8590463,86,6316,2006,,,,,GLP,293490
8596989,86,6317,2006,,,,,GLP,293500
8603515,86,6318,2006,,,,,GLP,293610
8610041,86,6319,2006,,,,,GLP,293621
8616567,86,6320,2006,,,,,GLP,293622
8623093,86,6321,2006,,,,,GLP,293623
8629619,86,6322,2006,,,,,GLP,293624
8636145,86,6323,2006,,,,,GLP,293625
8642671,86,6324,2006,,,,,GLP,293626
8649197,86,6325,2006,,,,,GLP,293627
8655723,86,6326,2006,,,,,GLP,293628
8662249,86,6327,2006,,,,,GLP,293629
8668775,86,6328,2006,,,,,GLP,293690
8675301,86,6329,2006,,,,,GLP,293710
8681827,86,6330,2006,,,,,GLP,293721
8688353,86,6331,2006,,,,,GLP,293722
8694879,86,6332,2006,,,,,GLP,293729
8701405,86,6333,2006,,,,,GLP,293791
8707931,86,6334,2006,,,,,GLP,293792
8714457,86,6335,2006,,,,,GLP,293799
8720983,86,6336,2006,,,,,GLP,293810
8727509,86,6337,2006,,,,,GLP,293890
8734035,86,6338,2006,,,,,GLP,293910
8740561,86,6339,2006,,,,,GLP,293921
8747087,86,6340,2006,,,,,GLP,293929
8753613,86,6341,2006,,,,,GLP,293930
8760139,86,6342,2006,,,,,GLP,293940
8766665,86,6343,2006,,,,,GLP,293950
8773191,86,6344,2006,,,,,GLP,293960
8779717,86,6345,2006,,,,,GLP,293970
8786243,86,6346,2006,,,,,GLP,293990
8792769,86,6347,2006,,,,,GLP,294000
8799295,86,6348,2006,,,,,GLP,294110
8805821,86,6349,2006,,,,,GLP,294120
8812347,86,6350,2006,,,,,GLP,294130
8818873,86,6351,2006,,,,,GLP,294140
8825399,86,6352,2006,,,,,GLP,294150
8831925,86,6353,2006,,,,,GLP,294190
8838451,86,6354,2006,,,,,GLP,294200
8844977,86,6355,2006,,,,,GLP,300110
8851503,86,6356,2006,,,,,GLP,300120
8858029,86,6357,2006,,,,,GLP,300190
8864555,86,6358,2006,,,,,GLP,300210
8871081,86,6359,2006,,,,,GLP,300220
8877607,86,6360,2006,,,,,GLP,300231
8884133,86,6361,2006,,,,,GLP,300239
8890659,86,6362,2006,,,,,GLP,300290
8897185,86,6363,2006,,,,,GLP,300310
8903711,86,6364,2006,,,,,GLP,300320
8910237,86,6365,2006,,,,,GLP,300331
8916763,86,6366,2006,,,,,GLP,300339
8923289,86,6367,2006,,,,,GLP,300340
8929815,86,6368,2006,,,,,GLP,300390
8936341,86,6369,2006,,,,,GLP,300410
8942867,86,6370,2006,,,,,GLP,300420
8949393,86,6371,2006,,,,,GLP,300431
8955919,86,6372,2006,,,,,GLP,300432
8962445,86,6373,2006,,,,,GLP,300439
8968971,86,6374,2006,,,,,GLP,300440
8975497,86,6375,2006,,,,,GLP,300450
8982023,86,6376,2006,,,,,GLP,300490
8988549,86,6377,2006,,,,,GLP,300510
8995075,86,6378,2006,,,,,GLP,300590
9001601,86,6379,2006,,,,,GLP,300610
9008127,86,6380,2006,,,,,GLP,300620
9014653,86,6381,2006,,,,,GLP,300630
9021179,86,6382,2006,,,,,GLP,300640
9027705,86,6383,2006,,,,,GLP,300650
9034231,86,6384,2006,,,,,GLP,300660
9040757,86,6385,2006,,,,,GLP,310100
9047283,86,6386,2006,,,,,GLP,310210
9053809,86,6387,2006,,,,,GLP,310221
9060335,86,6388,2006,,,,,GLP,310229
9066861,86,6389,2006,,,,,GLP,310230
9073387,86,6390,2006,,,,,GLP,310240
9079913,86,6391,2006,,,,,GLP,310250
9086439,86,6392,2006,,,,,GLP,310260
9092965,86,6393,2006,,,,,GLP,310270
9099491,86,6394,2006,,,,,GLP,310280
9106017,86,6395,2006,,,,,GLP,310290
9112543,86,6396,2006,,,,,GLP,310310
9119069,86,6397,2006,,,,,GLP,310320
9125595,86,6398,2006,,,,,GLP,310390
9132121,86,6399,2006,,,,,GLP,310410
9138647,86,6400,2006,,,,,GLP,310420
9145173,86,6401,2006,,,,,GLP,310430
9151699,86,6402,2006,,,,,GLP,310490
9158225,86,6403,2006,,,,,GLP,310510
9164751,86,6404,2006,,,,,GLP,310520
9171277,86,6405,2006,,,,,GLP,310530
9177803,86,6406,2006,,,,,GLP,310540
9184329,86,6407,2006,,,,,GLP,310551
9190855,86,6408,2006,,,,,GLP,310559
9197381,86,6409,2006,,,,,GLP,310560
9203907,86,6410,2006,,,,,GLP,310590
9210433,86,6411,2006,,,,,GLP,320110
9216959,86,6412,2006,,,,,GLP,320120
9223485,86,6413,2006,,,,,GLP,320130
9230011,86,6414,2006,,,,,GLP,320190
9236537,86,6415,2006,,,,,GLP,320210
9243063,86,6416,2006,,,,,GLP,320290
9249589,86,6417,2006,,,,,GLP,320300
9256115,86,6418,2006,,,,,GLP,320411
9262641,86,6419,2006,,,,,GLP,320412
9269167,86,6420,2006,,,,,GLP,320413
9275693,86,6421,2006,,,,,GLP,320414
9282219,86,6422,2006,,,,,GLP,320415
9288745,86,6423,2006,,,,,GLP,320416
9295271,86,6424,2006,,,,,GLP,320417
9301797,86,6425,2006,,,,,GLP,320419
9308323,86,6426,2006,,,,,GLP,320420
9314849,86,6427,2006,,,,,GLP,320490
9321375,86,6428,2006,,,,,GLP,320500
9327901,86,6429,2006,,,,,GLP,320610
9334427,86,6430,2006,,,,,GLP,320620
9340953,86,6431,2006,,,,,GLP,320630
9347479,86,6432,2006,,,,,GLP,320641
9354005,86,6433,2006,,,,,GLP,320642
9360531,86,6434,2006,,,,,GLP,320643
9367057,86,6435,2006,,,,,GLP,320649
9373583,86,6436,2006,,,,,GLP,320650
9380109,86,6437,2006,,,,,GLP,320710
9386635,86,6438,2006,,,,,GLP,320720
9393161,86,6439,2006,,,,,GLP,320730
9399687,86,6440,2006,,,,,GLP,320740
9406213,86,6441,2006,,,,,GLP,320810
9412739,86,6442,2006,,,,,GLP,320820
9419265,86,6443,2006,,,,,GLP,320890
9425791,86,6444,2006,,,,,GLP,320910
9432317,86,6445,2006,,,,,GLP,320990
9438843,86,6446,2006,,,,,GLP,321000
9445369,86,6447,2006,,,,,GLP,321100
9451895,86,6448,2006,,,,,GLP,321210
9458421,86,6449,2006,,,,,GLP,321290
9464947,86,6450,2006,,,,,GLP,321310
9471473,86,6451,2006,,,,,GLP,321390
9477999,86,6452,2006,,,,,GLP,321410
9484525,86,6453,2006,,,,,GLP,321490
9491051,86,6454,2006,,,,,GLP,321511
9497577,86,6455,2006,,,,,GLP,321519
9504103,86,6456,2006,,,,,GLP,321590
9510629,86,6457,2006,,,,,GLP,330111
9517155,86,6458,2006,,,,,GLP,330112
9523681,86,6459,2006,,,,,GLP,330113
9530207,86,6460,2006,,,,,GLP,330114
9536733,86,6461,2006,,,,,GLP,330119
9543259,86,6462,2006,,,,,GLP,330121
9549785,86,6463,2006,,,,,GLP,330122
9556311,86,6464,2006,,,,,GLP,330123
9562837,86,6465,2006,,,,,GLP,330124
9569363,86,6466,2006,,,,,GLP,330125
9575889,86,6467,2006,,,,,GLP,330126
9582415,86,6468,2006,,,,,GLP,330129
9588941,86,6469,2006,,,,,GLP,330130
9595467,86,6470,2006,,,,,GLP,330190
9601993,86,6471,2006,,,,,GLP,330210
9608519,86,6472,2006,,,,,GLP,330290
9615045,86,6473,2006,,,,,GLP,330300
9621571,86,6474,2006,,,,,GLP,330410
9628097,86,6475,2006,,,,,GLP,330420
9634623,86,6476,2006,,,,,GLP,330430
9641149,86,6477,2006,,,,,GLP,330491
9647675,86,6478,2006,,,,,GLP,330499
9654201,86,6479,2006,,,,,GLP,330510
9660727,86,6480,2006,,,,,GLP,330520
9667253,86,6481,2006,,,,,GLP,330530
9673779,86,6482,2006,,,,,GLP,330590
9680305,86,6483,2006,,,,,GLP,330610
9686831,86,6484,2006,,,,,GLP,330690
9693357,86,6485,2006,,,,,GLP,330710
9699883,86,6486,2006,,,,,GLP,330720
9706409,86,6487,2006,,,,,GLP,330730
9712935,86,6488,2006,,,,,GLP,330741
9719461,86,6489,2006,,,,,GLP,330749
9725987,86,6490,2006,,,,,GLP,330790
9732513,86,6491,2006,,,,,GLP,340111
9739039,86,6492,2006,,,,,GLP,340119
9745565,86,6493,2006,,,,,GLP,340120
9752091,86,6494,2006,,,,,GLP,340211
9758617,86,6495,2006,,,,,GLP,340212
9765143,86,6496,2006,,,,,GLP,340213
9771669,86,6497,2006,,,,,GLP,340219
9778195,86,6498,2006,,,,,GLP,340220
9784721,86,6499,2006,,,,,GLP,340290
9791247,86,6500,2006,,,,,GLP,340311
9797773,86,6501,2006,,,,,GLP,340319
9804299,86,6502,2006,,,,,GLP,340391
9810825,86,6503,2006,,,,,GLP,340399
9817351,86,6504,2006,,,,,GLP,340410
9823877,86,6505,2006,,,,,GLP,340420
9830403,86,6506,2006,,,,,GLP,340490
9836929,86,6507,2006,,,,,GLP,340510
9843455,86,6508,2006,,,,,GLP,340520
9849981,86,6509,2006,,,,,GLP,340530
9856507,86,6510,2006,,,,,GLP,340540
9863033,86,6511,2006,,,,,GLP,340590
9869559,86,6512,2006,,,,,GLP,340600
9876085,86,6513,2006,,,,,GLP,340700
9882611,86,6514,2006,,,,,GLP,350110
9889137,86,6515,2006,,,,,GLP,350190
9895663,86,6516,2006,,,,,GLP,350210
9902189,86,6517,2006,,,,,GLP,350290
9908715,86,6518,2006,,,,,GLP,350300
9915241,86,6519,2006,,,,,GLP,350400
9921767,86,6520,2006,,,,,GLP,350510
9928293,86,6521,2006,,,,,GLP,350520
9934819,86,6522,2006,,,,,GLP,350610
9941345,86,6523,2006,,,,,GLP,350691
9947871,86,6524,2006,,,,,GLP,350699
9954397,86,6525,2006,,,,,GLP,350710
9960923,86,6526,2006,,,,,GLP,350790
9967449,86,6527,2006,,,,,GLP,360100
9973975,86,6528,2006,,,,,GLP,360200
9980501,86,6529,2006,,,,,GLP,360300
9987027,86,6530,2006,,,,,GLP,360410
9993553,86,6531,2006,,,,,GLP,360490
10000079,86,6532,2006,,,,,GLP,360500
10006605,86,6533,2006,,,,,GLP,360610
10013131,86,6534,2006,,,,,GLP,360690
10019657,86,6535,2006,,,,,GLP,370110
10026183,86,6536,2006,,,,,GLP,370120
10032709,86,6537,2006,,,,,GLP,370130
10039235,86,6538,2006,,,,,GLP,370191
10045761,86,6539,2006,,,,,GLP,370199
10052287,86,6540,2006,,,,,GLP,370210
10058813,86,6541,2006,,,,,GLP,370220
10065339,86,6542,2006,,,,,GLP,370231
10071865,86,6543,2006,,,,,GLP,370232
10078391,86,6544,2006,,,,,GLP,370239
10084917,86,6545,2006,,,,,GLP,370241
10091443,86,6546,2006,,,,,GLP,370242
10097969,86,6547,2006,,,,,GLP,370243
10104495,86,6548,2006,,,,,GLP,370244
10111021,86,6549,2006,,,,,GLP,370251
10117547,86,6550,2006,,,,,GLP,370252
10124073,86,6551,2006,,,,,GLP,370253
10130599,86,6552,2006,,,,,GLP,370254
10137125,86,6553,2006,,,,,GLP,370255
10143651,86,6554,2006,,,,,GLP,370256
10150177,86,6555,2006,,,,,GLP,370291
10156703,86,6556,2006,,,,,GLP,370292
10163229,86,6557,2006,,,,,GLP,370293
10169755,86,6558,2006,,,,,GLP,370294
10176281,86,6559,2006,,,,,GLP,370295
10182807,86,6560,2006,,,,,GLP,370310
10189333,86,6561,2006,,,,,GLP,370320
10195859,86,6562,2006,,,,,GLP,370390
10202385,86,6563,2006,,,,,GLP,370400
10208911,86,6564,2006,,,,,GLP,370510
10215437,86,6565,2006,,,,,GLP,370520
10221963,86,6566,2006,,,,,GLP,370590
10228489,86,6567,2006,,,,,GLP,370610
10235015,86,6568,2006,,,,,GLP,370690
10241541,86,6569,2006,,,,,GLP,370710
10248067,86,6570,2006,,,,,GLP,370790
10254593,86,6571,2006,,,,,GLP,380110
10261119,86,6572,2006,,,,,GLP,380120
10267645,86,6573,2006,,,,,GLP,380130
10274171,86,6574,2006,,,,,GLP,380190
10280697,86,6575,2006,,,,,GLP,380210
10287223,86,6576,2006,,,,,GLP,380290
10293749,86,6577,2006,,,,,GLP,380300
10300275,86,6578,2006,,,,,GLP,380400
10306801,86,6579,2006,,,,,GLP,380510
10313327,86,6580,2006,,,,,GLP,380520
10319853,86,6581,2006,,,,,GLP,380590
10326379,86,6582,2006,,,,,GLP,380610
10332905,86,6583,2006,,,,,GLP,380620
10339431,86,6584,2006,,,,,GLP,380630
10345957,86,6585,2006,,,,,GLP,380690
10352483,86,6586,2006,,,,,GLP,380700
10359009,86,6587,2006,,,,,GLP,380810
10365535,86,6588,2006,,,,,GLP,380820
10372061,86,6589,2006,,,,,GLP,380830
10378587,86,6590,2006,,,,,GLP,380840
10385113,86,6591,2006,,,,,GLP,380890
10391639,86,6592,2006,,,,,GLP,380910
10398165,86,6593,2006,,,,,GLP,380991
10404691,86,6594,2006,,,,,GLP,380992
10411217,86,6595,2006,,,,,GLP,380993
10417743,86,6596,2006,,,,,GLP,380999
10424269,86,6597,2006,,,,,GLP,381010
10430795,86,6598,2006,,,,,GLP,381090
10437321,86,6599,2006,,,,,GLP,381111
10443847,86,6600,2006,,,,,GLP,381119
10450373,86,6601,2006,,,,,GLP,381121
10456899,86,6602,2006,,,,,GLP,381129
10463425,86,6603,2006,,,,,GLP,381190
10469951,86,6604,2006,,,,,GLP,381210
10476477,86,6605,2006,,,,,GLP,381220
10483003,86,6606,2006,,,,,GLP,381230
10489529,86,6607,2006,,,,,GLP,381300
10496055,86,6608,2006,,,,,GLP,381400
10502581,86,6609,2006,,,,,GLP,381511
10509107,86,6610,2006,,,,,GLP,381512
10515633,86,6611,2006,,,,,GLP,381519
10522159,86,6612,2006,,,,,GLP,381590
10528685,86,6613,2006,,,,,GLP,381600
10535211,86,6614,2006,,,,,GLP,381710
10541737,86,6615,2006,,,,,GLP,381720
10548263,86,6616,2006,,,,,GLP,381800
10554789,86,6617,2006,,,,,GLP,381900
10561315,86,6618,2006,,,,,GLP,382000
10567841,86,6619,2006,,,,,GLP,382100
10574367,86,6620,2006,,,,,GLP,382200
10580893,86,6621,2006,,,,,GLP,382310
10587419,86,6622,2006,,,,,GLP,382320
10593945,86,6623,2006,,,,,GLP,382330
10600471,86,6624,2006,,,,,GLP,382340
10606997,86,6625,2006,,,,,GLP,382350
10613523,86,6626,2006,,,,,GLP,382360
10620049,86,6627,2006,,,,,GLP,382390
10626575,86,6628,2006,,,,,GLP,390110
10633101,86,6629,2006,,,,,GLP,390120
10639627,86,6630,2006,,,,,GLP,390130
10646153,86,6631,2006,,,,,GLP,390190
10652679,86,6632,2006,,,,,GLP,390210
10659205,86,6633,2006,,,,,GLP,390220
10665731,86,6634,2006,,,,,GLP,390230
10672257,86,6635,2006,,,,,GLP,390290
10678783,86,6636,2006,,,,,GLP,390311
10685309,86,6637,2006,,,,,GLP,390319
10691835,86,6638,2006,,,,,GLP,390320
10698361,86,6639,2006,,,,,GLP,390330
10704887,86,6640,2006,,,,,GLP,390390
10711413,86,6641,2006,,,,,GLP,390410
10717939,86,6642,2006,,,,,GLP,390421
10724465,86,6643,2006,,,,,GLP,390422
10730991,86,6644,2006,,,,,GLP,390430
10737517,86,6645,2006,,,,,GLP,390440
10744043,86,6646,2006,,,,,GLP,390450
10750569,86,6647,2006,,,,,GLP,390461
10757095,86,6648,2006,,,,,GLP,390469
10763621,86,6649,2006,,,,,GLP,390490
10770147,86,6650,2006,,,,,GLP,390511
10776673,86,6651,2006,,,,,GLP,390519
10783199,86,6652,2006,,,,,GLP,390520
10789725,86,6653,2006,,,,,GLP,390590
10796251,86,6654,2006,,,,,GLP,390610
10802777,86,6655,2006,,,,,GLP,390690
10809303,86,6656,2006,,,,,GLP,390710
10815829,86,6657,2006,,,,,GLP,390720
10822355,86,6658,2006,,,,,GLP,390730
10828881,86,6659,2006,,,,,GLP,390740
10835407,86,6660,2006,,,,,GLP,390750
10841933,86,6661,2006,,,,,GLP,390760
10848459,86,6662,2006,,,,,GLP,390791
10854985,86,6663,2006,,,,,GLP,390799
10861511,86,6664,2006,,,,,GLP,390810
10868037,86,6665,2006,,,,,GLP,390890
10874563,86,6666,2006,,,,,GLP,390910
10881089,86,6667,2006,,,,,GLP,390920
10887615,86,6668,2006,,,,,GLP,390930
10894141,86,6669,2006,,,,,GLP,390940
10900667,86,6670,2006,,,,,GLP,390950
10907193,86,6671,2006,,,,,GLP,391000
10913719,86,6672,2006,,,,,GLP,391110
10920245,86,6673,2006,,,,,GLP,391190
10926771,86,6674,2006,,,,,GLP,391211
10933297,86,6675,2006,,,,,GLP,391212
10939823,86,6676,2006,,,,,GLP,391220
10946349,86,6677,2006,,,,,GLP,391231
10952875,86,6678,2006,,,,,GLP,391239
10959401,86,6679,2006,,,,,GLP,391290
10965927,86,6680,2006,,,,,GLP,391310
10972453,86,6681,2006,,,,,GLP,391390
10978979,86,6682,2006,,,,,GLP,391400
10985505,86,6683,2006,,,,,GLP,391510
10992031,86,6684,2006,,,,,GLP,391520
10998557,86,6685,2006,,,,,GLP,391530
11005083,86,6686,2006,,,,,GLP,391590
11011609,86,6687,2006,,,,,GLP,391610
11018135,86,6688,2006,,,,,GLP,391620
11024661,86,6689,2006,,,,,GLP,391690
11031187,86,6690,2006,,,,,GLP,391710
11037713,86,6691,2006,,,,,GLP,391721
11044239,86,6692,2006,,,,,GLP,391722
11050765,86,6693,2006,,,,,GLP,391723
11057291,86,6694,2006,,,,,GLP,391729
11063817,86,6695,2006,,,,,GLP,391731
11070343,86,6696,2006,,,,,GLP,391732
11076869,86,6697,2006,,,,,GLP,391733
11083395,86,6698,2006,,,,,GLP,391739
11089921,86,6699,2006,,,,,GLP,391740
11096447,86,6700,2006,,,,,GLP,391810
11102973,86,6701,2006,,,,,GLP,391890
11109499,86,6702,2006,,,,,GLP,391910
11116025,86,6703,2006,,,,,GLP,391990
11122551,86,6704,2006,,,,,GLP,392010
11129077,86,6705,2006,,,,,GLP,392020
11135603,86,6706,2006,,,,,GLP,392030
11142129,86,6707,2006,,,,,GLP,392041
11148655,86,6708,2006,,,,,GLP,392042
11155181,86,6709,2006,,,,,GLP,392051
11161707,86,6710,2006,,,,,GLP,392059
11168233,86,6711,2006,,,,,GLP,392061
11174759,86,6712,2006,,,,,GLP,392062
11181285,86,6713,2006,,,,,GLP,392063
11187811,86,6714,2006,,,,,GLP,392069
11194337,86,6715,2006,,,,,GLP,392071
11200863,86,6716,2006,,,,,GLP,392072
11207389,86,6717,2006,,,,,GLP,392073
11213915,86,6718,2006,,,,,GLP,392079
11220441,86,6719,2006,,,,,GLP,392091
11226967,86,6720,2006,,,,,GLP,392092
11233493,86,6721,2006,,,,,GLP,392093
11240019,86,6722,2006,,,,,GLP,392094
11246545,86,6723,2006,,,,,GLP,392099
11253071,86,6724,2006,,,,,GLP,392111
11259597,86,6725,2006,,,,,GLP,392112
11266123,86,6726,2006,,,,,GLP,392113
11272649,86,6727,2006,,,,,GLP,392114
11279175,86,6728,2006,,,,,GLP,392119
11285701,86,6729,2006,,,,,GLP,392190
11292227,86,6730,2006,,,,,GLP,392210
11298753,86,6731,2006,,,,,GLP,392220
11305279,86,6732,2006,,,,,GLP,392290
11311805,86,6733,2006,,,,,GLP,392310
11318331,86,6734,2006,,,,,GLP,392321
11324857,86,6735,2006,,,,,GLP,392329
11331383,86,6736,2006,,,,,GLP,392330
11337909,86,6737,2006,,,,,GLP,392340
11344435,86,6738,2006,,,,,GLP,392350
11350961,86,6739,2006,,,,,GLP,392390
11357487,86,6740,2006,,,,,GLP,392410
11364013,86,6741,2006,,,,,GLP,392490
11370539,86,6742,2006,,,,,GLP,392510
11377065,86,6743,2006,,,,,GLP,392520
11383591,86,6744,2006,,,,,GLP,392530
11390117,86,6745,2006,,,,,GLP,392590
11396643,86,6746,2006,,,,,GLP,392610
11403169,86,6747,2006,,,,,GLP,392620
11409695,86,6748,2006,,,,,GLP,392630
11416221,86,6749,2006,,,,,GLP,392640
11422747,86,6750,2006,,,,,GLP,392690
11429273,86,6751,2006,,,,,GLP,400110
11435799,86,6752,2006,,,,,GLP,400121
11442325,86,6753,2006,,,,,GLP,400122
11448851,86,6754,2006,,,,,GLP,400129
11455377,86,6755,2006,,,,,GLP,400130
11461903,86,6756,2006,,,,,GLP,400211
11468429,86,6757,2006,,,,,GLP,400219
11474955,86,6758,2006,,,,,GLP,400220
11481481,86,6759,2006,,,,,GLP,400231
11488007,86,6760,2006,,,,,GLP,400239
11494533,86,6761,2006,,,,,GLP,400241
11501059,86,6762,2006,,,,,GLP,400249
11507585,86,6763,2006,,,,,GLP,400251
11514111,86,6764,2006,,,,,GLP,400259
11520637,86,6765,2006,,,,,GLP,400260
11527163,86,6766,2006,,,,,GLP,400270
11533689,86,6767,2006,,,,,GLP,400280
11540215,86,6768,2006,,,,,GLP,400291
11546741,86,6769,2006,,,,,GLP,400299
11553267,86,6770,2006,,,,,GLP,400300
11559793,86,6771,2006,,,,,GLP,400400
11566319,86,6772,2006,,,,,GLP,400510
11572845,86,6773,2006,,,,,GLP,400520
11579371,86,6774,2006,,,,,GLP,400591
11585897,86,6775,2006,,,,,GLP,400599
11592423,86,6776,2006,,,,,GLP,400610
11598949,86,6777,2006,,,,,GLP,400690
11605475,86,6778,2006,,,,,GLP,400700
11612001,86,6779,2006,,,,,GLP,400811
11618527,86,6780,2006,,,,,GLP,400819
11625053,86,6781,2006,,,,,GLP,400821
11631579,86,6782,2006,,,,,GLP,400829
11638105,86,6783,2006,,,,,GLP,400910
11644631,86,6784,2006,,,,,GLP,400920
11651157,86,6785,2006,,,,,GLP,400930
11657683,86,6786,2006,,,,,GLP,400940
11664209,86,6787,2006,,,,,GLP,400950
11670735,86,6788,2006,,,,,GLP,401010
11677261,86,6789,2006,,,,,GLP,401091
11683787,86,6790,2006,,,,,GLP,401099
11690313,86,6791,2006,,,,,GLP,401110
11696839,86,6792,2006,,,,,GLP,401120
11703365,86,6793,2006,,,,,GLP,401130
11709891,86,6794,2006,,,,,GLP,401140
11716417,86,6795,2006,,,,,GLP,401150
11722943,86,6796,2006,,,,,GLP,401191
11729469,86,6797,2006,,,,,GLP,401199
11735995,86,6798,2006,,,,,GLP,401210
11742521,86,6799,2006,,,,,GLP,401220
11749047,86,6800,2006,,,,,GLP,401290
11755573,86,6801,2006,,,,,GLP,401310
11762099,86,6802,2006,,,,,GLP,401320
11768625,86,6803,2006,,,,,GLP,401390
11775151,86,6804,2006,,,,,GLP,401410
11781677,86,6805,2006,,,,,GLP,401490
11788203,86,6806,2006,,,,,GLP,401511
11794729,86,6807,2006,,,,,GLP,401519
11801255,86,6808,2006,,,,,GLP,401590
11807781,86,6809,2006,,,,,GLP,401610
11814307,86,6810,2006,,,,,GLP,401691
11820833,86,6811,2006,,,,,GLP,401692
11827359,86,6812,2006,,,,,GLP,401693
11833885,86,6813,2006,,,,,GLP,401694
11840411,86,6814,2006,,,,,GLP,401695
11846937,86,6815,2006,,,,,GLP,401699
11853463,86,6816,2006,,,,,GLP,401700
11859989,86,6817,2006,,,,,GLP,410110
11866515,86,6818,2006,,,,,GLP,410121
11873041,86,6819,2006,,,,,GLP,410122
11879567,86,6820,2006,,,,,GLP,410129
11886093,86,6821,2006,,,,,GLP,410130
11892619,86,6822,2006,,,,,GLP,410140
11899145,86,6823,2006,,,,,GLP,410210
11905671,86,6824,2006,,,,,GLP,410221
11912197,86,6825,2006,,,,,GLP,410229
11918723,86,6826,2006,,,,,GLP,410310
11925249,86,6827,2006,,,,,GLP,410320
11931775,86,6828,2006,,,,,GLP,410390
11938301,86,6829,2006,,,,,GLP,410410
11944827,86,6830,2006,,,,,GLP,410421
11951353,86,6831,2006,,,,,GLP,410422
11957879,86,6832,2006,,,,,GLP,410429
11964405,86,6833,2006,,,,,GLP,410431
11970931,86,6834,2006,,,,,GLP,410439
11977457,86,6835,2006,,,,,GLP,410511
11983983,86,6836,2006,,,,,GLP,410512
11990509,86,6837,2006,,,,,GLP,410519
11997035,86,6838,2006,,,,,GLP,410520
12003561,86,6839,2006,,,,,GLP,410611
12010087,86,6840,2006,,,,,GLP,410612
12016613,86,6841,2006,,,,,GLP,410619
12023139,86,6842,2006,,,,,GLP,410620
12029665,86,6843,2006,,,,,GLP,410710
12036191,86,6844,2006,,,,,GLP,410721
12042717,86,6845,2006,,,,,GLP,410729
12049243,86,6846,2006,,,,,GLP,410790
12055769,86,6847,2006,,,,,GLP,410800
12062295,86,6848,2006,,,,,GLP,410900
12068821,86,6849,2006,,,,,GLP,411000
12075347,86,6850,2006,,,,,GLP,411100
12081873,86,6851,2006,,,,,GLP,420100
12088399,86,6852,2006,,,,,GLP,420211
12094925,86,6853,2006,,,,,GLP,420212
12101451,86,6854,2006,,,,,GLP,420219
12107977,86,6855,2006,,,,,GLP,420221
12114503,86,6856,2006,,,,,GLP,420222
12121029,86,6857,2006,,,,,GLP,420229
12127555,86,6858,2006,,,,,GLP,420231
12134081,86,6859,2006,,,,,GLP,420232
12140607,86,6860,2006,,,,,GLP,420239
12147133,86,6861,2006,,,,,GLP,420291
12153659,86,6862,2006,,,,,GLP,420292
12160185,86,6863,2006,,,,,GLP,420299
12166711,86,6864,2006,,,,,GLP,420310
12173237,86,6865,2006,,,,,GLP,420321
12179763,86,6866,2006,,,,,GLP,420329
12186289,86,6867,2006,,,,,GLP,420330
12192815,86,6868,2006,,,,,GLP,420340
12199341,86,6869,2006,,,,,GLP,420400
12205867,86,6870,2006,,,,,GLP,420500
12212393,86,6871,2006,,,,,GLP,420610
12218919,86,6872,2006,,,,,GLP,420690
12225445,86,6873,2006,,,,,GLP,430110
12231971,86,6874,2006,,,,,GLP,430120
12238497,86,6875,2006,,,,,GLP,430130
12245023,86,6876,2006,,,,,GLP,430140
12251549,86,6877,2006,,,,,GLP,430150
12258075,86,6878,2006,,,,,GLP,430160
12264601,86,6879,2006,,,,,GLP,430170
12271127,86,6880,2006,,,,,GLP,430180
12277653,86,6881,2006,,,,,GLP,430190
12284179,86,6882,2006,,,,,GLP,430211
12290705,86,6883,2006,,,,,GLP,430212
12297231,86,6884,2006,,,,,GLP,430213
12303757,86,6885,2006,,,,,GLP,430219
12310283,86,6886,2006,,,,,GLP,430220
12316809,86,6887,2006,,,,,GLP,430230
12323335,86,6888,2006,,,,,GLP,430310
12329861,86,6889,2006,,,,,GLP,430390
12336387,86,6890,2006,,,,,GLP,430400
12342913,86,6891,2006,,,,,GLP,440110
12349439,86,6892,2006,,,,,GLP,440121
12355965,86,6893,2006,,,,,GLP,440122
12362491,86,6894,2006,,,,,GLP,440130
12369017,86,6895,2006,,,,,GLP,440200
12375543,86,6896,2006,,,,,GLP,440310
12382069,86,6897,2006,,,,,GLP,440320
12388595,86,6898,2006,,,,,GLP,440331
12395121,86,6899,2006,,,,,GLP,440332
12401647,86,6900,2006,,,,,GLP,440333
12408173,86,6901,2006,,,,,GLP,440334
12414699,86,6902,2006,,,,,GLP,440335
12421225,86,6903,2006,,,,,GLP,440391
12427751,86,6904,2006,,,,,GLP,440392
12434277,86,6905,2006,,,,,GLP,440399
12440803,86,6906,2006,,,,,GLP,440410
12447329,86,6907,2006,,,,,GLP,440420
12453855,86,6908,2006,,,,,GLP,440500
12460381,86,6909,2006,,,,,GLP,440610
12466907,86,6910,2006,,,,,GLP,440690
12473433,86,6911,2006,,,,,GLP,440710
12479959,86,6912,2006,,,,,GLP,440721
12486485,86,6913,2006,,,,,GLP,440722
12493011,86,6914,2006,,,,,GLP,440723
12499537,86,6915,2006,,,,,GLP,440791
12506063,86,6916,2006,,,,,GLP,440792
12512589,86,6917,2006,,,,,GLP,440799
12519115,86,6918,2006,,,,,GLP,440810
12525641,86,6919,2006,,,,,GLP,440820
12532167,86,6920,2006,,,,,GLP,440890
12538693,86,6921,2006,,,,,GLP,440910
12545219,86,6922,2006,,,,,GLP,440920
12551745,86,6923,2006,,,,,GLP,441010
12558271,86,6924,2006,,,,,GLP,441090
12564797,86,6925,2006,,,,,GLP,441111
12571323,86,6926,2006,,,,,GLP,441119
12577849,86,6927,2006,,,,,GLP,441121
12584375,86,6928,2006,,,,,GLP,441129
12590901,86,6929,2006,,,,,GLP,441131
12597427,86,6930,2006,,,,,GLP,441139
12603953,86,6931,2006,,,,,GLP,441191
12610479,86,6932,2006,,,,,GLP,441199
12617005,86,6933,2006,,,,,GLP,441211
12623531,86,6934,2006,,,,,GLP,441212
12630057,86,6935,2006,,,,,GLP,441219
12636583,86,6936,2006,,,,,GLP,441221
12643109,86,6937,2006,,,,,GLP,441229
12649635,86,6938,2006,,,,,GLP,441291
12656161,86,6939,2006,,,,,GLP,441299
12662687,86,6940,2006,,,,,GLP,441300
12669213,86,6941,2006,,,,,GLP,441400
12675739,86,6942,2006,,,,,GLP,441510
12682265,86,6943,2006,,,,,GLP,441520
12688791,86,6944,2006,,,,,GLP,441600
12695317,86,6945,2006,,,,,GLP,441700
12701843,86,6946,2006,,,,,GLP,441810
12708369,86,6947,2006,,,,,GLP,441820
12714895,86,6948,2006,,,,,GLP,441830
12721421,86,6949,2006,,,,,GLP,441840
12727947,86,6950,2006,,,,,GLP,441850
12734473,86,6951,2006,,,,,GLP,441890
12740999,86,6952,2006,,,,,GLP,441900
12747525,86,6953,2006,,,,,GLP,442010
12754051,86,6954,2006,,,,,GLP,442090
12760577,86,6955,2006,,,,,GLP,442110
12767103,86,6956,2006,,,,,GLP,442190
12773629,86,6957,2006,,,,,GLP,450110
12780155,86,6958,2006,,,,,GLP,450190
12786681,86,6959,2006,,,,,GLP,450200
12793207,86,6960,2006,,,,,GLP,450310
12799733,86,6961,2006,,,,,GLP,450390
12806259,86,6962,2006,,,,,GLP,450410
12812785,86,6963,2006,,,,,GLP,450490
12819311,86,6964,2006,,,,,GLP,460110
12825837,86,6965,2006,,,,,GLP,460120
12832363,86,6966,2006,,,,,GLP,460191
12838889,86,6967,2006,,,,,GLP,460199
12845415,86,6968,2006,,,,,GLP,460210
12851941,86,6969,2006,,,,,GLP,460290
12858467,86,6970,2006,,,,,GLP,470100
12864993,86,6971,2006,,,,,GLP,470200
12871519,86,6972,2006,,,,,GLP,470311
12878045,86,6973,2006,,,,,GLP,470319
12884571,86,6974,2006,,,,,GLP,470321
12891097,86,6975,2006,,,,,GLP,470329
12897623,86,6976,2006,,,,,GLP,470411
12904149,86,6977,2006,,,,,GLP,470419
12910675,86,6978,2006,,,,,GLP,470421
12917201,86,6979,2006,,,,,GLP,470429
12923727,86,6980,2006,,,,,GLP,470500
12930253,86,6981,2006,,,,,GLP,470610
12936779,86,6982,2006,,,,,GLP,470691
12943305,86,6983,2006,,,,,GLP,470692
12949831,86,6984,2006,,,,,GLP,470693
12956357,86,6985,2006,,,,,GLP,470710
12962883,86,6986,2006,,,,,GLP,470720
12969409,86,6987,2006,,,,,GLP,470730
12975935,86,6988,2006,,,,,GLP,470790
12982461,86,6989,2006,,,,,GLP,480100
12988987,86,6990,2006,,,,,GLP,480210
12995513,86,6991,2006,,,,,GLP,480220
13002039,86,6992,2006,,,,,GLP,480230
13008565,86,6993,2006,,,,,GLP,480240
13015091,86,6994,2006,,,,,GLP,480251
13021617,86,6995,2006,,,,,GLP,480252
13028143,86,6996,2006,,,,,GLP,480253
13034669,86,6997,2006,,,,,GLP,480260
13041195,86,6998,2006,,,,,GLP,480300
13047721,86,6999,2006,,,,,GLP,480411
13054247,86,7000,2006,,,,,GLP,480419
13060773,86,7001,2006,,,,,GLP,480421
13067299,86,7002,2006,,,,,GLP,480429
13073825,86,7003,2006,,,,,GLP,480431
13080351,86,7004,2006,,,,,GLP,480439
13086877,86,7005,2006,,,,,GLP,480441
13093403,86,7006,2006,,,,,GLP,480442
13099929,86,7007,2006,,,,,GLP,480449
13106455,86,7008,2006,,,,,GLP,480451
13112981,86,7009,2006,,,,,GLP,480452
13119507,86,7010,2006,,,,,GLP,480459
13126033,86,7011,2006,,,,,GLP,480510
13132559,86,7012,2006,,,,,GLP,480521
13139085,86,7013,2006,,,,,GLP,480522
13145611,86,7014,2006,,,,,GLP,480523
13152137,86,7015,2006,,,,,GLP,480529
13158663,86,7016,2006,,,,,GLP,480530
13165189,86,7017,2006,,,,,GLP,480540
13171715,86,7018,2006,,,,,GLP,480550
13178241,86,7019,2006,,,,,GLP,480560
13184767,86,7020,2006,,,,,GLP,480570
13191293,86,7021,2006,,,,,GLP,480580
13197819,86,7022,2006,,,,,GLP,480610
13204345,86,7023,2006,,,,,GLP,480620
13210871,86,7024,2006,,,,,GLP,480630
13217397,86,7025,2006,,,,,GLP,480640
13223923,86,7026,2006,,,,,GLP,480710
13230449,86,7027,2006,,,,,GLP,480791
13236975,86,7028,2006,,,,,GLP,480799
13243501,86,7029,2006,,,,,GLP,480810
13250027,86,7030,2006,,,,,GLP,480820
13256553,86,7031,2006,,,,,GLP,480830
13263079,86,7032,2006,,,,,GLP,480890
13269605,86,7033,2006,,,,,GLP,480910
13276131,86,7034,2006,,,,,GLP,480920
13282657,86,7035,2006,,,,,GLP,480990
13289183,86,7036,2006,,,,,GLP,481011
13295709,86,7037,2006,,,,,GLP,481012
13302235,86,7038,2006,,,,,GLP,481021
13308761,86,7039,2006,,,,,GLP,481029
13315287,86,7040,2006,,,,,GLP,481031
13321813,86,7041,2006,,,,,GLP,481032
13328339,86,7042,2006,,,,,GLP,481039
13334865,86,7043,2006,,,,,GLP,481091
13341391,86,7044,2006,,,,,GLP,481099
13347917,86,7045,2006,,,,,GLP,481110
13354443,86,7046,2006,,,,,GLP,481121
13360969,86,7047,2006,,,,,GLP,481129
13367495,86,7048,2006,,,,,GLP,481131
13374021,86,7049,2006,,,,,GLP,481139
13380547,86,7050,2006,,,,,GLP,481140
13387073,86,7051,2006,,,,,GLP,481190
13393599,86,7052,2006,,,,,GLP,481200
13400125,86,7053,2006,,,,,GLP,481310
13406651,86,7054,2006,,,,,GLP,481320
13413177,86,7055,2006,,,,,GLP,481390
13419703,86,7056,2006,,,,,GLP,481410
13426229,86,7057,2006,,,,,GLP,481420
13432755,86,7058,2006,,,,,GLP,481430
13439281,86,7059,2006,,,,,GLP,481490
13445807,86,7060,2006,,,,,GLP,481500
13452333,86,7061,2006,,,,,GLP,481610
13458859,86,7062,2006,,,,,GLP,481620
13465385,86,7063,2006,,,,,GLP,481630
13471911,86,7064,2006,,,,,GLP,481690
13478437,86,7065,2006,,,,,GLP,481710
13484963,86,7066,2006,,,,,GLP,481720
13491489,86,7067,2006,,,,,GLP,481730
13498015,86,7068,2006,,,,,GLP,481810
13504541,86,7069,2006,,,,,GLP,481820
13511067,86,7070,2006,,,,,GLP,481830
13517593,86,7071,2006,,,,,GLP,481840
13524119,86,7072,2006,,,,,GLP,481850
13530645,86,7073,2006,,,,,GLP,481890
13537171,86,7074,2006,,,,,GLP,481910
13543697,86,7075,2006,,,,,GLP,481920
13550223,86,7076,2006,,,,,GLP,481930
13556749,86,7077,2006,,,,,GLP,481940
13563275,86,7078,2006,,,,,GLP,481950
13569801,86,7079,2006,,,,,GLP,481960
13576327,86,7080,2006,,,,,GLP,482010
13582853,86,7081,2006,,,,,GLP,482020
13589379,86,7082,2006,,,,,GLP,482030
13595905,86,7083,2006,,,,,GLP,482040
13602431,86,7084,2006,,,,,GLP,482050
13608957,86,7085,2006,,,,,GLP,482090
13615483,86,7086,2006,,,,,GLP,482110
13622009,86,7087,2006,,,,,GLP,482190
13628535,86,7088,2006,,,,,GLP,482210
13635061,86,7089,2006,,,,,GLP,482290
13641587,86,7090,2006,,,,,GLP,482311
13648113,86,7091,2006,,,,,GLP,482319
13654639,86,7092,2006,,,,,GLP,482320
13661165,86,7093,2006,,,,,GLP,482330
13667691,86,7094,2006,,,,,GLP,482340
13674217,86,7095,2006,,,,,GLP,482351
13680743,86,7096,2006,,,,,GLP,482359
13687269,86,7097,2006,,,,,GLP,482360
13693795,86,7098,2006,,,,,GLP,482370
13700321,86,7099,2006,,,,,GLP,482390
13706847,86,7100,2006,,,,,GLP,490110
13713373,86,7101,2006,,,,,GLP,490191
13719899,86,7102,2006,,,,,GLP,490199
13726425,86,7103,2006,,,,,GLP,490210
13732951,86,7104,2006,,,,,GLP,490290
13739477,86,7105,2006,,,,,GLP,490300
13746003,86,7106,2006,,,,,GLP,490400
13752529,86,7107,2006,,,,,GLP,490510
13759055,86,7108,2006,,,,,GLP,490591
13765581,86,7109,2006,,,,,GLP,490599
13772107,86,7110,2006,,,,,GLP,490600
13778633,86,7111,2006,,,,,GLP,490700
13785159,86,7112,2006,,,,,GLP,490810
13791685,86,7113,2006,,,,,GLP,490890
13798211,86,7114,2006,,,,,GLP,490900
13804737,86,7115,2006,,,,,GLP,491000
13811263,86,7116,2006,,,,,GLP,491110
13817789,86,7117,2006,,,,,GLP,491191
13824315,86,7118,2006,,,,,GLP,491199
13830841,86,7119,2006,,,,,GLP,500100
13837367,86,7120,2006,,,,,GLP,500200
13843893,86,7121,2006,,,,,GLP,500310
13850419,86,7122,2006,,,,,GLP,500390
13856945,86,7123,2006,,,,,GLP,500400
13863471,86,7124,2006,,,,,GLP,500500
13869997,86,7125,2006,,,,,GLP,500600
13876523,86,7126,2006,,,,,GLP,500710
13883049,86,7127,2006,,,,,GLP,500720
13889575,86,7128,2006,,,,,GLP,500790
13896101,86,7129,2006,,,,,GLP,510111
13902627,86,7130,2006,,,,,GLP,510119
13909153,86,7131,2006,,,,,GLP,510121
13915679,86,7132,2006,,,,,GLP,510129
13922205,86,7133,2006,,,,,GLP,510130
13928731,86,7134,2006,,,,,GLP,510210
13935257,86,7135,2006,,,,,GLP,510220
13941783,86,7136,2006,,,,,GLP,510310
13948309,86,7137,2006,,,,,GLP,510320
13954835,86,7138,2006,,,,,GLP,510330
13961361,86,7139,2006,,,,,GLP,510400
13967887,86,7140,2006,,,,,GLP,510510
13974413,86,7141,2006,,,,,GLP,510521
13980939,86,7142,2006,,,,,GLP,510529
13987465,86,7143,2006,,,,,GLP,510530
13993991,86,7144,2006,,,,,GLP,510540
14000517,86,7145,2006,,,,,GLP,510610
14007043,86,7146,2006,,,,,GLP,510620
14013569,86,7147,2006,,,,,GLP,510710
14020095,86,7148,2006,,,,,GLP,510720
14026621,86,7149,2006,,,,,GLP,510810
14033147,86,7150,2006,,,,,GLP,510820
14039673,86,7151,2006,,,,,GLP,510910
14046199,86,7152,2006,,,,,GLP,510990
14052725,86,7153,2006,,,,,GLP,511000
14059251,86,7154,2006,,,,,GLP,511111
14065777,86,7155,2006,,,,,GLP,511119
14072303,86,7156,2006,,,,,GLP,511120
14078829,86,7157,2006,,,,,GLP,511130
14085355,86,7158,2006,,,,,GLP,511190
14091881,86,7159,2006,,,,,GLP,511211
14098407,86,7160,2006,,,,,GLP,511219
14104933,86,7161,2006,,,,,GLP,511220
14111459,86,7162,2006,,,,,GLP,511230
14117985,86,7163,2006,,,,,GLP,511290
14124511,86,7164,2006,,,,,GLP,511300
14131037,86,7165,2006,,,,,GLP,520100
14137563,86,7166,2006,,,,,GLP,520210
14144089,86,7167,2006,,,,,GLP,520291
14150615,86,7168,2006,,,,,GLP,520299
14157141,86,7169,2006,,,,,GLP,520300
14163667,86,7170,2006,,,,,GLP,520411
14170193,86,7171,2006,,,,,GLP,520419
14176719,86,7172,2006,,,,,GLP,520420
14183245,86,7173,2006,,,,,GLP,520511
14189771,86,7174,2006,,,,,GLP,520512
14196297,86,7175,2006,,,,,GLP,520513
14202823,86,7176,2006,,,,,GLP,520514
14209349,86,7177,2006,,,,,GLP,520515
14215875,86,7178,2006,,,,,GLP,520521
14222401,86,7179,2006,,,,,GLP,520522
14228927,86,7180,2006,,,,,GLP,520523
14235453,86,7181,2006,,,,,GLP,520524
14241979,86,7182,2006,,,,,GLP,520525
14248505,86,7183,2006,,,,,GLP,520531
14255031,86,7184,2006,,,,,GLP,520532
14261557,86,7185,2006,,,,,GLP,520533
14268083,86,7186,2006,,,,,GLP,520534
14274609,86,7187,2006,,,,,GLP,520535
14281135,86,7188,2006,,,,,GLP,520541
14287661,86,7189,2006,,,,,GLP,520542
14294187,86,7190,2006,,,,,GLP,520543
14300713,86,7191,2006,,,,,GLP,520544
14307239,86,7192,2006,,,,,GLP,520545
14313765,86,7193,2006,,,,,GLP,520611
14320291,86,7194,2006,,,,,GLP,520612
14326817,86,7195,2006,,,,,GLP,520613
14333343,86,7196,2006,,,,,GLP,520614
14339869,86,7197,2006,,,,,GLP,520615
14346395,86,7198,2006,,,,,GLP,520621
14352921,86,7199,2006,,,,,GLP,520622
14359447,86,7200,2006,,,,,GLP,520623
14365973,86,7201,2006,,,,,GLP,520624
14372499,86,7202,2006,,,,,GLP,520625
14379025,86,7203,2006,,,,,GLP,520631
14385551,86,7204,2006,,,,,GLP,520632
14392077,86,7205,2006,,,,,GLP,520633
14398603,86,7206,2006,,,,,GLP,520634
14405129,86,7207,2006,,,,,GLP,520635
14411655,86,7208,2006,,,,,GLP,520641
14418181,86,7209,2006,,,,,GLP,520642
14424707,86,7210,2006,,,,,GLP,520643
14431233,86,7211,2006,,,,,GLP,520644
14437759,86,7212,2006,,,,,GLP,520645
14444285,86,7213,2006,,,,,GLP,520710
14450811,86,7214,2006,,,,,GLP,520790
14457337,86,7215,2006,,,,,GLP,520811
14463863,86,7216,2006,,,,,GLP,520812
14470389,86,7217,2006,,,,,GLP,520813
14476915,86,7218,2006,,,,,GLP,520819
14483441,86,7219,2006,,,,,GLP,520821
14489967,86,7220,2006,,,,,GLP,520822
14496493,86,7221,2006,,,,,GLP,520823
14503019,86,7222,2006,,,,,GLP,520829
14509545,86,7223,2006,,,,,GLP,520831
14516071,86,7224,2006,,,,,GLP,520832
14522597,86,7225,2006,,,,,GLP,520833
14529123,86,7226,2006,,,,,GLP,520839
14535649,86,7227,2006,,,,,GLP,520841
14542175,86,7228,2006,,,,,GLP,520842
14548701,86,7229,2006,,,,,GLP,520843
14555227,86,7230,2006,,,,,GLP,520849
14561753,86,7231,2006,,,,,GLP,520851
14568279,86,7232,2006,,,,,GLP,520852
14574805,86,7233,2006,,,,,GLP,520853
14581331,86,7234,2006,,,,,GLP,520859
14587857,86,7235,2006,,,,,GLP,520911
14594383,86,7236,2006,,,,,GLP,520912
14600909,86,7237,2006,,,,,GLP,520919
14607435,86,7238,2006,,,,,GLP,520921
14613961,86,7239,2006,,,,,GLP,520922
14620487,86,7240,2006,,,,,GLP,520929
14627013,86,7241,2006,,,,,GLP,520931
14633539,86,7242,2006,,,,,GLP,520932
14640065,86,7243,2006,,,,,GLP,520939
14646591,86,7244,2006,,,,,GLP,520941
14653117,86,7245,2006,,,,,GLP,520942
14659643,86,7246,2006,,,,,GLP,520943
14666169,86,7247,2006,,,,,GLP,520949
14672695,86,7248,2006,,,,,GLP,520951
14679221,86,7249,2006,,,,,GLP,520952
14685747,86,7250,2006,,,,,GLP,520959
14692273,86,7251,2006,,,,,GLP,521011
14698799,86,7252,2006,,,,,GLP,521012
14705325,86,7253,2006,,,,,GLP,521019
14711851,86,7254,2006,,,,,GLP,521021
14718377,86,7255,2006,,,,,GLP,521022
14724903,86,7256,2006,,,,,GLP,521029
14731429,86,7257,2006,,,,,GLP,521031
14737955,86,7258,2006,,,,,GLP,521032
14744481,86,7259,2006,,,,,GLP,521039
14751007,86,7260,2006,,,,,GLP,521041
14757533,86,7261,2006,,,,,GLP,521042
14764059,86,7262,2006,,,,,GLP,521049
14770585,86,7263,2006,,,,,GLP,521051
14777111,86,7264,2006,,,,,GLP,521052
14783637,86,7265,2006,,,,,GLP,521059
14790163,86,7266,2006,,,,,GLP,521111
14796689,86,7267,2006,,,,,GLP,521112
14803215,86,7268,2006,,,,,GLP,521119
14809741,86,7269,2006,,,,,GLP,521121
14816267,86,7270,2006,,,,,GLP,521122
14822793,86,7271,2006,,,,,GLP,521129
14829319,86,7272,2006,,,,,GLP,521131
14835845,86,7273,2006,,,,,GLP,521132
14842371,86,7274,2006,,,,,GLP,521139
14848897,86,7275,2006,,,,,GLP,521141
14855423,86,7276,2006,,,,,GLP,521142
14861949,86,7277,2006,,,,,GLP,521143
14868475,86,7278,2006,,,,,GLP,521149
14875001,86,7279,2006,,,,,GLP,521151
14881527,86,7280,2006,,,,,GLP,521152
14888053,86,7281,2006,,,,,GLP,521159
14894579,86,7282,2006,,,,,GLP,521211
14901105,86,7283,2006,,,,,GLP,521212
14907631,86,7284,2006,,,,,GLP,521213
14914157,86,7285,2006,,,,,GLP,521214
14920683,86,7286,2006,,,,,GLP,521215
14927209,86,7287,2006,,,,,GLP,521221
14933735,86,7288,2006,,,,,GLP,521222
14940261,86,7289,2006,,,,,GLP,521223
14946787,86,7290,2006,,,,,GLP,521224
14953313,86,7291,2006,,,,,GLP,521225
14959839,86,7292,2006,,,,,GLP,530110
14966365,86,7293,2006,,,,,GLP,530121
14972891,86,7294,2006,,,,,GLP,530129
14979417,86,7295,2006,,,,,GLP,530130
14985943,86,7296,2006,,,,,GLP,530210
14992469,86,7297,2006,,,,,GLP,530290
14998995,86,7298,2006,,,,,GLP,530310
15005521,86,7299,2006,,,,,GLP,530390
15012047,86,7300,2006,,,,,GLP,530410
15018573,86,7301,2006,,,,,GLP,530490
15025099,86,7302,2006,,,,,GLP,530511
15031625,86,7303,2006,,,,,GLP,530519
15038151,86,7304,2006,,,,,GLP,530521
15044677,86,7305,2006,,,,,GLP,530529
15051203,86,7306,2006,,,,,GLP,530591
15057729,86,7307,2006,,,,,GLP,530599
15064255,86,7308,2006,,,,,GLP,530610
15070781,86,7309,2006,,,,,GLP,530620
15077307,86,7310,2006,,,,,GLP,530710
15083833,86,7311,2006,,,,,GLP,530720
15090359,86,7312,2006,,,,,GLP,530810
15096885,86,7313,2006,,,,,GLP,530820
15103411,86,7314,2006,,,,,GLP,530830
15109937,86,7315,2006,,,,,GLP,530890
15116463,86,7316,2006,,,,,GLP,530911
15122989,86,7317,2006,,,,,GLP,530919
15129515,86,7318,2006,,,,,GLP,530921
15136041,86,7319,2006,,,,,GLP,530929
15142567,86,7320,2006,,,,,GLP,531010
15149093,86,7321,2006,,,,,GLP,531090
15155619,86,7322,2006,,,,,GLP,531100
15162145,86,7323,2006,,,,,GLP,540110
15168671,86,7324,2006,,,,,GLP,540120
15175197,86,7325,2006,,,,,GLP,540210
15181723,86,7326,2006,,,,,GLP,540220
15188249,86,7327,2006,,,,,GLP,540231
15194775,86,7328,2006,,,,,GLP,540232
15201301,86,7329,2006,,,,,GLP,540233
15207827,86,7330,2006,,,,,GLP,540239
15214353,86,7331,2006,,,,,GLP,540241
15220879,86,7332,2006,,,,,GLP,540242
15227405,86,7333,2006,,,,,GLP,540243
15233931,86,7334,2006,,,,,GLP,540249
15240457,86,7335,2006,,,,,GLP,540251
15246983,86,7336,2006,,,,,GLP,540252
15253509,86,7337,2006,,,,,GLP,540259
15260035,86,7338,2006,,,,,GLP,540261
15266561,86,7339,2006,,,,,GLP,540262
15273087,86,7340,2006,,,,,GLP,540269
15279613,86,7341,2006,,,,,GLP,540310
15286139,86,7342,2006,,,,,GLP,540320
15292665,86,7343,2006,,,,,GLP,540331
15299191,86,7344,2006,,,,,GLP,540332
15305717,86,7345,2006,,,,,GLP,540333
15312243,86,7346,2006,,,,,GLP,540339
15318769,86,7347,2006,,,,,GLP,540341
15325295,86,7348,2006,,,,,GLP,540342
15331821,86,7349,2006,,,,,GLP,540349
15338347,86,7350,2006,,,,,GLP,540410
15344873,86,7351,2006,,,,,GLP,540490
15351399,86,7352,2006,,,,,GLP,540500
15357925,86,7353,2006,,,,,GLP,540610
15364451,86,7354,2006,,,,,GLP,540620
15370977,86,7355,2006,,,,,GLP,540710
15377503,86,7356,2006,,,,,GLP,540720
15384029,86,7357,2006,,,,,GLP,540730
15390555,86,7358,2006,,,,,GLP,540741
15397081,86,7359,2006,,,,,GLP,540742
15403607,86,7360,2006,,,,,GLP,540743
15410133,86,7361,2006,,,,,GLP,540744
15416659,86,7362,2006,,,,,GLP,540751
15423185,86,7363,2006,,,,,GLP,540752
15429711,86,7364,2006,,,,,GLP,540753
15436237,86,7365,2006,,,,,GLP,540754
15442763,86,7366,2006,,,,,GLP,540760
15449289,86,7367,2006,,,,,GLP,540771
15455815,86,7368,2006,,,,,GLP,540772
15462341,86,7369,2006,,,,,GLP,540773
15468867,86,7370,2006,,,,,GLP,540774
15475393,86,7371,2006,,,,,GLP,540781
15481919,86,7372,2006,,,,,GLP,540782
15488445,86,7373,2006,,,,,GLP,540783
15494971,86,7374,2006,,,,,GLP,540784
15501497,86,7375,2006,,,,,GLP,540791
15508023,86,7376,2006,,,,,GLP,540792
15514549,86,7377,2006,,,,,GLP,540793
15521075,86,7378,2006,,,,,GLP,540794
15527601,86,7379,2006,,,,,GLP,540810
15534127,86,7380,2006,,,,,GLP,540821
15540653,86,7381,2006,,,,,GLP,540822
15547179,86,7382,2006,,,,,GLP,540823
15553705,86,7383,2006,,,,,GLP,540824
15560231,86,7384,2006,,,,,GLP,540831
15566757,86,7385,2006,,,,,GLP,540832
15573283,86,7386,2006,,,,,GLP,540833
15579809,86,7387,2006,,,,,GLP,540834
15586335,86,7388,2006,,,,,GLP,550110
15592861,86,7389,2006,,,,,GLP,550120
15599387,86,7390,2006,,,,,GLP,550130
15605913,86,7391,2006,,,,,GLP,550190
15612439,86,7392,2006,,,,,GLP,550200
15618965,86,7393,2006,,,,,GLP,550310
15625491,86,7394,2006,,,,,GLP,550320
15632017,86,7395,2006,,,,,GLP,550330
15638543,86,7396,2006,,,,,GLP,550340
15645069,86,7397,2006,,,,,GLP,550390
15651595,86,7398,2006,,,,,GLP,550410
15658121,86,7399,2006,,,,,GLP,550490
15664647,86,7400,2006,,,,,GLP,550510
15671173,86,7401,2006,,,,,GLP,550520
15677699,86,7402,2006,,,,,GLP,550610
15684225,86,7403,2006,,,,,GLP,550620
15690751,86,7404,2006,,,,,GLP,550630
15697277,86,7405,2006,,,,,GLP,550690
15703803,86,7406,2006,,,,,GLP,550700
15710329,86,7407,2006,,,,,GLP,550810
15716855,86,7408,2006,,,,,GLP,550820
15723381,86,7409,2006,,,,,GLP,550911
15729907,86,7410,2006,,,,,GLP,550912
15736433,86,7411,2006,,,,,GLP,550921
15742959,86,7412,2006,,,,,GLP,550922
15749485,86,7413,2006,,,,,GLP,550931
15756011,86,7414,2006,,,,,GLP,550932
15762537,86,7415,2006,,,,,GLP,550941
15769063,86,7416,2006,,,,,GLP,550942
15775589,86,7417,2006,,,,,GLP,550951
15782115,86,7418,2006,,,,,GLP,550952
15788641,86,7419,2006,,,,,GLP,550953
15795167,86,7420,2006,,,,,GLP,550959
15801693,86,7421,2006,,,,,GLP,550961
15808219,86,7422,2006,,,,,GLP,550962
15814745,86,7423,2006,,,,,GLP,550969
15821271,86,7424,2006,,,,,GLP,550991
15827797,86,7425,2006,,,,,GLP,550992
15834323,86,7426,2006,,,,,GLP,550999
15840849,86,7427,2006,,,,,GLP,551011
15847375,86,7428,2006,,,,,GLP,551012
15853901,86,7429,2006,,,,,GLP,551020
15860427,86,7430,2006,,,,,GLP,551030
15866953,86,7431,2006,,,,,GLP,551090
15873479,86,7432,2006,,,,,GLP,551110
15880005,86,7433,2006,,,,,GLP,551120
15886531,86,7434,2006,,,,,GLP,551130
15893057,86,7435,2006,,,,,GLP,551211
15899583,86,7436,2006,,,,,GLP,551219
15906109,86,7437,2006,,,,,GLP,551221
15912635,86,7438,2006,,,,,GLP,551229
15919161,86,7439,2006,,,,,GLP,551291
15925687,86,7440,2006,,,,,GLP,551299
15932213,86,7441,2006,,,,,GLP,551311
15938739,86,7442,2006,,,,,GLP,551312
15945265,86,7443,2006,,,,,GLP,551313
15951791,86,7444,2006,,,,,GLP,551319
15958317,86,7445,2006,,,,,GLP,551321
15964843,86,7446,2006,,,,,GLP,551322
15971369,86,7447,2006,,,,,GLP,551323
15977895,86,7448,2006,,,,,GLP,551329
15984421,86,7449,2006,,,,,GLP,551331
15990947,86,7450,2006,,,,,GLP,551332
15997473,86,7451,2006,,,,,GLP,551333
16003999,86,7452,2006,,,,,GLP,551339
16010525,86,7453,2006,,,,,GLP,551341
16017051,86,7454,2006,,,,,GLP,551342
16023577,86,7455,2006,,,,,GLP,551343
16030103,86,7456,2006,,,,,GLP,551349
16036629,86,7457,2006,,,,,GLP,551411
16043155,86,7458,2006,,,,,GLP,551412
16049681,86,7459,2006,,,,,GLP,551413
16056207,86,7460,2006,,,,,GLP,551419
16062733,86,7461,2006,,,,,GLP,551421
16069259,86,7462,2006,,,,,GLP,551422
16075785,86,7463,2006,,,,,GLP,551423
16082311,86,7464,2006,,,,,GLP,551429
16088837,86,7465,2006,,,,,GLP,551431
16095363,86,7466,2006,,,,,GLP,551432
16101889,86,7467,2006,,,,,GLP,551433
16108415,86,7468,2006,,,,,GLP,551439
16114941,86,7469,2006,,,,,GLP,551441
16121467,86,7470,2006,,,,,GLP,551442
16127993,86,7471,2006,,,,,GLP,551443
16134519,86,7472,2006,,,,,GLP,551449
16141045,86,7473,2006,,,,,GLP,551511
16147571,86,7474,2006,,,,,GLP,551512
16154097,86,7475,2006,,,,,GLP,551513
16160623,86,7476,2006,,,,,GLP,551519
16167149,86,7477,2006,,,,,GLP,551521
16173675,86,7478,2006,,,,,GLP,551522
16180201,86,7479,2006,,,,,GLP,551529
16186727,86,7480,2006,,,,,GLP,551591
16193253,86,7481,2006,,,,,GLP,551592
16199779,86,7482,2006,,,,,GLP,551599
16206305,86,7483,2006,,,,,GLP,551611
16212831,86,7484,2006,,,,,GLP,551612
16219357,86,7485,2006,,,,,GLP,551613
16225883,86,7486,2006,,,,,GLP,551614
16232409,86,7487,2006,,,,,GLP,551621
16238935,86,7488,2006,,,,,GLP,551622
16245461,86,7489,2006,,,,,GLP,551623
16251987,86,7490,2006,,,,,GLP,551624
16258513,86,7491,2006,,,,,GLP,551631
16265039,86,7492,2006,,,,,GLP,551632
16271565,86,7493,2006,,,,,GLP,551633
16278091,86,7494,2006,,,,,GLP,551634
16284617,86,7495,2006,,,,,GLP,551641
16291143,86,7496,2006,,,,,GLP,551642
16297669,86,7497,2006,,,,,GLP,551643
16304195,86,7498,2006,,,,,GLP,551644
16310721,86,7499,2006,,,,,GLP,551691
16317247,86,7500,2006,,,,,GLP,551692
16323773,86,7501,2006,,,,,GLP,551693
16330299,86,7502,2006,,,,,GLP,551694
16336825,86,7503,2006,,,,,GLP,560110
16343351,86,7504,2006,,,,,GLP,560121
16349877,86,7505,2006,,,,,GLP,560122
16356403,86,7506,2006,,,,,GLP,560129
16362929,86,7507,2006,,,,,GLP,560130
16369455,86,7508,2006,,,,,GLP,560210
16375981,86,7509,2006,,,,,GLP,560221
16382507,86,7510,2006,,,,,GLP,560229
16389033,86,7511,2006,,,,,GLP,560290
16395559,86,7512,2006,,,,,GLP,560300
16402085,86,7513,2006,,,,,GLP,560410
16408611,86,7514,2006,,,,,GLP,560420
16415137,86,7515,2006,,,,,GLP,560490
16421663,86,7516,2006,,,,,GLP,560500
16428189,86,7517,2006,,,,,GLP,560600
16434715,86,7518,2006,,,,,GLP,560710
16441241,86,7519,2006,,,,,GLP,560721
16447767,86,7520,2006,,,,,GLP,560729
16454293,86,7521,2006,,,,,GLP,560730
16460819,86,7522,2006,,,,,GLP,560741
16467345,86,7523,2006,,,,,GLP,560749
16473871,86,7524,2006,,,,,GLP,560750
16480397,86,7525,2006,,,,,GLP,560790
16486923,86,7526,2006,,,,,GLP,560811
16493449,86,7527,2006,,,,,GLP,560819
16499975,86,7528,2006,,,,,GLP,560890
16506501,86,7529,2006,,,,,GLP,560900
16513027,86,7530,2006,,,,,GLP,570110
16519553,86,7531,2006,,,,,GLP,570190
16526079,86,7532,2006,,,,,GLP,570210
16532605,86,7533,2006,,,,,GLP,570220
16539131,86,7534,2006,,,,,GLP,570231
16545657,86,7535,2006,,,,,GLP,570232
16552183,86,7536,2006,,,,,GLP,570239
16558709,86,7537,2006,,,,,GLP,570241
16565235,86,7538,2006,,,,,GLP,570242
16571761,86,7539,2006,,,,,GLP,570249
16578287,86,7540,2006,,,,,GLP,570251
16584813,86,7541,2006,,,,,GLP,570252
16591339,86,7542,2006,,,,,GLP,570259
16597865,86,7543,2006,,,,,GLP,570291
16604391,86,7544,2006,,,,,GLP,570292
16610917,86,7545,2006,,,,,GLP,570299
16617443,86,7546,2006,,,,,GLP,570310
16623969,86,7547,2006,,,,,GLP,570320
16630495,86,7548,2006,,,,,GLP,570330
16637021,86,7549,2006,,,,,GLP,570390
16643547,86,7550,2006,,,,,GLP,570410
16650073,86,7551,2006,,,,,GLP,570490
16656599,86,7552,2006,,,,,GLP,570500
16663125,86,7553,2006,,,,,GLP,580110
16669651,86,7554,2006,,,,,GLP,580121
16676177,86,7555,2006,,,,,GLP,580122
16682703,86,7556,2006,,,,,GLP,580123
16689229,86,7557,2006,,,,,GLP,580124
16695755,86,7558,2006,,,,,GLP,580125
16702281,86,7559,2006,,,,,GLP,580126
16708807,86,7560,2006,,,,,GLP,580131
16715333,86,7561,2006,,,,,GLP,580132
16721859,86,7562,2006,,,,,GLP,580133
16728385,86,7563,2006,,,,,GLP,580134
16734911,86,7564,2006,,,,,GLP,580135
16741437,86,7565,2006,,,,,GLP,580136
16747963,86,7566,2006,,,,,GLP,580190
16754489,86,7567,2006,,,,,GLP,580211
16761015,86,7568,2006,,,,,GLP,580219
16767541,86,7569,2006,,,,,GLP,580220
16774067,86,7570,2006,,,,,GLP,580230
16780593,86,7571,2006,,,,,GLP,580310
16787119,86,7572,2006,,,,,GLP,580390
16793645,86,7573,2006,,,,,GLP,580410
16800171,86,7574,2006,,,,,GLP,580421
16806697,86,7575,2006,,,,,GLP,580429
16813223,86,7576,2006,,,,,GLP,580430
16819749,86,7577,2006,,,,,GLP,580500
16826275,86,7578,2006,,,,,GLP,580610
16832801,86,7579,2006,,,,,GLP,580620
16839327,86,7580,2006,,,,,GLP,580631
16845853,86,7581,2006,,,,,GLP,580632
16852379,86,7582,2006,,,,,GLP,580639
16858905,86,7583,2006,,,,,GLP,580640
16865431,86,7584,2006,,,,,GLP,580710
16871957,86,7585,2006,,,,,GLP,580790
16878483,86,7586,2006,,,,,GLP,580810
16885009,86,7587,2006,,,,,GLP,580890
16891535,86,7588,2006,,,,,GLP,580900
16898061,86,7589,2006,,,,,GLP,581010
16904587,86,7590,2006,,,,,GLP,581091
16911113,86,7591,2006,,,,,GLP,581092
16917639,86,7592,2006,,,,,GLP,581099
16924165,86,7593,2006,,,,,GLP,581100
16930691,86,7594,2006,,,,,GLP,590110
16937217,86,7595,2006,,,,,GLP,590190
16943743,86,7596,2006,,,,,GLP,590210
16950269,86,7597,2006,,,,,GLP,590220
16956795,86,7598,2006,,,,,GLP,590290
16963321,86,7599,2006,,,,,GLP,590310
16969847,86,7600,2006,,,,,GLP,590320
16976373,86,7601,2006,,,,,GLP,590390
16982899,86,7602,2006,,,,,GLP,590410
16989425,86,7603,2006,,,,,GLP,590491
16995951,86,7604,2006,,,,,GLP,590492
17002477,86,7605,2006,,,,,GLP,590500
17009003,86,7606,2006,,,,,GLP,590610
17015529,86,7607,2006,,,,,GLP,590691
17022055,86,7608,2006,,,,,GLP,590699
17028581,86,7609,2006,,,,,GLP,590700
17035107,86,7610,2006,,,,,GLP,590800
17041633,86,7611,2006,,,,,GLP,590900
17048159,86,7612,2006,,,,,GLP,591000
17054685,86,7613,2006,,,,,GLP,591110
17061211,86,7614,2006,,,,,GLP,591120
17067737,86,7615,2006,,,,,GLP,591131
17074263,86,7616,2006,,,,,GLP,591132
17080789,86,7617,2006,,,,,GLP,591140
17087315,86,7618,2006,,,,,GLP,591190
17093841,86,7619,2006,,,,,GLP,600110
17100367,86,7620,2006,,,,,GLP,600121
17106893,86,7621,2006,,,,,GLP,600122
17113419,86,7622,2006,,,,,GLP,600129
17119945,86,7623,2006,,,,,GLP,600191
17126471,86,7624,2006,,,,,GLP,600192
17132997,86,7625,2006,,,,,GLP,600199
17139523,86,7626,2006,,,,,GLP,600210
17146049,86,7627,2006,,,,,GLP,600220
17152575,86,7628,2006,,,,,GLP,600230
17159101,86,7629,2006,,,,,GLP,600241
17165627,86,7630,2006,,,,,GLP,600242
17172153,86,7631,2006,,,,,GLP,600243
17178679,86,7632,2006,,,,,GLP,600249
17185205,86,7633,2006,,,,,GLP,600291
17191731,86,7634,2006,,,,,GLP,600292
17198257,86,7635,2006,,,,,GLP,600293
17204783,86,7636,2006,,,,,GLP,600299
17211309,86,7637,2006,,,,,GLP,610110
17217835,86,7638,2006,,,,,GLP,610120
17224361,86,7639,2006,,,,,GLP,610130
17230887,86,7640,2006,,,,,GLP,610190
17237413,86,7641,2006,,,,,GLP,610210
17243939,86,7642,2006,,,,,GLP,610220
17250465,86,7643,2006,,,,,GLP,610230
17256991,86,7644,2006,,,,,GLP,610290
17263517,86,7645,2006,,,,,GLP,610311
17270043,86,7646,2006,,,,,GLP,610312
17276569,86,7647,2006,,,,,GLP,610319
17283095,86,7648,2006,,,,,GLP,610321
17289621,86,7649,2006,,,,,GLP,610322
17296147,86,7650,2006,,,,,GLP,610323
17302673,86,7651,2006,,,,,GLP,610329
17309199,86,7652,2006,,,,,GLP,610331
17315725,86,7653,2006,,,,,GLP,610332
17322251,86,7654,2006,,,,,GLP,610333
17328777,86,7655,2006,,,,,GLP,610339
17335303,86,7656,2006,,,,,GLP,610341
17341829,86,7657,2006,,,,,GLP,610342
17348355,86,7658,2006,,,,,GLP,610343
17354881,86,7659,2006,,,,,GLP,610349
17361407,86,7660,2006,,,,,GLP,610411
17367933,86,7661,2006,,,,,GLP,610412
17374459,86,7662,2006,,,,,GLP,610413
17380985,86,7663,2006,,,,,GLP,610419
17387511,86,7664,2006,,,,,GLP,610421
17394037,86,7665,2006,,,,,GLP,610422
17400563,86,7666,2006,,,,,GLP,610423
17407089,86,7667,2006,,,,,GLP,610429
17413615,86,7668,2006,,,,,GLP,610431
17420141,86,7669,2006,,,,,GLP,610432
17426667,86,7670,2006,,,,,GLP,610433
17433193,86,7671,2006,,,,,GLP,610439
17439719,86,7672,2006,,,,,GLP,610441
17446245,86,7673,2006,,,,,GLP,610442
17452771,86,7674,2006,,,,,GLP,610443
17459297,86,7675,2006,,,,,GLP,610444
17465823,86,7676,2006,,,,,GLP,610449
17472349,86,7677,2006,,,,,GLP,610451
17478875,86,7678,2006,,,,,GLP,610452
17485401,86,7679,2006,,,,,GLP,610453
17491927,86,7680,2006,,,,,GLP,610459
17498453,86,7681,2006,,,,,GLP,610461
17504979,86,7682,2006,,,,,GLP,610462
17511505,86,7683,2006,,,,,GLP,610463
17518031,86,7684,2006,,,,,GLP,610469
17524557,86,7685,2006,,,,,GLP,610510
17531083,86,7686,2006,,,,,GLP,610520
17537609,86,7687,2006,,,,,GLP,610590
17544135,86,7688,2006,,,,,GLP,610610
17550661,86,7689,2006,,,,,GLP,610620
17557187,86,7690,2006,,,,,GLP,610690
17563713,86,7691,2006,,,,,GLP,610711
17570239,86,7692,2006,,,,,GLP,610712
17576765,86,7693,2006,,,,,GLP,610719
17583291,86,7694,2006,,,,,GLP,610721
17589817,86,7695,2006,,,,,GLP,610722
17596343,86,7696,2006,,,,,GLP,610729
17602869,86,7697,2006,,,,,GLP,610791
17609395,86,7698,2006,,,,,GLP,610792
17615921,86,7699,2006,,,,,GLP,610799
17622447,86,7700,2006,,,,,GLP,610811
17628973,86,7701,2006,,,,,GLP,610819
17635499,86,7702,2006,,,,,GLP,610821
17642025,86,7703,2006,,,,,GLP,610822
17648551,86,7704,2006,,,,,GLP,610829
17655077,86,7705,2006,,,,,GLP,610831
17661603,86,7706,2006,,,,,GLP,610832
17668129,86,7707,2006,,,,,GLP,610839
17674655,86,7708,2006,,,,,GLP,610891
17681181,86,7709,2006,,,,,GLP,610892
17687707,86,7710,2006,,,,,GLP,610899
17694233,86,7711,2006,,,,,GLP,610910
17700759,86,7712,2006,,,,,GLP,610990
17707285,86,7713,2006,,,,,GLP,611010
17713811,86,7714,2006,,,,,GLP,611020
17720337,86,7715,2006,,,,,GLP,611030
17726863,86,7716,2006,,,,,GLP,611090
17733389,86,7717,2006,,,,,GLP,611110
17739915,86,7718,2006,,,,,GLP,611120
17746441,86,7719,2006,,,,,GLP,611130
17752967,86,7720,2006,,,,,GLP,611190
17759493,86,7721,2006,,,,,GLP,611211
17766019,86,7722,2006,,,,,GLP,611212
17772545,86,7723,2006,,,,,GLP,611219
17779071,86,7724,2006,,,,,GLP,611220
17785597,86,7725,2006,,,,,GLP,611231
17792123,86,7726,2006,,,,,GLP,611239
17798649,86,7727,2006,,,,,GLP,611241
17805175,86,7728,2006,,,,,GLP,611249
17811701,86,7729,2006,,,,,GLP,611300
17818227,86,7730,2006,,,,,GLP,611410
17824753,86,7731,2006,,,,,GLP,611420
17831279,86,7732,2006,,,,,GLP,611430
17837805,86,7733,2006,,,,,GLP,611490
17844331,86,7734,2006,,,,,GLP,611511
17850857,86,7735,2006,,,,,GLP,611512
17857383,86,7736,2006,,,,,GLP,611519
17863909,86,7737,2006,,,,,GLP,611520
17870435,86,7738,2006,,,,,GLP,611591
17876961,86,7739,2006,,,,,GLP,611592
17883487,86,7740,2006,,,,,GLP,611593
17890013,86,7741,2006,,,,,GLP,611599
17896539,86,7742,2006,,,,,GLP,611610
17903065,86,7743,2006,,,,,GLP,611691
17909591,86,7744,2006,,,,,GLP,611692
17916117,86,7745,2006,,,,,GLP,611693
17922643,86,7746,2006,,,,,GLP,611699
17929169,86,7747,2006,,,,,GLP,611710
17935695,86,7748,2006,,,,,GLP,611720
17942221,86,7749,2006,,,,,GLP,611780
17948747,86,7750,2006,,,,,GLP,611790
17955273,86,7751,2006,,,,,GLP,620111
17961799,86,7752,2006,,,,,GLP,620112
17968325,86,7753,2006,,,,,GLP,620113
17974851,86,7754,2006,,,,,GLP,620119
17981377,86,7755,2006,,,,,GLP,620191
17987903,86,7756,2006,,,,,GLP,620192
17994429,86,7757,2006,,,,,GLP,620193
18000955,86,7758,2006,,,,,GLP,620199
18007481,86,7759,2006,,,,,GLP,620211
18014007,86,7760,2006,,,,,GLP,620212
18020533,86,7761,2006,,,,,GLP,620213
18027059,86,7762,2006,,,,,GLP,620219
18033585,86,7763,2006,,,,,GLP,620291
18040111,86,7764,2006,,,,,GLP,620292
18046637,86,7765,2006,,,,,GLP,620293
18053163,86,7766,2006,,,,,GLP,620299
18059689,86,7767,2006,,,,,GLP,620311
18066215,86,7768,2006,,,,,GLP,620312
18072741,86,7769,2006,,,,,GLP,620319
18079267,86,7770,2006,,,,,GLP,620321
18085793,86,7771,2006,,,,,GLP,620322
18092319,86,7772,2006,,,,,GLP,620323
18098845,86,7773,2006,,,,,GLP,620329
18105371,86,7774,2006,,,,,GLP,620331
18111897,86,7775,2006,,,,,GLP,620332
18118423,86,7776,2006,,,,,GLP,620333
18124949,86,7777,2006,,,,,GLP,620339
18131475,86,7778,2006,,,,,GLP,620341
18138001,86,7779,2006,,,,,GLP,620342
18144527,86,7780,2006,,,,,GLP,620343
18151053,86,7781,2006,,,,,GLP,620349
18157579,86,7782,2006,,,,,GLP,620411
18164105,86,7783,2006,,,,,GLP,620412
18170631,86,7784,2006,,,,,GLP,620413
18177157,86,7785,2006,,,,,GLP,620419
18183683,86,7786,2006,,,,,GLP,620421
18190209,86,7787,2006,,,,,GLP,620422
18196735,86,7788,2006,,,,,GLP,620423
18203261,86,7789,2006,,,,,GLP,620429
18209787,86,7790,2006,,,,,GLP,620431
18216313,86,7791,2006,,,,,GLP,620432
18222839,86,7792,2006,,,,,GLP,620433
18229365,86,7793,2006,,,,,GLP,620439
18235891,86,7794,2006,,,,,GLP,620441
18242417,86,7795,2006,,,,,GLP,620442
18248943,86,7796,2006,,,,,GLP,620443
18255469,86,7797,2006,,,,,GLP,620444
18261995,86,7798,2006,,,,,GLP,620449
18268521,86,7799,2006,,,,,GLP,620451
18275047,86,7800,2006,,,,,GLP,620452
18281573,86,7801,2006,,,,,GLP,620453
18288099,86,7802,2006,,,,,GLP,620459
18294625,86,7803,2006,,,,,GLP,620461
18301151,86,7804,2006,,,,,GLP,620462
18307677,86,7805,2006,,,,,GLP,620463
18314203,86,7806,2006,,,,,GLP,620469
18320729,86,7807,2006,,,,,GLP,620510
18327255,86,7808,2006,,,,,GLP,620520
18333781,86,7809,2006,,,,,GLP,620530
18340307,86,7810,2006,,,,,GLP,620590
18346833,86,7811,2006,,,,,GLP,620610
18353359,86,7812,2006,,,,,GLP,620620
18359885,86,7813,2006,,,,,GLP,620630
18366411,86,7814,2006,,,,,GLP,620640
18372937,86,7815,2006,,,,,GLP,620690
18379463,86,7816,2006,,,,,GLP,620711
18385989,86,7817,2006,,,,,GLP,620719
18392515,86,7818,2006,,,,,GLP,620721
18399041,86,7819,2006,,,,,GLP,620722
18405567,86,7820,2006,,,,,GLP,620729
18412093,86,7821,2006,,,,,GLP,620791
18418619,86,7822,2006,,,,,GLP,620792
18425145,86,7823,2006,,,,,GLP,620799
18431671,86,7824,2006,,,,,GLP,620811
18438197,86,7825,2006,,,,,GLP,620819
18444723,86,7826,2006,,,,,GLP,620821
18451249,86,7827,2006,,,,,GLP,620822
18457775,86,7828,2006,,,,,GLP,620829
18464301,86,7829,2006,,,,,GLP,620891
18470827,86,7830,2006,,,,,GLP,620892
18477353,86,7831,2006,,,,,GLP,620899
18483879,86,7832,2006,,,,,GLP,620910
18490405,86,7833,2006,,,,,GLP,620920
18496931,86,7834,2006,,,,,GLP,620930
18503457,86,7835,2006,,,,,GLP,620990
18509983,86,7836,2006,,,,,GLP,621010
18516509,86,7837,2006,,,,,GLP,621020
18523035,86,7838,2006,,,,,GLP,621030
18529561,86,7839,2006,,,,,GLP,621040
18536087,86,7840,2006,,,,,GLP,621050
18542613,86,7841,2006,,,,,GLP,621111
18549139,86,7842,2006,,,,,GLP,621112
18555665,86,7843,2006,,,,,GLP,621120
18562191,86,7844,2006,,,,,GLP,621131
18568717,86,7845,2006,,,,,GLP,621132
18575243,86,7846,2006,,,,,GLP,621133
18581769,86,7847,2006,,,,,GLP,621139
18588295,86,7848,2006,,,,,GLP,621141
18594821,86,7849,2006,,,,,GLP,621142
18601347,86,7850,2006,,,,,GLP,621143
18607873,86,7851,2006,,,,,GLP,621149
18614399,86,7852,2006,,,,,GLP,621210
18620925,86,7853,2006,,,,,GLP,621220
18627451,86,7854,2006,,,,,GLP,621230
18633977,86,7855,2006,,,,,GLP,621290
18640503,86,7856,2006,,,,,GLP,621310
18647029,86,7857,2006,,,,,GLP,621320
18653555,86,7858,2006,,,,,GLP,621390
18660081,86,7859,2006,,,,,GLP,621410
18666607,86,7860,2006,,,,,GLP,621420
18673133,86,7861,2006,,,,,GLP,621430
18679659,86,7862,2006,,,,,GLP,621440
18686185,86,7863,2006,,,,,GLP,621490
18692711,86,7864,2006,,,,,GLP,621510
18699237,86,7865,2006,,,,,GLP,621520
18705763,86,7866,2006,,,,,GLP,621590
18712289,86,7867,2006,,,,,GLP,621600
18718815,86,7868,2006,,,,,GLP,621710
18725341,86,7869,2006,,,,,GLP,621790
18731867,86,7870,2006,,,,,GLP,630110
18738393,86,7871,2006,,,,,GLP,630120
18744919,86,7872,2006,,,,,GLP,630130
18751445,86,7873,2006,,,,,GLP,630140
18757971,86,7874,2006,,,,,GLP,630190
18764497,86,7875,2006,,,,,GLP,630210
18771023,86,7876,2006,,,,,GLP,630221
18777549,86,7877,2006,,,,,GLP,630222
18784075,86,7878,2006,,,,,GLP,630229
18790601,86,7879,2006,,,,,GLP,630231
18797127,86,7880,2006,,,,,GLP,630232
18803653,86,7881,2006,,,,,GLP,630239
18810179,86,7882,2006,,,,,GLP,630240
18816705,86,7883,2006,,,,,GLP,630251
18823231,86,7884,2006,,,,,GLP,630252
18829757,86,7885,2006,,,,,GLP,630253
18836283,86,7886,2006,,,,,GLP,630259
18842809,86,7887,2006,,,,,GLP,630260
18849335,86,7888,2006,,,,,GLP,630291
18855861,86,7889,2006,,,,,GLP,630292
18862387,86,7890,2006,,,,,GLP,630293
18868913,86,7891,2006,,,,,GLP,630299
18875439,86,7892,2006,,,,,GLP,630311
18881965,86,7893,2006,,,,,GLP,630312
18888491,86,7894,2006,,,,,GLP,630319
18895017,86,7895,2006,,,,,GLP,630391
18901543,86,7896,2006,,,,,GLP,630392
18908069,86,7897,2006,,,,,GLP,630399
18914595,86,7898,2006,,,,,GLP,630411
18921121,86,7899,2006,,,,,GLP,630419
18927647,86,7900,2006,,,,,GLP,630491
18934173,86,7901,2006,,,,,GLP,630492
18940699,86,7902,2006,,,,,GLP,630493
18947225,86,7903,2006,,,,,GLP,630499
18953751,86,7904,2006,,,,,GLP,630510
18960277,86,7905,2006,,,,,GLP,630520
18966803,86,7906,2006,,,,,GLP,630531
18973329,86,7907,2006,,,,,GLP,630539
18979855,86,7908,2006,,,,,GLP,630590
18986381,86,7909,2006,,,,,GLP,630611
18992907,86,7910,2006,,,,,GLP,630612
18999433,86,7911,2006,,,,,GLP,630619
19005959,86,7912,2006,,,,,GLP,630621
19012485,86,7913,2006,,,,,GLP,630622
19019011,86,7914,2006,,,,,GLP,630629
19025537,86,7915,2006,,,,,GLP,630631
19032063,86,7916,2006,,,,,GLP,630639
19038589,86,7917,2006,,,,,GLP,630641
19045115,86,7918,2006,,,,,GLP,630649
19051641,86,7919,2006,,,,,GLP,630691
19058167,86,7920,2006,,,,,GLP,630699
19064693,86,7921,2006,,,,,GLP,630710
19071219,86,7922,2006,,,,,GLP,630720
19077745,86,7923,2006,,,,,GLP,630790
19084271,86,7924,2006,,,,,GLP,630800
19090797,86,7925,2006,,,,,GLP,630900
19097323,86,7926,2006,,,,,GLP,631010
19103849,86,7927,2006,,,,,GLP,631090
19110375,86,7928,2006,,,,,GLP,640110
19116901,86,7929,2006,,,,,GLP,640191
19123427,86,7930,2006,,,,,GLP,640192
19129953,86,7931,2006,,,,,GLP,640199
19136479,86,7932,2006,,,,,GLP,640211
19143005,86,7933,2006,,,,,GLP,640219
19149531,86,7934,2006,,,,,GLP,640220
19156057,86,7935,2006,,,,,GLP,640230
19162583,86,7936,2006,,,,,GLP,640291
19169109,86,7937,2006,,,,,GLP,640299
19175635,86,7938,2006,,,,,GLP,640311
19182161,86,7939,2006,,,,,GLP,640319
19188687,86,7940,2006,,,,,GLP,640320
19195213,86,7941,2006,,,,,GLP,640330
19201739,86,7942,2006,,,,,GLP,640340
19208265,86,7943,2006,,,,,GLP,640351
19214791,86,7944,2006,,,,,GLP,640359
19221317,86,7945,2006,,,,,GLP,640391
19227843,86,7946,2006,,,,,GLP,640399
19234369,86,7947,2006,,,,,GLP,640411
19240895,86,7948,2006,,,,,GLP,640419
19247421,86,7949,2006,,,,,GLP,640420
19253947,86,7950,2006,,,,,GLP,640510
19260473,86,7951,2006,,,,,GLP,640520
19266999,86,7952,2006,,,,,GLP,640590
19273525,86,7953,2006,,,,,GLP,640610
19280051,86,7954,2006,,,,,GLP,640620
19286577,86,7955,2006,,,,,GLP,640691
19293103,86,7956,2006,,,,,GLP,640699
19299629,86,7957,2006,,,,,GLP,650100
19306155,86,7958,2006,,,,,GLP,650200
19312681,86,7959,2006,,,,,GLP,650300
19319207,86,7960,2006,,,,,GLP,650400
19325733,86,7961,2006,,,,,GLP,650510
19332259,86,7962,2006,,,,,GLP,650590
19338785,86,7963,2006,,,,,GLP,650610
19345311,86,7964,2006,,,,,GLP,650691
19351837,86,7965,2006,,,,,GLP,650692
19358363,86,7966,2006,,,,,GLP,650699
19364889,86,7967,2006,,,,,GLP,650700
19371415,86,7968,2006,,,,,GLP,660110
19377941,86,7969,2006,,,,,GLP,660191
19384467,86,7970,2006,,,,,GLP,660199
19390993,86,7971,2006,,,,,GLP,660200
19397519,86,7972,2006,,,,,GLP,660310
19404045,86,7973,2006,,,,,GLP,660320
19410571,86,7974,2006,,,,,GLP,660390
19417097,86,7975,2006,,,,,GLP,670100
19423623,86,7976,2006,,,,,GLP,670210
19430149,86,7977,2006,,,,,GLP,670290
19436675,86,7978,2006,,,,,GLP,670300
19443201,86,7979,2006,,,,,GLP,670411
19449727,86,7980,2006,,,,,GLP,670419
19456253,86,7981,2006,,,,,GLP,670420
19462779,86,7982,2006,,,,,GLP,670490
19469305,86,7983,2006,,,,,GLP,680100
19475831,86,7984,2006,,,,,GLP,680210
19482357,86,7985,2006,,,,,GLP,680221
19488883,86,7986,2006,,,,,GLP,680222
19495409,86,7987,2006,,,,,GLP,680223
19501935,86,7988,2006,,,,,GLP,680229
19508461,86,7989,2006,,,,,GLP,680291
19514987,86,7990,2006,,,,,GLP,680292
19521513,86,7991,2006,,,,,GLP,680293
19528039,86,7992,2006,,,,,GLP,680299
19534565,86,7993,2006,,,,,GLP,680300
19541091,86,7994,2006,,,,,GLP,680410
19547617,86,7995,2006,,,,,GLP,680421
19554143,86,7996,2006,,,,,GLP,680422
19560669,86,7997,2006,,,,,GLP,680423
19567195,86,7998,2006,,,,,GLP,680430
19573721,86,7999,2006,,,,,GLP,680510
19580247,86,8000,2006,,,,,GLP,680520
19586773,86,8001,2006,,,,,GLP,680530
19593299,86,8002,2006,,,,,GLP,680610
19599825,86,8003,2006,,,,,GLP,680620
19606351,86,8004,2006,,,,,GLP,680690
19612877,86,8005,2006,,,,,GLP,680710
19619403,86,8006,2006,,,,,GLP,680790
19625929,86,8007,2006,,,,,GLP,680800
19632455,86,8008,2006,,,,,GLP,680911
19638981,86,8009,2006,,,,,GLP,680919
19645507,86,8010,2006,,,,,GLP,680990
19652033,86,8011,2006,,,,,GLP,681011
19658559,86,8012,2006,,,,,GLP,681019
19665085,86,8013,2006,,,,,GLP,681020
19671611,86,8014,2006,,,,,GLP,681091
19678137,86,8015,2006,,,,,GLP,681099
19684663,86,8016,2006,,,,,GLP,681110
19691189,86,8017,2006,,,,,GLP,681120
19697715,86,8018,2006,,,,,GLP,681130
19704241,86,8019,2006,,,,,GLP,681190
19710767,86,8020,2006,,,,,GLP,681210
19717293,86,8021,2006,,,,,GLP,681220
19723819,86,8022,2006,,,,,GLP,681230
19730345,86,8023,2006,,,,,GLP,681240
19736871,86,8024,2006,,,,,GLP,681250
19743397,86,8025,2006,,,,,GLP,681260
19749923,86,8026,2006,,,,,GLP,681270
19756449,86,8027,2006,,,,,GLP,681290
19762975,86,8028,2006,,,,,GLP,681310
19769501,86,8029,2006,,,,,GLP,681390
19776027,86,8030,2006,,,,,GLP,681410
19782553,86,8031,2006,,,,,GLP,681490
19789079,86,8032,2006,,,,,GLP,681510
19795605,86,8033,2006,,,,,GLP,681520
19802131,86,8034,2006,,,,,GLP,681591
19808657,86,8035,2006,,,,,GLP,681599
19815183,86,8036,2006,,,,,GLP,690100
19821709,86,8037,2006,,,,,GLP,690210
19828235,86,8038,2006,,,,,GLP,690220
19834761,86,8039,2006,,,,,GLP,690290
19841287,86,8040,2006,,,,,GLP,690310
19847813,86,8041,2006,,,,,GLP,690320
19854339,86,8042,2006,,,,,GLP,690390
19860865,86,8043,2006,,,,,GLP,690410
19867391,86,8044,2006,,,,,GLP,690490
19873917,86,8045,2006,,,,,GLP,690510
19880443,86,8046,2006,,,,,GLP,690590
19886969,86,8047,2006,,,,,GLP,690600
19893495,86,8048,2006,,,,,GLP,690710
19900021,86,8049,2006,,,,,GLP,690790
19906547,86,8050,2006,,,,,GLP,690810
19913073,86,8051,2006,,,,,GLP,690890
19919599,86,8052,2006,,,,,GLP,690911
19926125,86,8053,2006,,,,,GLP,690919
19932651,86,8054,2006,,,,,GLP,690990
19939177,86,8055,2006,,,,,GLP,691010
19945703,86,8056,2006,,,,,GLP,691090
19952229,86,8057,2006,,,,,GLP,691110
19958755,86,8058,2006,,,,,GLP,691190
19965281,86,8059,2006,,,,,GLP,691200
19971807,86,8060,2006,,,,,GLP,691310
19978333,86,8061,2006,,,,,GLP,691390
19984859,86,8062,2006,,,,,GLP,691410
19991385,86,8063,2006,,,,,GLP,691490
19997911,86,8064,2006,,,,,GLP,700100
20004437,86,8065,2006,,,,,GLP,700210
20010963,86,8066,2006,,,,,GLP,700220
20017489,86,8067,2006,,,,,GLP,700231
20024015,86,8068,2006,,,,,GLP,700232
20030541,86,8069,2006,,,,,GLP,700239
20037067,86,8070,2006,,,,,GLP,700311
20043593,86,8071,2006,,,,,GLP,700319
20050119,86,8072,2006,,,,,GLP,700320
20056645,86,8073,2006,,,,,GLP,700330
20063171,86,8074,2006,,,,,GLP,700410
20069697,86,8075,2006,,,,,GLP,700490
20076223,86,8076,2006,,,,,GLP,700510
20082749,86,8077,2006,,,,,GLP,700521
20089275,86,8078,2006,,,,,GLP,700529
20095801,86,8079,2006,,,,,GLP,700530
20102327,86,8080,2006,,,,,GLP,700600
20108853,86,8081,2006,,,,,GLP,700711
20115379,86,8082,2006,,,,,GLP,700719
20121905,86,8083,2006,,,,,GLP,700721
20128431,86,8084,2006,,,,,GLP,700729
20134957,86,8085,2006,,,,,GLP,700800
20141483,86,8086,2006,,,,,GLP,700910
20148009,86,8087,2006,,,,,GLP,700991
20154535,86,8088,2006,,,,,GLP,700992
20161061,86,8089,2006,,,,,GLP,701010
20167587,86,8090,2006,,,,,GLP,701090
20174113,86,8091,2006,,,,,GLP,701110
20180639,86,8092,2006,,,,,GLP,701120
20187165,86,8093,2006,,,,,GLP,701190
20193691,86,8094,2006,,,,,GLP,701200
20200217,86,8095,2006,,,,,GLP,701310
20206743,86,8096,2006,,,,,GLP,701321
20213269,86,8097,2006,,,,,GLP,701329
20219795,86,8098,2006,,,,,GLP,701331
20226321,86,8099,2006,,,,,GLP,701332
20232847,86,8100,2006,,,,,GLP,701339
20239373,86,8101,2006,,,,,GLP,701391
20245899,86,8102,2006,,,,,GLP,701399
20252425,86,8103,2006,,,,,GLP,701400
20258951,86,8104,2006,,,,,GLP,701510
20265477,86,8105,2006,,,,,GLP,701590
20272003,86,8106,2006,,,,,GLP,701610
20278529,86,8107,2006,,,,,GLP,701690
20285055,86,8108,2006,,,,,GLP,701710
20291581,86,8109,2006,,,,,GLP,701720
20298107,86,8110,2006,,,,,GLP,701790
20304633,86,8111,2006,,,,,GLP,701810
20311159,86,8112,2006,,,,,GLP,701820
20317685,86,8113,2006,,,,,GLP,701890
20324211,86,8114,2006,,,,,GLP,701910
20330737,86,8115,2006,,,,,GLP,701920
20337263,86,8116,2006,,,,,GLP,701931
20343789,86,8117,2006,,,,,GLP,701932
20350315,86,8118,2006,,,,,GLP,701939
20356841,86,8119,2006,,,,,GLP,701990
20363367,86,8120,2006,,,,,GLP,702000
20369893,86,8121,2006,,,,,GLP,710110
20376419,86,8122,2006,,,,,GLP,710121
20382945,86,8123,2006,,,,,GLP,710122
20389471,86,8124,2006,,,,,GLP,710210
20395997,86,8125,2006,,,,,GLP,710221
20402523,86,8126,2006,,,,,GLP,710229
20409049,86,8127,2006,,,,,GLP,710231
20415575,86,8128,2006,,,,,GLP,710239
20422101,86,8129,2006,,,,,GLP,710310
20428627,86,8130,2006,,,,,GLP,710391
20435153,86,8131,2006,,,,,GLP,710399
20441679,86,8132,2006,,,,,GLP,710410
20448205,86,8133,2006,,,,,GLP,710420
20454731,86,8134,2006,,,,,GLP,710490
20461257,86,8135,2006,,,,,GLP,710510
20467783,86,8136,2006,,,,,GLP,710590
20474309,86,8137,2006,,,,,GLP,710610
20480835,86,8138,2006,,,,,GLP,710691
20487361,86,8139,2006,,,,,GLP,710692
20493887,86,8140,2006,,,,,GLP,710700
20500413,86,8141,2006,,,,,GLP,710811
20506939,86,8142,2006,,,,,GLP,710812
20513465,86,8143,2006,,,,,GLP,710813
20519991,86,8144,2006,,,,,GLP,710900
20526517,86,8145,2006,,,,,GLP,711011
20533043,86,8146,2006,,,,,GLP,711019
20539569,86,8147,2006,,,,,GLP,711021
20546095,86,8148,2006,,,,,GLP,711029
20552621,86,8149,2006,,,,,GLP,711031
20559147,86,8150,2006,,,,,GLP,711039
20565673,86,8151,2006,,,,,GLP,711041
20572199,86,8152,2006,,,,,GLP,711049
20578725,86,8153,2006,,,,,GLP,711100
20585251,86,8154,2006,,,,,GLP,711210
20591777,86,8155,2006,,,,,GLP,711220
20598303,86,8156,2006,,,,,GLP,711290
20604829,86,8157,2006,,,,,GLP,711311
20611355,86,8158,2006,,,,,GLP,711319
20617881,86,8159,2006,,,,,GLP,711320
20624407,86,8160,2006,,,,,GLP,711411
20630933,86,8161,2006,,,,,GLP,711419
20637459,86,8162,2006,,,,,GLP,711420
20643985,86,8163,2006,,,,,GLP,711510
20650511,86,8164,2006,,,,,GLP,711590
20657037,86,8165,2006,,,,,GLP,711610
20663563,86,8166,2006,,,,,GLP,711620
20670089,86,8167,2006,,,,,GLP,711711
20676615,86,8168,2006,,,,,GLP,711719
20683141,86,8169,2006,,,,,GLP,711790
20689667,86,8170,2006,,,,,GLP,711810
20696193,86,8171,2006,,,,,GLP,720110
20702719,86,8172,2006,,,,,GLP,720120
20709245,86,8173,2006,,,,,GLP,720130
20715771,86,8174,2006,,,,,GLP,720140
20722297,86,8175,2006,,,,,GLP,720211
20728823,86,8176,2006,,,,,GLP,720219
20735349,86,8177,2006,,,,,GLP,720221
20741875,86,8178,2006,,,,,GLP,720229
20748401,86,8179,2006,,,,,GLP,720230
20754927,86,8180,2006,,,,,GLP,720241
20761453,86,8181,2006,,,,,GLP,720249
20767979,86,8182,2006,,,,,GLP,720250
20774505,86,8183,2006,,,,,GLP,720260
20781031,86,8184,2006,,,,,GLP,720270
20787557,86,8185,2006,,,,,GLP,720280
20794083,86,8186,2006,,,,,GLP,720291
20800609,86,8187,2006,,,,,GLP,720292
20807135,86,8188,2006,,,,,GLP,720293
20813661,86,8189,2006,,,,,GLP,720299
20820187,86,8190,2006,,,,,GLP,720310
20826713,86,8191,2006,,,,,GLP,720390
20833239,86,8192,2006,,,,,GLP,720410
20839765,86,8193,2006,,,,,GLP,720421
20846291,86,8194,2006,,,,,GLP,720429
20852817,86,8195,2006,,,,,GLP,720430
20859343,86,8196,2006,,,,,GLP,720441
20865869,86,8197,2006,,,,,GLP,720449
20872395,86,8198,2006,,,,,GLP,720450
20878921,86,8199,2006,,,,,GLP,720510
20885447,86,8200,2006,,,,,GLP,720521
20891973,86,8201,2006,,,,,GLP,720529
20898499,86,8202,2006,,,,,GLP,720610
20905025,86,8203,2006,,,,,GLP,720690
20911551,86,8204,2006,,,,,GLP,720711
20918077,86,8205,2006,,,,,GLP,720712
20924603,86,8206,2006,,,,,GLP,720719
20931129,86,8207,2006,,,,,GLP,720720
20937655,86,8208,2006,,,,,GLP,720811
20944181,86,8209,2006,,,,,GLP,720812
20950707,86,8210,2006,,,,,GLP,720813
20957233,86,8211,2006,,,,,GLP,720814
20963759,86,8212,2006,,,,,GLP,720821
20970285,86,8213,2006,,,,,GLP,720822
20976811,86,8214,2006,,,,,GLP,720823
20983337,86,8215,2006,,,,,GLP,720824
20989863,86,8216,2006,,,,,GLP,720831
20996389,86,8217,2006,,,,,GLP,720832
21002915,86,8218,2006,,,,,GLP,720833
21009441,86,8219,2006,,,,,GLP,720834
21015967,86,8220,2006,,,,,GLP,720835
21022493,86,8221,2006,,,,,GLP,720841
21029019,86,8222,2006,,,,,GLP,720842
21035545,86,8223,2006,,,,,GLP,720843
21042071,86,8224,2006,,,,,GLP,720844
21048597,86,8225,2006,,,,,GLP,720845
21055123,86,8226,2006,,,,,GLP,720890
21061649,86,8227,2006,,,,,GLP,720911
21068175,86,8228,2006,,,,,GLP,720912
21074701,86,8229,2006,,,,,GLP,720913
21081227,86,8230,2006,,,,,GLP,720914
21087753,86,8231,2006,,,,,GLP,720921
21094279,86,8232,2006,,,,,GLP,720922
21100805,86,8233,2006,,,,,GLP,720923
21107331,86,8234,2006,,,,,GLP,720924
21113857,86,8235,2006,,,,,GLP,720931
21120383,86,8236,2006,,,,,GLP,720932
21126909,86,8237,2006,,,,,GLP,720933
21133435,86,8238,2006,,,,,GLP,720934
21139961,86,8239,2006,,,,,GLP,720941
21146487,86,8240,2006,,,,,GLP,720942
21153013,86,8241,2006,,,,,GLP,720943
21159539,86,8242,2006,,,,,GLP,720944
21166065,86,8243,2006,,,,,GLP,720990
21172591,86,8244,2006,,,,,GLP,721011
21179117,86,8245,2006,,,,,GLP,721012
21185643,86,8246,2006,,,,,GLP,721020
21192169,86,8247,2006,,,,,GLP,721031
21198695,86,8248,2006,,,,,GLP,721039
21205221,86,8249,2006,,,,,GLP,721041
21211747,86,8250,2006,,,,,GLP,721049
21218273,86,8251,2006,,,,,GLP,721050
21224799,86,8252,2006,,,,,GLP,721060
21231325,86,8253,2006,,,,,GLP,721070
21237851,86,8254,2006,,,,,GLP,721090
21244377,86,8255,2006,,,,,GLP,721111
21250903,86,8256,2006,,,,,GLP,721112
21257429,86,8257,2006,,,,,GLP,721119
21263955,86,8258,2006,,,,,GLP,721121
21270481,86,8259,2006,,,,,GLP,721122
21277007,86,8260,2006,,,,,GLP,721129
21283533,86,8261,2006,,,,,GLP,721130
21290059,86,8262,2006,,,,,GLP,721141
21296585,86,8263,2006,,,,,GLP,721149
21303111,86,8264,2006,,,,,GLP,721190
21309637,86,8265,2006,,,,,GLP,721210
21316163,86,8266,2006,,,,,GLP,721221
21322689,86,8267,2006,,,,,GLP,721229
21329215,86,8268,2006,,,,,GLP,721230
21335741,86,8269,2006,,,,,GLP,721240
21342267,86,8270,2006,,,,,GLP,721250
21348793,86,8271,2006,,,,,GLP,721260
21355319,86,8272,2006,,,,,GLP,721310
21361845,86,8273,2006,,,,,GLP,721320
21368371,86,8274,2006,,,,,GLP,721331
21374897,86,8275,2006,,,,,GLP,721339
21381423,86,8276,2006,,,,,GLP,721341
21387949,86,8277,2006,,,,,GLP,721349
21394475,86,8278,2006,,,,,GLP,721350
21401001,86,8279,2006,,,,,GLP,721410
21407527,86,8280,2006,,,,,GLP,721420
21414053,86,8281,2006,,,,,GLP,721430
21420579,86,8282,2006,,,,,GLP,721440
21427105,86,8283,2006,,,,,GLP,721450
21433631,86,8284,2006,,,,,GLP,721460
21440157,86,8285,2006,,,,,GLP,721510
21446683,86,8286,2006,,,,,GLP,721520
21453209,86,8287,2006,,,,,GLP,721530
21459735,86,8288,2006,,,,,GLP,721540
21466261,86,8289,2006,,,,,GLP,721590
21472787,86,8290,2006,,,,,GLP,721610
21479313,86,8291,2006,,,,,GLP,721621
21485839,86,8292,2006,,,,,GLP,721622
21492365,86,8293,2006,,,,,GLP,721631
21498891,86,8294,2006,,,,,GLP,721632
21505417,86,8295,2006,,,,,GLP,721633
21511943,86,8296,2006,,,,,GLP,721640
21518469,86,8297,2006,,,,,GLP,721650
21524995,86,8298,2006,,,,,GLP,721660
21531521,86,8299,2006,,,,,GLP,721690
21538047,86,8300,2006,,,,,GLP,721711
21544573,86,8301,2006,,,,,GLP,721712
21551099,86,8302,2006,,,,,GLP,721713
21557625,86,8303,2006,,,,,GLP,721719
21564151,86,8304,2006,,,,,GLP,721721
21570677,86,8305,2006,,,,,GLP,721722
21577203,86,8306,2006,,,,,GLP,721723
21583729,86,8307,2006,,,,,GLP,721729
21590255,86,8308,2006,,,,,GLP,721731
21596781,86,8309,2006,,,,,GLP,721732
21603307,86,8310,2006,,,,,GLP,721733
21609833,86,8311,2006,,,,,GLP,721739
21616359,86,8312,2006,,,,,GLP,721810
21622885,86,8313,2006,,,,,GLP,721890
21629411,86,8314,2006,,,,,GLP,721911
21635937,86,8315,2006,,,,,GLP,721912
21642463,86,8316,2006,,,,,GLP,721913
21648989,86,8317,2006,,,,,GLP,721914
21655515,86,8318,2006,,,,,GLP,721921
21662041,86,8319,2006,,,,,GLP,721922
21668567,86,8320,2006,,,,,GLP,721923
21675093,86,8321,2006,,,,,GLP,721924
21681619,86,8322,2006,,,,,GLP,721931
21688145,86,8323,2006,,,,,GLP,721932
21694671,86,8324,2006,,,,,GLP,721933
21701197,86,8325,2006,,,,,GLP,721934
21707723,86,8326,2006,,,,,GLP,721935
21714249,86,8327,2006,,,,,GLP,721990
21720775,86,8328,2006,,,,,GLP,722011
21727301,86,8329,2006,,,,,GLP,722012
21733827,86,8330,2006,,,,,GLP,722020
21740353,86,8331,2006,,,,,GLP,722090
21746879,86,8332,2006,,,,,GLP,722100
21753405,86,8333,2006,,,,,GLP,722210
21759931,86,8334,2006,,,,,GLP,722220
21766457,86,8335,2006,,,,,GLP,722230
21772983,86,8336,2006,,,,,GLP,722240
21779509,86,8337,2006,,,,,GLP,722300
21786035,86,8338,2006,,,,,GLP,722410
21792561,86,8339,2006,,,,,GLP,722490
21799087,86,8340,2006,,,,,GLP,722510
21805613,86,8341,2006,,,,,GLP,722520
21812139,86,8342,2006,,,,,GLP,722530
21818665,86,8343,2006,,,,,GLP,722540
21825191,86,8344,2006,,,,,GLP,722550
21831717,86,8345,2006,,,,,GLP,722590
21838243,86,8346,2006,,,,,GLP,722610
21844769,86,8347,2006,,,,,GLP,722620
21851295,86,8348,2006,,,,,GLP,722691
21857821,86,8349,2006,,,,,GLP,722692
21864347,86,8350,2006,,,,,GLP,722699
21870873,86,8351,2006,,,,,GLP,722710
21877399,86,8352,2006,,,,,GLP,722720
21883925,86,8353,2006,,,,,GLP,722790
21890451,86,8354,2006,,,,,GLP,722810
21896977,86,8355,2006,,,,,GLP,722820
21903503,86,8356,2006,,,,,GLP,722830
21910029,86,8357,2006,,,,,GLP,722840
21916555,86,8358,2006,,,,,GLP,722850
21923081,86,8359,2006,,,,,GLP,722860
21929607,86,8360,2006,,,,,GLP,722870
21936133,86,8361,2006,,,,,GLP,722880
21942659,86,8362,2006,,,,,GLP,722910
21949185,86,8363,2006,,,,,GLP,722920
21955711,86,8364,2006,,,,,GLP,722990
21962237,86,8365,2006,,,,,GLP,730110
21968763,86,8366,2006,,,,,GLP,730120
21975289,86,8367,2006,,,,,GLP,730210
21981815,86,8368,2006,,,,,GLP,730220
21988341,86,8369,2006,,,,,GLP,730230
21994867,86,8370,2006,,,,,GLP,730240
22001393,86,8371,2006,,,,,GLP,730290
22007919,86,8372,2006,,,,,GLP,730300
22014445,86,8373,2006,,,,,GLP,730410
22020971,86,8374,2006,,,,,GLP,730420
22027497,86,8375,2006,,,,,GLP,730431
22034023,86,8376,2006,,,,,GLP,730439
22040549,86,8377,2006,,,,,GLP,730441
22047075,86,8378,2006,,,,,GLP,730449
22053601,86,8379,2006,,,,,GLP,730451
22060127,86,8380,2006,,,,,GLP,730459
22066653,86,8381,2006,,,,,GLP,730490
22073179,86,8382,2006,,,,,GLP,730511
22079705,86,8383,2006,,,,,GLP,730512
22086231,86,8384,2006,,,,,GLP,730519
22092757,86,8385,2006,,,,,GLP,730520
22099283,86,8386,2006,,,,,GLP,730531
22105809,86,8387,2006,,,,,GLP,730539
22112335,86,8388,2006,,,,,GLP,730590
22118861,86,8389,2006,,,,,GLP,730610
22125387,86,8390,2006,,,,,GLP,730620
22131913,86,8391,2006,,,,,GLP,730630
22138439,86,8392,2006,,,,,GLP,730640
22144965,86,8393,2006,,,,,GLP,730650
22151491,86,8394,2006,,,,,GLP,730660
22158017,86,8395,2006,,,,,GLP,730690
22164543,86,8396,2006,,,,,GLP,730711
22171069,86,8397,2006,,,,,GLP,730719
22177595,86,8398,2006,,,,,GLP,730721
22184121,86,8399,2006,,,,,GLP,730722
22190647,86,8400,2006,,,,,GLP,730723
22197173,86,8401,2006,,,,,GLP,730729
22203699,86,8402,2006,,,,,GLP,730791
22210225,86,8403,2006,,,,,GLP,730792
22216751,86,8404,2006,,,,,GLP,730793
22223277,86,8405,2006,,,,,GLP,730799
22229803,86,8406,2006,,,,,GLP,730810
22236329,86,8407,2006,,,,,GLP,730820
22242855,86,8408,2006,,,,,GLP,730830
22249381,86,8409,2006,,,,,GLP,730840
22255907,86,8410,2006,,,,,GLP,730890
22262433,86,8411,2006,,,,,GLP,730900
22268959,86,8412,2006,,,,,GLP,731010
22275485,86,8413,2006,,,,,GLP,731021
22282011,86,8414,2006,,,,,GLP,731029
22288537,86,8415,2006,,,,,GLP,731100
22295063,86,8416,2006,,,,,GLP,731210
22301589,86,8417,2006,,,,,GLP,731290
22308115,86,8418,2006,,,,,GLP,731300
22314641,86,8419,2006,,,,,GLP,731411
22321167,86,8420,2006,,,,,GLP,731419
22327693,86,8421,2006,,,,,GLP,731420
22334219,86,8422,2006,,,,,GLP,731430
22340745,86,8423,2006,,,,,GLP,731441
22347271,86,8424,2006,,,,,GLP,731442
22353797,86,8425,2006,,,,,GLP,731449
22360323,86,8426,2006,,,,,GLP,731450
22366849,86,8427,2006,,,,,GLP,731511
22373375,86,8428,2006,,,,,GLP,731512
22379901,86,8429,2006,,,,,GLP,731519
22386427,86,8430,2006,,,,,GLP,731520
22392953,86,8431,2006,,,,,GLP,731581
22399479,86,8432,2006,,,,,GLP,731582
22406005,86,8433,2006,,,,,GLP,731589
22412531,86,8434,2006,,,,,GLP,731590
22419057,86,8435,2006,,,,,GLP,731600
22425583,86,8436,2006,,,,,GLP,731700
22432109,86,8437,2006,,,,,GLP,731811
22438635,86,8438,2006,,,,,GLP,731812
22445161,86,8439,2006,,,,,GLP,731813
22451687,86,8440,2006,,,,,GLP,731814
22458213,86,8441,2006,,,,,GLP,731815
22464739,86,8442,2006,,,,,GLP,731816
22471265,86,8443,2006,,,,,GLP,731819
22477791,86,8444,2006,,,,,GLP,731821
22484317,86,8445,2006,,,,,GLP,731822
22490843,86,8446,2006,,,,,GLP,731823
22497369,86,8447,2006,,,,,GLP,731824
22503895,86,8448,2006,,,,,GLP,731829
22510421,86,8449,2006,,,,,GLP,731910
22516947,86,8450,2006,,,,,GLP,731920
22523473,86,8451,2006,,,,,GLP,731930
22529999,86,8452,2006,,,,,GLP,731990
22536525,86,8453,2006,,,,,GLP,732010
22543051,86,8454,2006,,,,,GLP,732020
22549577,86,8455,2006,,,,,GLP,732090
22556103,86,8456,2006,,,,,GLP,732111
22562629,86,8457,2006,,,,,GLP,732112
22569155,86,8458,2006,,,,,GLP,732113
22575681,86,8459,2006,,,,,GLP,732181
22582207,86,8460,2006,,,,,GLP,732182
22588733,86,8461,2006,,,,,GLP,732183
22595259,86,8462,2006,,,,,GLP,732190
22601785,86,8463,2006,,,,,GLP,732211
22608311,86,8464,2006,,,,,GLP,732219
22614837,86,8465,2006,,,,,GLP,732290
22621363,86,8466,2006,,,,,GLP,732310
22627889,86,8467,2006,,,,,GLP,732391
22634415,86,8468,2006,,,,,GLP,732392
22640941,86,8469,2006,,,,,GLP,732393
22647467,86,8470,2006,,,,,GLP,732394
22653993,86,8471,2006,,,,,GLP,732399
22660519,86,8472,2006,,,,,GLP,732410
22667045,86,8473,2006,,,,,GLP,732421
22673571,86,8474,2006,,,,,GLP,732429
22680097,86,8475,2006,,,,,GLP,732490
22686623,86,8476,2006,,,,,GLP,732510
22693149,86,8477,2006,,,,,GLP,732591
22699675,86,8478,2006,,,,,GLP,732599
22706201,86,8479,2006,,,,,GLP,732611
22712727,86,8480,2006,,,,,GLP,732619
22719253,86,8481,2006,,,,,GLP,732620
22725779,86,8482,2006,,,,,GLP,732690
22732305,86,8483,2006,,,,,GLP,740110
22738831,86,8484,2006,,,,,GLP,740120
22745357,86,8485,2006,,,,,GLP,740200
22751883,86,8486,2006,,,,,GLP,740311
22758409,86,8487,2006,,,,,GLP,740312
22764935,86,8488,2006,,,,,GLP,740313
22771461,86,8489,2006,,,,,GLP,740319
22777987,86,8490,2006,,,,,GLP,740321
22784513,86,8491,2006,,,,,GLP,740322
22791039,86,8492,2006,,,,,GLP,740323
22797565,86,8493,2006,,,,,GLP,740329
22804091,86,8494,2006,,,,,GLP,740400
22810617,86,8495,2006,,,,,GLP,740500
22817143,86,8496,2006,,,,,GLP,740610
22823669,86,8497,2006,,,,,GLP,740620
22830195,86,8498,2006,,,,,GLP,740710
22836721,86,8499,2006,,,,,GLP,740721
22843247,86,8500,2006,,,,,GLP,740722
22849773,86,8501,2006,,,,,GLP,740729
22856299,86,8502,2006,,,,,GLP,740811
22862825,86,8503,2006,,,,,GLP,740819
22869351,86,8504,2006,,,,,GLP,740821
22875877,86,8505,2006,,,,,GLP,740822
22882403,86,8506,2006,,,,,GLP,740829
22888929,86,8507,2006,,,,,GLP,740911
22895455,86,8508,2006,,,,,GLP,740919
22901981,86,8509,2006,,,,,GLP,740921
22908507,86,8510,2006,,,,,GLP,740929
22915033,86,8511,2006,,,,,GLP,740931
22921559,86,8512,2006,,,,,GLP,740939
22928085,86,8513,2006,,,,,GLP,740940
22934611,86,8514,2006,,,,,GLP,740990
22941137,86,8515,2006,,,,,GLP,741011
22947663,86,8516,2006,,,,,GLP,741012
22954189,86,8517,2006,,,,,GLP,741021
22960715,86,8518,2006,,,,,GLP,741022
22967241,86,8519,2006,,,,,GLP,741110
22973767,86,8520,2006,,,,,GLP,741121
22980293,86,8521,2006,,,,,GLP,741122
22986819,86,8522,2006,,,,,GLP,741129
22993345,86,8523,2006,,,,,GLP,741210
22999871,86,8524,2006,,,,,GLP,741220
23006397,86,8525,2006,,,,,GLP,741300
23012923,86,8526,2006,,,,,GLP,741410
23019449,86,8527,2006,,,,,GLP,741490
23025975,86,8528,2006,,,,,GLP,741510
23032501,86,8529,2006,,,,,GLP,741521
23039027,86,8530,2006,,,,,GLP,741529
23045553,86,8531,2006,,,,,GLP,741531
23052079,86,8532,2006,,,,,GLP,741532
23058605,86,8533,2006,,,,,GLP,741539
23065131,86,8534,2006,,,,,GLP,741600
23071657,86,8535,2006,,,,,GLP,741700
23078183,86,8536,2006,,,,,GLP,741810
23084709,86,8537,2006,,,,,GLP,741820
23091235,86,8538,2006,,,,,GLP,741910
23097761,86,8539,2006,,,,,GLP,741991
23104287,86,8540,2006,,,,,GLP,741999
23110813,86,8541,2006,,,,,GLP,750110
23117339,86,8542,2006,,,,,GLP,750120
23123865,86,8543,2006,,,,,GLP,750210
23130391,86,8544,2006,,,,,GLP,750220
23136917,86,8545,2006,,,,,GLP,750300
23143443,86,8546,2006,,,,,GLP,750400
23149969,86,8547,2006,,,,,GLP,750511
23156495,86,8548,2006,,,,,GLP,750512
23163021,86,8549,2006,,,,,GLP,750521
23169547,86,8550,2006,,,,,GLP,750522
23176073,86,8551,2006,,,,,GLP,750610
23182599,86,8552,2006,,,,,GLP,750620
23189125,86,8553,2006,,,,,GLP,750711
23195651,86,8554,2006,,,,,GLP,750712
23202177,86,8555,2006,,,,,GLP,750720
23208703,86,8556,2006,,,,,GLP,750800
23215229,86,8557,2006,,,,,GLP,760110
23221755,86,8558,2006,,,,,GLP,760120
23228281,86,8559,2006,,,,,GLP,760200
23234807,86,8560,2006,,,,,GLP,760310
23241333,86,8561,2006,,,,,GLP,760320
23247859,86,8562,2006,,,,,GLP,760410
23254385,86,8563,2006,,,,,GLP,760421
23260911,86,8564,2006,,,,,GLP,760429
23267437,86,8565,2006,,,,,GLP,760511
23273963,86,8566,2006,,,,,GLP,760519
23280489,86,8567,2006,,,,,GLP,760521
23287015,86,8568,2006,,,,,GLP,760529
23293541,86,8569,2006,,,,,GLP,760611
23300067,86,8570,2006,,,,,GLP,760612
23306593,86,8571,2006,,,,,GLP,760691
23313119,86,8572,2006,,,,,GLP,760692
23319645,86,8573,2006,,,,,GLP,760711
23326171,86,8574,2006,,,,,GLP,760719
23332697,86,8575,2006,,,,,GLP,760720
23339223,86,8576,2006,,,,,GLP,760810
23345749,86,8577,2006,,,,,GLP,760820
23352275,86,8578,2006,,,,,GLP,760900
23358801,86,8579,2006,,,,,GLP,761010
23365327,86,8580,2006,,,,,GLP,761090
23371853,86,8581,2006,,,,,GLP,761100
23378379,86,8582,2006,,,,,GLP,761210
23384905,86,8583,2006,,,,,GLP,761290
23391431,86,8584,2006,,,,,GLP,761300
23397957,86,8585,2006,,,,,GLP,761410
23404483,86,8586,2006,,,,,GLP,761490
23411009,86,8587,2006,,,,,GLP,761510
23417535,86,8588,2006,,,,,GLP,761520
23424061,86,8589,2006,,,,,GLP,761610
23430587,86,8590,2006,,,,,GLP,761690
23437113,86,8591,2006,,,,,GLP,780110
23443639,86,8592,2006,,,,,GLP,780191
23450165,86,8593,2006,,,,,GLP,780199
23456691,86,8594,2006,,,,,GLP,780200
23463217,86,8595,2006,,,,,GLP,780300
23469743,86,8596,2006,,,,,GLP,780411
23476269,86,8597,2006,,,,,GLP,780419
23482795,86,8598,2006,,,,,GLP,780420
23489321,86,8599,2006,,,,,GLP,780500
23495847,86,8600,2006,,,,,GLP,780600
23502373,86,8601,2006,,,,,GLP,790111
23508899,86,8602,2006,,,,,GLP,790112
23515425,86,8603,2006,,,,,GLP,790120
23521951,86,8604,2006,,,,,GLP,790200
23528477,86,8605,2006,,,,,GLP,790310
23535003,86,8606,2006,,,,,GLP,790390
23541529,86,8607,2006,,,,,GLP,790400
23548055,86,8608,2006,,,,,GLP,790500
23554581,86,8609,2006,,,,,GLP,790600
23561107,86,8610,2006,,,,,GLP,790710
23567633,86,8611,2006,,,,,GLP,790790
23574159,86,8612,2006,,,,,GLP,800110
23580685,86,8613,2006,,,,,GLP,800120
23587211,86,8614,2006,,,,,GLP,800200
23593737,86,8615,2006,,,,,GLP,800300
23600263,86,8616,2006,,,,,GLP,800400
23606789,86,8617,2006,,,,,GLP,800510
23613315,86,8618,2006,,,,,GLP,800520
23619841,86,8619,2006,,,,,GLP,800600
23626367,86,8620,2006,,,,,GLP,800700
23632893,86,8621,2006,,,,,GLP,810110
23639419,86,8622,2006,,,,,GLP,810191
23645945,86,8623,2006,,,,,GLP,810192
23652471,86,8624,2006,,,,,GLP,810193
23658997,86,8625,2006,,,,,GLP,810199
23665523,86,8626,2006,,,,,GLP,810210
23672049,86,8627,2006,,,,,GLP,810291
23678575,86,8628,2006,,,,,GLP,810292
23685101,86,8629,2006,,,,,GLP,810293
23691627,86,8630,2006,,,,,GLP,810299
23698153,86,8631,2006,,,,,GLP,810310
23704679,86,8632,2006,,,,,GLP,810390
23711205,86,8633,2006,,,,,GLP,810411
23717731,86,8634,2006,,,,,GLP,810419
23724257,86,8635,2006,,,,,GLP,810420
23730783,86,8636,2006,,,,,GLP,810430
23737309,86,8637,2006,,,,,GLP,810490
23743835,86,8638,2006,,,,,GLP,810510
23750361,86,8639,2006,,,,,GLP,810590
23756887,86,8640,2006,,,,,GLP,810600
23763413,86,8641,2006,,,,,GLP,810710
23769939,86,8642,2006,,,,,GLP,810790
23776465,86,8643,2006,,,,,GLP,810810
23782991,86,8644,2006,,,,,GLP,810890
23789517,86,8645,2006,,,,,GLP,810910
23796043,86,8646,2006,,,,,GLP,810990
23802569,86,8647,2006,,,,,GLP,811000
23809095,86,8648,2006,,,,,GLP,811100
23815621,86,8649,2006,,,,,GLP,811211
23822147,86,8650,2006,,,,,GLP,811219
23828673,86,8651,2006,,,,,GLP,811220
23835199,86,8652,2006,,,,,GLP,811230
23841725,86,8653,2006,,,,,GLP,811240
23848251,86,8654,2006,,,,,GLP,811291
23854777,86,8655,2006,,,,,GLP,811299
23861303,86,8656,2006,,,,,GLP,811300
23867829,86,8657,2006,,,,,GLP,820110
23874355,86,8658,2006,,,,,GLP,820120
23880881,86,8659,2006,,,,,GLP,820130
23887407,86,8660,2006,,,,,GLP,820140
23893933,86,8661,2006,,,,,GLP,820150
23900459,86,8662,2006,,,,,GLP,820160
23906985,86,8663,2006,,,,,GLP,820190
23913511,86,8664,2006,,,,,GLP,820210
23920037,86,8665,2006,,,,,GLP,820220
23926563,86,8666,2006,,,,,GLP,820231
23933089,86,8667,2006,,,,,GLP,820232
23939615,86,8668,2006,,,,,GLP,820240
23946141,86,8669,2006,,,,,GLP,820291
23952667,86,8670,2006,,,,,GLP,820299
23959193,86,8671,2006,,,,,GLP,820310
23965719,86,8672,2006,,,,,GLP,820320
23972245,86,8673,2006,,,,,GLP,820330
23978771,86,8674,2006,,,,,GLP,820340
23985297,86,8675,2006,,,,,GLP,820411
23991823,86,8676,2006,,,,,GLP,820412
23998349,86,8677,2006,,,,,GLP,820420
24004875,86,8678,2006,,,,,GLP,820510
24011401,86,8679,2006,,,,,GLP,820520
24017927,86,8680,2006,,,,,GLP,820530
24024453,86,8681,2006,,,,,GLP,820540
24030979,86,8682,2006,,,,,GLP,820551
24037505,86,8683,2006,,,,,GLP,820559
24044031,86,8684,2006,,,,,GLP,820560
24050557,86,8685,2006,,,,,GLP,820570
24057083,86,8686,2006,,,,,GLP,820580
24063609,86,8687,2006,,,,,GLP,820590
24070135,86,8688,2006,,,,,GLP,820600
24076661,86,8689,2006,,,,,GLP,820711
24083187,86,8690,2006,,,,,GLP,820712
24089713,86,8691,2006,,,,,GLP,820720
24096239,86,8692,2006,,,,,GLP,820730
24102765,86,8693,2006,,,,,GLP,820740
24109291,86,8694,2006,,,,,GLP,820750
24115817,86,8695,2006,,,,,GLP,820760
24122343,86,8696,2006,,,,,GLP,820770
24128869,86,8697,2006,,,,,GLP,820780
24135395,86,8698,2006,,,,,GLP,820790
24141921,86,8699,2006,,,,,GLP,820810
24148447,86,8700,2006,,,,,GLP,820820
24154973,86,8701,2006,,,,,GLP,820830
24161499,86,8702,2006,,,,,GLP,820840
24168025,86,8703,2006,,,,,GLP,820890
24174551,86,8704,2006,,,,,GLP,820900
24181077,86,8705,2006,,,,,GLP,821000
24187603,86,8706,2006,,,,,GLP,821110
24194129,86,8707,2006,,,,,GLP,821191
24200655,86,8708,2006,,,,,GLP,821192
24207181,86,8709,2006,,,,,GLP,821193
24213707,86,8710,2006,,,,,GLP,821194
24220233,86,8711,2006,,,,,GLP,821210
24226759,86,8712,2006,,,,,GLP,821220
24233285,86,8713,2006,,,,,GLP,821290
24239811,86,8714,2006,,,,,GLP,821300
24246337,86,8715,2006,,,,,GLP,821410
24252863,86,8716,2006,,,,,GLP,821420
24259389,86,8717,2006,,,,,GLP,821490
24265915,86,8718,2006,,,,,GLP,821510
24272441,86,8719,2006,,,,,GLP,821520
24278967,86,8720,2006,,,,,GLP,821591
24285493,86,8721,2006,,,,,GLP,821599
24292019,86,8722,2006,,,,,GLP,830110
24298545,86,8723,2006,,,,,GLP,830120
24305071,86,8724,2006,,,,,GLP,830130
24311597,86,8725,2006,,,,,GLP,830140
24318123,86,8726,2006,,,,,GLP,830150
24324649,86,8727,2006,,,,,GLP,830160
24331175,86,8728,2006,,,,,GLP,830170
24337701,86,8729,2006,,,,,GLP,830210
24344227,86,8730,2006,,,,,GLP,830220
24350753,86,8731,2006,,,,,GLP,830230
24357279,86,8732,2006,,,,,GLP,830241
24363805,86,8733,2006,,,,,GLP,830242
24370331,86,8734,2006,,,,,GLP,830249
24376857,86,8735,2006,,,,,GLP,830250
24383383,86,8736,2006,,,,,GLP,830260
24389909,86,8737,2006,,,,,GLP,830300
24396435,86,8738,2006,,,,,GLP,830400
24402961,86,8739,2006,,,,,GLP,830510
24409487,86,8740,2006,,,,,GLP,830520
24416013,86,8741,2006,,,,,GLP,830590
24422539,86,8742,2006,,,,,GLP,830610
24429065,86,8743,2006,,,,,GLP,830621
24435591,86,8744,2006,,,,,GLP,830629
24442117,86,8745,2006,,,,,GLP,830630
24448643,86,8746,2006,,,,,GLP,830710
24455169,86,8747,2006,,,,,GLP,830790
24461695,86,8748,2006,,,,,GLP,830810
24468221,86,8749,2006,,,,,GLP,830820
24474747,86,8750,2006,,,,,GLP,830890
24481273,86,8751,2006,,,,,GLP,830910
24487799,86,8752,2006,,,,,GLP,830990
24494325,86,8753,2006,,,,,GLP,831000
24500851,86,8754,2006,,,,,GLP,831110
24507377,86,8755,2006,,,,,GLP,831120
24513903,86,8756,2006,,,,,GLP,831130
24520429,86,8757,2006,,,,,GLP,831190
24526955,86,8758,2006,,,,,GLP,840110
24533481,86,8759,2006,,,,,GLP,840120
24540007,86,8760,2006,,,,,GLP,840130
24546533,86,8761,2006,,,,,GLP,840140
24553059,86,8762,2006,,,,,GLP,840211
24559585,86,8763,2006,,,,,GLP,840212
24566111,86,8764,2006,,,,,GLP,840219
24572637,86,8765,2006,,,,,GLP,840220
24579163,86,8766,2006,,,,,GLP,840290
24585689,86,8767,2006,,,,,GLP,840310
24592215,86,8768,2006,,,,,GLP,840390
24598741,86,8769,2006,,,,,GLP,840410
24605267,86,8770,2006,,,,,GLP,840420
24611793,86,8771,2006,,,,,GLP,840490
24618319,86,8772,2006,,,,,GLP,840510
24624845,86,8773,2006,,,,,GLP,840590
24631371,86,8774,2006,,,,,GLP,840611
24637897,86,8775,2006,,,,,GLP,840619
24644423,86,8776,2006,,,,,GLP,840690
24650949,86,8777,2006,,,,,GLP,840710
24657475,86,8778,2006,,,,,GLP,840721
24664001,86,8779,2006,,,,,GLP,840729
24670527,86,8780,2006,,,,,GLP,840731
24677053,86,8781,2006,,,,,GLP,840732
24683579,86,8782,2006,,,,,GLP,840733
24690105,86,8783,2006,,,,,GLP,840734
24696631,86,8784,2006,,,,,GLP,840790
24703157,86,8785,2006,,,,,GLP,840810
24709683,86,8786,2006,,,,,GLP,840820
24716209,86,8787,2006,,,,,GLP,840890
24722735,86,8788,2006,,,,,GLP,840910
24729261,86,8789,2006,,,,,GLP,840991
24735787,86,8790,2006,,,,,GLP,840999
24742313,86,8791,2006,,,,,GLP,841011
24748839,86,8792,2006,,,,,GLP,841012
24755365,86,8793,2006,,,,,GLP,841013
24761891,86,8794,2006,,,,,GLP,841090
24768417,86,8795,2006,,,,,GLP,841111
24774943,86,8796,2006,,,,,GLP,841112
24781469,86,8797,2006,,,,,GLP,841121
24787995,86,8798,2006,,,,,GLP,841122
24794521,86,8799,2006,,,,,GLP,841181
24801047,86,8800,2006,,,,,GLP,841182
24807573,86,8801,2006,,,,,GLP,841191
24814099,86,8802,2006,,,,,GLP,841199
24820625,86,8803,2006,,,,,GLP,841210
24827151,86,8804,2006,,,,,GLP,841221
24833677,86,8805,2006,,,,,GLP,841229
24840203,86,8806,2006,,,,,GLP,841231
24846729,86,8807,2006,,,,,GLP,841239
24853255,86,8808,2006,,,,,GLP,841280
24859781,86,8809,2006,,,,,GLP,841290
24866307,86,8810,2006,,,,,GLP,841311
24872833,86,8811,2006,,,,,GLP,841319
24879359,86,8812,2006,,,,,GLP,841320
24885885,86,8813,2006,,,,,GLP,841330
24892411,86,8814,2006,,,,,GLP,841340
24898937,86,8815,2006,,,,,GLP,841350
24905463,86,8816,2006,,,,,GLP,841360
24911989,86,8817,2006,,,,,GLP,841370
24918515,86,8818,2006,,,,,GLP,841381
24925041,86,8819,2006,,,,,GLP,841382
24931567,86,8820,2006,,,,,GLP,841391
24938093,86,8821,2006,,,,,GLP,841392
24944619,86,8822,2006,,,,,GLP,841410
24951145,86,8823,2006,,,,,GLP,841420
24957671,86,8824,2006,,,,,GLP,841430
24964197,86,8825,2006,,,,,GLP,841440
24970723,86,8826,2006,,,,,GLP,841451
24977249,86,8827,2006,,,,,GLP,841459
24983775,86,8828,2006,,,,,GLP,841460
24990301,86,8829,2006,,,,,GLP,841480
24996827,86,8830,2006,,,,,GLP,841490
25003353,86,8831,2006,,,,,GLP,841510
25009879,86,8832,2006,,,,,GLP,841581
25016405,86,8833,2006,,,,,GLP,841582
25022931,86,8834,2006,,,,,GLP,841583
25029457,86,8835,2006,,,,,GLP,841590
25035983,86,8836,2006,,,,,GLP,841610
25042509,86,8837,2006,,,,,GLP,841620
25049035,86,8838,2006,,,,,GLP,841630
25055561,86,8839,2006,,,,,GLP,841690
25062087,86,8840,2006,,,,,GLP,841710
25068613,86,8841,2006,,,,,GLP,841720
25075139,86,8842,2006,,,,,GLP,841780
25081665,86,8843,2006,,,,,GLP,841790
25088191,86,8844,2006,,,,,GLP,841810
25094717,86,8845,2006,,,,,GLP,841821
25101243,86,8846,2006,,,,,GLP,841822
25107769,86,8847,2006,,,,,GLP,841829
25114295,86,8848,2006,,,,,GLP,841830
25120821,86,8849,2006,,,,,GLP,841840
25127347,86,8850,2006,,,,,GLP,841850
25133873,86,8851,2006,,,,,GLP,841861
25140399,86,8852,2006,,,,,GLP,841869
25146925,86,8853,2006,,,,,GLP,841891
25153451,86,8854,2006,,,,,GLP,841899
25159977,86,8855,2006,,,,,GLP,841911
25166503,86,8856,2006,,,,,GLP,841919
25173029,86,8857,2006,,,,,GLP,841920
25179555,86,8858,2006,,,,,GLP,841931
25186081,86,8859,2006,,,,,GLP,841932
25192607,86,8860,2006,,,,,GLP,841939
25199133,86,8861,2006,,,,,GLP,841940
25205659,86,8862,2006,,,,,GLP,841950
25212185,86,8863,2006,,,,,GLP,841960
25218711,86,8864,2006,,,,,GLP,841981
25225237,86,8865,2006,,,,,GLP,841989
25231763,86,8866,2006,,,,,GLP,841990
25238289,86,8867,2006,,,,,GLP,842010
25244815,86,8868,2006,,,,,GLP,842091
25251341,86,8869,2006,,,,,GLP,842099
25257867,86,8870,2006,,,,,GLP,842111
25264393,86,8871,2006,,,,,GLP,842112
25270919,86,8872,2006,,,,,GLP,842119
25277445,86,8873,2006,,,,,GLP,842121
25283971,86,8874,2006,,,,,GLP,842122
25290497,86,8875,2006,,,,,GLP,842123
25297023,86,8876,2006,,,,,GLP,842129
25303549,86,8877,2006,,,,,GLP,842131
25310075,86,8878,2006,,,,,GLP,842139
25316601,86,8879,2006,,,,,GLP,842191
25323127,86,8880,2006,,,,,GLP,842199
25329653,86,8881,2006,,,,,GLP,842211
25336179,86,8882,2006,,,,,GLP,842219
25342705,86,8883,2006,,,,,GLP,842220
25349231,86,8884,2006,,,,,GLP,842230
25355757,86,8885,2006,,,,,GLP,842240
25362283,86,8886,2006,,,,,GLP,842290
25368809,86,8887,2006,,,,,GLP,842310
25375335,86,8888,2006,,,,,GLP,842320
25381861,86,8889,2006,,,,,GLP,842330
25388387,86,8890,2006,,,,,GLP,842381
25394913,86,8891,2006,,,,,GLP,842382
25401439,86,8892,2006,,,,,GLP,842389
25407965,86,8893,2006,,,,,GLP,842390
25414491,86,8894,2006,,,,,GLP,842410
25421017,86,8895,2006,,,,,GLP,842420
25427543,86,8896,2006,,,,,GLP,842430
25434069,86,8897,2006,,,,,GLP,842481
25440595,86,8898,2006,,,,,GLP,842489
25447121,86,8899,2006,,,,,GLP,842490
25453647,86,8900,2006,,,,,GLP,842511
25460173,86,8901,2006,,,,,GLP,842519
25466699,86,8902,2006,,,,,GLP,842520
25473225,86,8903,2006,,,,,GLP,842531
25479751,86,8904,2006,,,,,GLP,842539
25486277,86,8905,2006,,,,,GLP,842541
25492803,86,8906,2006,,,,,GLP,842542
25499329,86,8907,2006,,,,,GLP,842549
25505855,86,8908,2006,,,,,GLP,842611
25512381,86,8909,2006,,,,,GLP,842612
25518907,86,8910,2006,,,,,GLP,842619
25525433,86,8911,2006,,,,,GLP,842620
25531959,86,8912,2006,,,,,GLP,842630
25538485,86,8913,2006,,,,,GLP,842641
25545011,86,8914,2006,,,,,GLP,842649
25551537,86,8915,2006,,,,,GLP,842691
25558063,86,8916,2006,,,,,GLP,842699
25564589,86,8917,2006,,,,,GLP,842710
25571115,86,8918,2006,,,,,GLP,842720
25577641,86,8919,2006,,,,,GLP,842790
25584167,86,8920,2006,,,,,GLP,842810
25590693,86,8921,2006,,,,,GLP,842820
25597219,86,8922,2006,,,,,GLP,842831
25603745,86,8923,2006,,,,,GLP,842832
25610271,86,8924,2006,,,,,GLP,842833
25616797,86,8925,2006,,,,,GLP,842839
25623323,86,8926,2006,,,,,GLP,842840
25629849,86,8927,2006,,,,,GLP,842850
25636375,86,8928,2006,,,,,GLP,842860
25642901,86,8929,2006,,,,,GLP,842890
25649427,86,8930,2006,,,,,GLP,842911
25655953,86,8931,2006,,,,,GLP,842919
25662479,86,8932,2006,,,,,GLP,842920
25669005,86,8933,2006,,,,,GLP,842930
25675531,86,8934,2006,,,,,GLP,842940
25682057,86,8935,2006,,,,,GLP,842951
25688583,86,8936,2006,,,,,GLP,842952
25695109,86,8937,2006,,,,,GLP,842959
25701635,86,8938,2006,,,,,GLP,843010
25708161,86,8939,2006,,,,,GLP,843020
25714687,86,8940,2006,,,,,GLP,843031
25721213,86,8941,2006,,,,,GLP,843039
25727739,86,8942,2006,,,,,GLP,843041
25734265,86,8943,2006,,,,,GLP,843049
25740791,86,8944,2006,,,,,GLP,843050
25747317,86,8945,2006,,,,,GLP,843061
25753843,86,8946,2006,,,,,GLP,843062
25760369,86,8947,2006,,,,,GLP,843069
25766895,86,8948,2006,,,,,GLP,843110
25773421,86,8949,2006,,,,,GLP,843120
25779947,86,8950,2006,,,,,GLP,843131
25786473,86,8951,2006,,,,,GLP,843139
25792999,86,8952,2006,,,,,GLP,843141
25799525,86,8953,2006,,,,,GLP,843142
25806051,86,8954,2006,,,,,GLP,843143
25812577,86,8955,2006,,,,,GLP,843149
25819103,86,8956,2006,,,,,GLP,843210
25825629,86,8957,2006,,,,,GLP,843221
25832155,86,8958,2006,,,,,GLP,843229
25838681,86,8959,2006,,,,,GLP,843230
25845207,86,8960,2006,,,,,GLP,843240
25851733,86,8961,2006,,,,,GLP,843280
25858259,86,8962,2006,,,,,GLP,843290
25864785,86,8963,2006,,,,,GLP,843311
25871311,86,8964,2006,,,,,GLP,843319
25877837,86,8965,2006,,,,,GLP,843320
25884363,86,8966,2006,,,,,GLP,843330
25890889,86,8967,2006,,,,,GLP,843340
25897415,86,8968,2006,,,,,GLP,843351
25903941,86,8969,2006,,,,,GLP,843352
25910467,86,8970,2006,,,,,GLP,843353
25916993,86,8971,2006,,,,,GLP,843359
25923519,86,8972,2006,,,,,GLP,843360
25930045,86,8973,2006,,,,,GLP,843390
25936571,86,8974,2006,,,,,GLP,843410
25943097,86,8975,2006,,,,,GLP,843420
25949623,86,8976,2006,,,,,GLP,843490
25956149,86,8977,2006,,,,,GLP,843510
25962675,86,8978,2006,,,,,GLP,843590
25969201,86,8979,2006,,,,,GLP,843610
25975727,86,8980,2006,,,,,GLP,843621
25982253,86,8981,2006,,,,,GLP,843629
25988779,86,8982,2006,,,,,GLP,843680
25995305,86,8983,2006,,,,,GLP,843691
26001831,86,8984,2006,,,,,GLP,843699
26008357,86,8985,2006,,,,,GLP,843710
26014883,86,8986,2006,,,,,GLP,843780
26021409,86,8987,2006,,,,,GLP,843790
26027935,86,8988,2006,,,,,GLP,843810
26034461,86,8989,2006,,,,,GLP,843820
26040987,86,8990,2006,,,,,GLP,843830
26047513,86,8991,2006,,,,,GLP,843840
26054039,86,8992,2006,,,,,GLP,843850
26060565,86,8993,2006,,,,,GLP,843860
26067091,86,8994,2006,,,,,GLP,843880
26073617,86,8995,2006,,,,,GLP,843890
26080143,86,8996,2006,,,,,GLP,843910
26086669,86,8997,2006,,,,,GLP,843920
26093195,86,8998,2006,,,,,GLP,843930
26099721,86,8999,2006,,,,,GLP,843991
26106247,86,9000,2006,,,,,GLP,843999
26112773,86,9001,2006,,,,,GLP,844010
26119299,86,9002,2006,,,,,GLP,844090
26125825,86,9003,2006,,,,,GLP,844110
26132351,86,9004,2006,,,,,GLP,844120
26138877,86,9005,2006,,,,,GLP,844130
26145403,86,9006,2006,,,,,GLP,844140
26151929,86,9007,2006,,,,,GLP,844180
26158455,86,9008,2006,,,,,GLP,844190
26164981,86,9009,2006,,,,,GLP,844210
26171507,86,9010,2006,,,,,GLP,844220
26178033,86,9011,2006,,,,,GLP,844230
26184559,86,9012,2006,,,,,GLP,844240
26191085,86,9013,2006,,,,,GLP,844250
26197611,86,9014,2006,,,,,GLP,844311
26204137,86,9015,2006,,,,,GLP,844312
26210663,86,9016,2006,,,,,GLP,844319
26217189,86,9017,2006,,,,,GLP,844321
26223715,86,9018,2006,,,,,GLP,844329
26230241,86,9019,2006,,,,,GLP,844330
26236767,86,9020,2006,,,,,GLP,844340
26243293,86,9021,2006,,,,,GLP,844350
26249819,86,9022,2006,,,,,GLP,844360
26256345,86,9023,2006,,,,,GLP,844390
26262871,86,9024,2006,,,,,GLP,844400
26269397,86,9025,2006,,,,,GLP,844511
26275923,86,9026,2006,,,,,GLP,844512
26282449,86,9027,2006,,,,,GLP,844513
26288975,86,9028,2006,,,,,GLP,844519
26295501,86,9029,2006,,,,,GLP,844520
26302027,86,9030,2006,,,,,GLP,844530
26308553,86,9031,2006,,,,,GLP,844540
26315079,86,9032,2006,,,,,GLP,844590
26321605,86,9033,2006,,,,,GLP,844610
26328131,86,9034,2006,,,,,GLP,844621
26334657,86,9035,2006,,,,,GLP,844629
26341183,86,9036,2006,,,,,GLP,844630
26347709,86,9037,2006,,,,,GLP,844711
26354235,86,9038,2006,,,,,GLP,844712
26360761,86,9039,2006,,,,,GLP,844720
26367287,86,9040,2006,,,,,GLP,844790
26373813,86,9041,2006,,,,,GLP,844811
26380339,86,9042,2006,,,,,GLP,844819
26386865,86,9043,2006,,,,,GLP,844820
26393391,86,9044,2006,,,,,GLP,844831
26399917,86,9045,2006,,,,,GLP,844832
26406443,86,9046,2006,,,,,GLP,844833
26412969,86,9047,2006,,,,,GLP,844839
26419495,86,9048,2006,,,,,GLP,844841
26426021,86,9049,2006,,,,,GLP,844842
26432547,86,9050,2006,,,,,GLP,844849
26439073,86,9051,2006,,,,,GLP,844851
26445599,86,9052,2006,,,,,GLP,844859
26452125,86,9053,2006,,,,,GLP,844900
26458651,86,9054,2006,,,,,GLP,845011
26465177,86,9055,2006,,,,,GLP,845012
26471703,86,9056,2006,,,,,GLP,845019
26478229,86,9057,2006,,,,,GLP,845020
26484755,86,9058,2006,,,,,GLP,845090
26491281,86,9059,2006,,,,,GLP,845110
26497807,86,9060,2006,,,,,GLP,845121
26504333,86,9061,2006,,,,,GLP,845129
26510859,86,9062,2006,,,,,GLP,845130
26517385,86,9063,2006,,,,,GLP,845140
26523911,86,9064,2006,,,,,GLP,845150
26530437,86,9065,2006,,,,,GLP,845180
26536963,86,9066,2006,,,,,GLP,845190
26543489,86,9067,2006,,,,,GLP,845210
26550015,86,9068,2006,,,,,GLP,845221
26556541,86,9069,2006,,,,,GLP,845229
26563067,86,9070,2006,,,,,GLP,845230
26569593,86,9071,2006,,,,,GLP,845240
26576119,86,9072,2006,,,,,GLP,845290
26582645,86,9073,2006,,,,,GLP,845310
26589171,86,9074,2006,,,,,GLP,845320
26595697,86,9075,2006,,,,,GLP,845380
26602223,86,9076,2006,,,,,GLP,845390
26608749,86,9077,2006,,,,,GLP,845410
26615275,86,9078,2006,,,,,GLP,845420
26621801,86,9079,2006,,,,,GLP,845430
26628327,86,9080,2006,,,,,GLP,845490
26634853,86,9081,2006,,,,,GLP,845510
26641379,86,9082,2006,,,,,GLP,845521
26647905,86,9083,2006,,,,,GLP,845522
26654431,86,9084,2006,,,,,GLP,845530
26660957,86,9085,2006,,,,,GLP,845590
26667483,86,9086,2006,,,,,GLP,845610
26674009,86,9087,2006,,,,,GLP,845620
26680535,86,9088,2006,,,,,GLP,845630
26687061,86,9089,2006,,,,,GLP,845690
26693587,86,9090,2006,,,,,GLP,845710
26700113,86,9091,2006,,,,,GLP,845720
26706639,86,9092,2006,,,,,GLP,845730
26713165,86,9093,2006,,,,,GLP,845811
26719691,86,9094,2006,,,,,GLP,845819
26726217,86,9095,2006,,,,,GLP,845891
26732743,86,9096,2006,,,,,GLP,845899
26739269,86,9097,2006,,,,,GLP,845910
26745795,86,9098,2006,,,,,GLP,845921
26752321,86,9099,2006,,,,,GLP,845929
26758847,86,9100,2006,,,,,GLP,845931
26765373,86,9101,2006,,,,,GLP,845939
26771899,86,9102,2006,,,,,GLP,845940
26778425,86,9103,2006,,,,,GLP,845951
26784951,86,9104,2006,,,,,GLP,845959
26791477,86,9105,2006,,,,,GLP,845961
26798003,86,9106,2006,,,,,GLP,845969
26804529,86,9107,2006,,,,,GLP,845970
26811055,86,9108,2006,,,,,GLP,846011
26817581,86,9109,2006,,,,,GLP,846019
26824107,86,9110,2006,,,,,GLP,846021
26830633,86,9111,2006,,,,,GLP,846029
26837159,86,9112,2006,,,,,GLP,846031
26843685,86,9113,2006,,,,,GLP,846039
26850211,86,9114,2006,,,,,GLP,846040
26856737,86,9115,2006,,,,,GLP,846090
26863263,86,9116,2006,,,,,GLP,846110
26869789,86,9117,2006,,,,,GLP,846120
26876315,86,9118,2006,,,,,GLP,846130
26882841,86,9119,2006,,,,,GLP,846140
26889367,86,9120,2006,,,,,GLP,846150
26895893,86,9121,2006,,,,,GLP,846190
26902419,86,9122,2006,,,,,GLP,846210
26908945,86,9123,2006,,,,,GLP,846221
26915471,86,9124,2006,,,,,GLP,846229
26921997,86,9125,2006,,,,,GLP,846231
26928523,86,9126,2006,,,,,GLP,846239
26935049,86,9127,2006,,,,,GLP,846241
26941575,86,9128,2006,,,,,GLP,846249
26948101,86,9129,2006,,,,,GLP,846291
26954627,86,9130,2006,,,,,GLP,846299
26961153,86,9131,2006,,,,,GLP,846310
26967679,86,9132,2006,,,,,GLP,846320
26974205,86,9133,2006,,,,,GLP,846330
26980731,86,9134,2006,,,,,GLP,846390
26987257,86,9135,2006,,,,,GLP,846410
26993783,86,9136,2006,,,,,GLP,846420
27000309,86,9137,2006,,,,,GLP,846490
27006835,86,9138,2006,,,,,GLP,846510
27013361,86,9139,2006,,,,,GLP,846591
27019887,86,9140,2006,,,,,GLP,846592
27026413,86,9141,2006,,,,,GLP,846593
27032939,86,9142,2006,,,,,GLP,846594
27039465,86,9143,2006,,,,,GLP,846595
27045991,86,9144,2006,,,,,GLP,846596
27052517,86,9145,2006,,,,,GLP,846599
27059043,86,9146,2006,,,,,GLP,846610
27065569,86,9147,2006,,,,,GLP,846620
27072095,86,9148,2006,,,,,GLP,846630
27078621,86,9149,2006,,,,,GLP,846691
27085147,86,9150,2006,,,,,GLP,846692
27091673,86,9151,2006,,,,,GLP,846693
27098199,86,9152,2006,,,,,GLP,846694
27104725,86,9153,2006,,,,,GLP,846711
27111251,86,9154,2006,,,,,GLP,846719
27117777,86,9155,2006,,,,,GLP,846781
27124303,86,9156,2006,,,,,GLP,846789
27130829,86,9157,2006,,,,,GLP,846791
27137355,86,9158,2006,,,,,GLP,846792
27143881,86,9159,2006,,,,,GLP,846799
27150407,86,9160,2006,,,,,GLP,846810
27156933,86,9161,2006,,,,,GLP,846820
27163459,86,9162,2006,,,,,GLP,846880
27169985,86,9163,2006,,,,,GLP,846890
27176511,86,9164,2006,,,,,GLP,846910
27183037,86,9165,2006,,,,,GLP,846921
27189563,86,9166,2006,,,,,GLP,846929
27196089,86,9167,2006,,,,,GLP,846931
27202615,86,9168,2006,,,,,GLP,846939
27209141,86,9169,2006,,,,,GLP,847010
27215667,86,9170,2006,,,,,GLP,847021
27222193,86,9171,2006,,,,,GLP,847029
27228719,86,9172,2006,,,,,GLP,847030
27235245,86,9173,2006,,,,,GLP,847040
27241771,86,9174,2006,,,,,GLP,847050
27248297,86,9175,2006,,,,,GLP,847090
27254823,86,9176,2006,,,,,GLP,847110
27261349,86,9177,2006,,,,,GLP,847120
27267875,86,9178,2006,,,,,GLP,847191
27274401,86,9179,2006,,,,,GLP,847192
27280927,86,9180,2006,,,,,GLP,847193
27287453,86,9181,2006,,,,,GLP,847199
27293979,86,9182,2006,,,,,GLP,847210
27300505,86,9183,2006,,,,,GLP,847220
27307031,86,9184,2006,,,,,GLP,847230
27313557,86,9185,2006,,,,,GLP,847290
27320083,86,9186,2006,,,,,GLP,847310
27326609,86,9187,2006,,,,,GLP,847321
27333135,86,9188,2006,,,,,GLP,847329
27339661,86,9189,2006,,,,,GLP,847330
27346187,86,9190,2006,,,,,GLP,847340
27352713,86,9191,2006,,,,,GLP,847410
27359239,86,9192,2006,,,,,GLP,847420
27365765,86,9193,2006,,,,,GLP,847431
27372291,86,9194,2006,,,,,GLP,847432
27378817,86,9195,2006,,,,,GLP,847439
27385343,86,9196,2006,,,,,GLP,847480
27391869,86,9197,2006,,,,,GLP,847490
27398395,86,9198,2006,,,,,GLP,847510
27404921,86,9199,2006,,,,,GLP,847520
27411447,86,9200,2006,,,,,GLP,847590
27417973,86,9201,2006,,,,,GLP,847611
27424499,86,9202,2006,,,,,GLP,847619
27431025,86,9203,2006,,,,,GLP,847690
27437551,86,9204,2006,,,,,GLP,847710
27444077,86,9205,2006,,,,,GLP,847720
27450603,86,9206,2006,,,,,GLP,847730
27457129,86,9207,2006,,,,,GLP,847740
27463655,86,9208,2006,,,,,GLP,847751
27470181,86,9209,2006,,,,,GLP,847759
27476707,86,9210,2006,,,,,GLP,847780
27483233,86,9211,2006,,,,,GLP,847790
27489759,86,9212,2006,,,,,GLP,847810
27496285,86,9213,2006,,,,,GLP,847890
27502811,86,9214,2006,,,,,GLP,847910
27509337,86,9215,2006,,,,,GLP,847920
27515863,86,9216,2006,,,,,GLP,847930
27522389,86,9217,2006,,,,,GLP,847940
27528915,86,9218,2006,,,,,GLP,847981
27535441,86,9219,2006,,,,,GLP,847982
27541967,86,9220,2006,,,,,GLP,847989
27548493,86,9221,2006,,,,,GLP,847990
27555019,86,9222,2006,,,,,GLP,848010
27561545,86,9223,2006,,,,,GLP,848020
27568071,86,9224,2006,,,,,GLP,848030
27574597,86,9225,2006,,,,,GLP,848041
27581123,86,9226,2006,,,,,GLP,848049
27587649,86,9227,2006,,,,,GLP,848050
27594175,86,9228,2006,,,,,GLP,848060
27600701,86,9229,2006,,,,,GLP,848071
27607227,86,9230,2006,,,,,GLP,848079
27613753,86,9231,2006,,,,,GLP,848110
27620279,86,9232,2006,,,,,GLP,848120
27626805,86,9233,2006,,,,,GLP,848130
27633331,86,9234,2006,,,,,GLP,848140
27639857,86,9235,2006,,,,,GLP,848180
27646383,86,9236,2006,,,,,GLP,848190
27652909,86,9237,2006,,,,,GLP,848210
27659435,86,9238,2006,,,,,GLP,848220
27665961,86,9239,2006,,,,,GLP,848230
27672487,86,9240,2006,,,,,GLP,848240
27679013,86,9241,2006,,,,,GLP,848250
27685539,86,9242,2006,,,,,GLP,848280
27692065,86,9243,2006,,,,,GLP,848291
27698591,86,9244,2006,,,,,GLP,848299
27705117,86,9245,2006,,,,,GLP,848310
27711643,86,9246,2006,,,,,GLP,848320
27718169,86,9247,2006,,,,,GLP,848330
27724695,86,9248,2006,,,,,GLP,848340
27731221,86,9249,2006,,,,,GLP,848350
27737747,86,9250,2006,,,,,GLP,848360
27744273,86,9251,2006,,,,,GLP,848390
27750799,86,9252,2006,,,,,GLP,848410
27757325,86,9253,2006,,,,,GLP,848490
27763851,86,9254,2006,,,,,GLP,848510
27770377,86,9255,2006,,,,,GLP,848590
27776903,86,9256,2006,,,,,GLP,850110
27783429,86,9257,2006,,,,,GLP,850120
27789955,86,9258,2006,,,,,GLP,850131
27796481,86,9259,2006,,,,,GLP,850132
27803007,86,9260,2006,,,,,GLP,850133
27809533,86,9261,2006,,,,,GLP,850134
27816059,86,9262,2006,,,,,GLP,850140
27822585,86,9263,2006,,,,,GLP,850151
27829111,86,9264,2006,,,,,GLP,850152
27835637,86,9265,2006,,,,,GLP,850153
27842163,86,9266,2006,,,,,GLP,850161
27848689,86,9267,2006,,,,,GLP,850162
27855215,86,9268,2006,,,,,GLP,850163
27861741,86,9269,2006,,,,,GLP,850164
27868267,86,9270,2006,,,,,GLP,850211
27874793,86,9271,2006,,,,,GLP,850212
27881319,86,9272,2006,,,,,GLP,850213
27887845,86,9273,2006,,,,,GLP,850220
27894371,86,9274,2006,,,,,GLP,850230
27900897,86,9275,2006,,,,,GLP,850240
27907423,86,9276,2006,,,,,GLP,850300
27913949,86,9277,2006,,,,,GLP,850410
27920475,86,9278,2006,,,,,GLP,850421
27927001,86,9279,2006,,,,,GLP,850422
27933527,86,9280,2006,,,,,GLP,850423
27940053,86,9281,2006,,,,,GLP,850431
27946579,86,9282,2006,,,,,GLP,850432
27953105,86,9283,2006,,,,,GLP,850433
27959631,86,9284,2006,,,,,GLP,850434
27966157,86,9285,2006,,,,,GLP,850440
27972683,86,9286,2006,,,,,GLP,850450
27979209,86,9287,2006,,,,,GLP,850490
27985735,86,9288,2006,,,,,GLP,850511
27992261,86,9289,2006,,,,,GLP,850519
27998787,86,9290,2006,,,,,GLP,850520
28005313,86,9291,2006,,,,,GLP,850530
28011839,86,9292,2006,,,,,GLP,850590
28018365,86,9293,2006,,,,,GLP,850611
28024891,86,9294,2006,,,,,GLP,850612
28031417,86,9295,2006,,,,,GLP,850613
28037943,86,9296,2006,,,,,GLP,850619
28044469,86,9297,2006,,,,,GLP,850620
28050995,86,9298,2006,,,,,GLP,850690
28057521,86,9299,2006,,,,,GLP,850710
28064047,86,9300,2006,,,,,GLP,850720
28070573,86,9301,2006,,,,,GLP,850730
28077099,86,9302,2006,,,,,GLP,850740
28083625,86,9303,2006,,,,,GLP,850780
28090151,86,9304,2006,,,,,GLP,850790
28096677,86,9305,2006,,,,,GLP,850810
28103203,86,9306,2006,,,,,GLP,850820
28109729,86,9307,2006,,,,,GLP,850880
28116255,86,9308,2006,,,,,GLP,850890
28122781,86,9309,2006,,,,,GLP,850910
28129307,86,9310,2006,,,,,GLP,850920
28135833,86,9311,2006,,,,,GLP,850930
28142359,86,9312,2006,,,,,GLP,850940
28148885,86,9313,2006,,,,,GLP,850980
28155411,86,9314,2006,,,,,GLP,850990
28161937,86,9315,2006,,,,,GLP,851010
28168463,86,9316,2006,,,,,GLP,851020
28174989,86,9317,2006,,,,,GLP,851090
28181515,86,9318,2006,,,,,GLP,851110
28188041,86,9319,2006,,,,,GLP,851120
28194567,86,9320,2006,,,,,GLP,851130
28201093,86,9321,2006,,,,,GLP,851140
28207619,86,9322,2006,,,,,GLP,851150
28214145,86,9323,2006,,,,,GLP,851180
28220671,86,9324,2006,,,,,GLP,851190
28227197,86,9325,2006,,,,,GLP,851210
28233723,86,9326,2006,,,,,GLP,851220
28240249,86,9327,2006,,,,,GLP,851230
28246775,86,9328,2006,,,,,GLP,851240
28253301,86,9329,2006,,,,,GLP,851290
28259827,86,9330,2006,,,,,GLP,851310
28266353,86,9331,2006,,,,,GLP,851390
28272879,86,9332,2006,,,,,GLP,851410
28279405,86,9333,2006,,,,,GLP,851420
28285931,86,9334,2006,,,,,GLP,851430
28292457,86,9335,2006,,,,,GLP,851440
28298983,86,9336,2006,,,,,GLP,851490
28305509,86,9337,2006,,,,,GLP,851511
28312035,86,9338,2006,,,,,GLP,851519
28318561,86,9339,2006,,,,,GLP,851521
28325087,86,9340,2006,,,,,GLP,851529
28331613,86,9341,2006,,,,,GLP,851531
28338139,86,9342,2006,,,,,GLP,851539
28344665,86,9343,2006,,,,,GLP,851580
28351191,86,9344,2006,,,,,GLP,851590
28357717,86,9345,2006,,,,,GLP,851610
28364243,86,9346,2006,,,,,GLP,851621
28370769,86,9347,2006,,,,,GLP,851629
28377295,86,9348,2006,,,,,GLP,851631
28383821,86,9349,2006,,,,,GLP,851632
28390347,86,9350,2006,,,,,GLP,851633
28396873,86,9351,2006,,,,,GLP,851640
28403399,86,9352,2006,,,,,GLP,851650
28409925,86,9353,2006,,,,,GLP,851660
28416451,86,9354,2006,,,,,GLP,851671
28422977,86,9355,2006,,,,,GLP,851672
28429503,86,9356,2006,,,,,GLP,851679
28436029,86,9357,2006,,,,,GLP,851680
28442555,86,9358,2006,,,,,GLP,851690
28449081,86,9359,2006,,,,,GLP,851710
28455607,86,9360,2006,,,,,GLP,851720
28462133,86,9361,2006,,,,,GLP,851730
28468659,86,9362,2006,,,,,GLP,851740
28475185,86,9363,2006,,,,,GLP,851781
28481711,86,9364,2006,,,,,GLP,851782
28488237,86,9365,2006,,,,,GLP,851790
28494763,86,9366,2006,,,,,GLP,851810
28501289,86,9367,2006,,,,,GLP,851821
28507815,86,9368,2006,,,,,GLP,851822
28514341,86,9369,2006,,,,,GLP,851829
28520867,86,9370,2006,,,,,GLP,851830
28527393,86,9371,2006,,,,,GLP,851840
28533919,86,9372,2006,,,,,GLP,851850
28540445,86,9373,2006,,,,,GLP,851890
28546971,86,9374,2006,,,,,GLP,851910
28553497,86,9375,2006,,,,,GLP,851921
28560023,86,9376,2006,,,,,GLP,851929
28566549,86,9377,2006,,,,,GLP,851931
28573075,86,9378,2006,,,,,GLP,851939
28579601,86,9379,2006,,,,,GLP,851940
28586127,86,9380,2006,,,,,GLP,851991
28592653,86,9381,2006,,,,,GLP,851999
28599179,86,9382,2006,,,,,GLP,852010
28605705,86,9383,2006,,,,,GLP,852020
28612231,86,9384,2006,,,,,GLP,852031
28618757,86,9385,2006,,,,,GLP,852039
28625283,86,9386,2006,,,,,GLP,852090
28631809,86,9387,2006,,,,,GLP,852110
28638335,86,9388,2006,,,,,GLP,852190
28644861,86,9389,2006,,,,,GLP,852210
28651387,86,9390,2006,,,,,GLP,852290
28657913,86,9391,2006,,,,,GLP,852311
28664439,86,9392,2006,,,,,GLP,852312
28670965,86,9393,2006,,,,,GLP,852313
28677491,86,9394,2006,,,,,GLP,852320
28684017,86,9395,2006,,,,,GLP,852390
28690543,86,9396,2006,,,,,GLP,852410
28697069,86,9397,2006,,,,,GLP,852421
28703595,86,9398,2006,,,,,GLP,852422
28710121,86,9399,2006,,,,,GLP,852423
28716647,86,9400,2006,,,,,GLP,852490
28723173,86,9401,2006,,,,,GLP,852510
28729699,86,9402,2006,,,,,GLP,852520
28736225,86,9403,2006,,,,,GLP,852530
28742751,86,9404,2006,,,,,GLP,852610
28749277,86,9405,2006,,,,,GLP,852691
28755803,86,9406,2006,,,,,GLP,852692
28762329,86,9407,2006,,,,,GLP,852711
28768855,86,9408,2006,,,,,GLP,852719
28775381,86,9409,2006,,,,,GLP,852721
28781907,86,9410,2006,,,,,GLP,852729
28788433,86,9411,2006,,,,,GLP,852731
28794959,86,9412,2006,,,,,GLP,852732
28801485,86,9413,2006,,,,,GLP,852739
28808011,86,9414,2006,,,,,GLP,852790
28814537,86,9415,2006,,,,,GLP,852810
28821063,86,9416,2006,,,,,GLP,852820
28827589,86,9417,2006,,,,,GLP,852910
28834115,86,9418,2006,,,,,GLP,852990
28840641,86,9419,2006,,,,,GLP,853010
28847167,86,9420,2006,,,,,GLP,853080
28853693,86,9421,2006,,,,,GLP,853090
28860219,86,9422,2006,,,,,GLP,853110
28866745,86,9423,2006,,,,,GLP,853120
28873271,86,9424,2006,,,,,GLP,853180
28879797,86,9425,2006,,,,,GLP,853190
28886323,86,9426,2006,,,,,GLP,853210
28892849,86,9427,2006,,,,,GLP,853221
28899375,86,9428,2006,,,,,GLP,853222
28905901,86,9429,2006,,,,,GLP,853223
28912427,86,9430,2006,,,,,GLP,853224
28918953,86,9431,2006,,,,,GLP,853225
28925479,86,9432,2006,,,,,GLP,853229
28932005,86,9433,2006,,,,,GLP,853230
28938531,86,9434,2006,,,,,GLP,853290
28945057,86,9435,2006,,,,,GLP,853310
28951583,86,9436,2006,,,,,GLP,853321
28958109,86,9437,2006,,,,,GLP,853329
28964635,86,9438,2006,,,,,GLP,853331
28971161,86,9439,2006,,,,,GLP,853339
28977687,86,9440,2006,,,,,GLP,853340
28984213,86,9441,2006,,,,,GLP,853390
28990739,86,9442,2006,,,,,GLP,853400
28997265,86,9443,2006,,,,,GLP,853510
29003791,86,9444,2006,,,,,GLP,853521
29010317,86,9445,2006,,,,,GLP,853529
29016843,86,9446,2006,,,,,GLP,853530
29023369,86,9447,2006,,,,,GLP,853540
29029895,86,9448,2006,,,,,GLP,853590
29036421,86,9449,2006,,,,,GLP,853610
29042947,86,9450,2006,,,,,GLP,853620
29049473,86,9451,2006,,,,,GLP,853630
29055999,86,9452,2006,,,,,GLP,853641
29062525,86,9453,2006,,,,,GLP,853649
29069051,86,9454,2006,,,,,GLP,853650
29075577,86,9455,2006,,,,,GLP,853661
29082103,86,9456,2006,,,,,GLP,853669
29088629,86,9457,2006,,,,,GLP,853690
29095155,86,9458,2006,,,,,GLP,853710
29101681,86,9459,2006,,,,,GLP,853720
29108207,86,9460,2006,,,,,GLP,853810
29114733,86,9461,2006,,,,,GLP,853890
29121259,86,9462,2006,,,,,GLP,853910
29127785,86,9463,2006,,,,,GLP,853921
29134311,86,9464,2006,,,,,GLP,853922
29140837,86,9465,2006,,,,,GLP,853929
29147363,86,9466,2006,,,,,GLP,853931
29153889,86,9467,2006,,,,,GLP,853939
29160415,86,9468,2006,,,,,GLP,853940
29166941,86,9469,2006,,,,,GLP,853990
29173467,86,9470,2006,,,,,GLP,854011
29179993,86,9471,2006,,,,,GLP,854012
29186519,86,9472,2006,,,,,GLP,854020
29193045,86,9473,2006,,,,,GLP,854030
29199571,86,9474,2006,,,,,GLP,854041
29206097,86,9475,2006,,,,,GLP,854042
29212623,86,9476,2006,,,,,GLP,854049
29219149,86,9477,2006,,,,,GLP,854081
29225675,86,9478,2006,,,,,GLP,854089
29232201,86,9479,2006,,,,,GLP,854091
29238727,86,9480,2006,,,,,GLP,854099
29245253,86,9481,2006,,,,,GLP,854110
29251779,86,9482,2006,,,,,GLP,854121
29258305,86,9483,2006,,,,,GLP,854129
29264831,86,9484,2006,,,,,GLP,854130
29271357,86,9485,2006,,,,,GLP,854140
29277883,86,9486,2006,,,,,GLP,854150
29284409,86,9487,2006,,,,,GLP,854160
29290935,86,9488,2006,,,,,GLP,854190
29297461,86,9489,2006,,,,,GLP,854211
29303987,86,9490,2006,,,,,GLP,854219
29310513,86,9491,2006,,,,,GLP,854220
29317039,86,9492,2006,,,,,GLP,854280
29323565,86,9493,2006,,,,,GLP,854290
29330091,86,9494,2006,,,,,GLP,854310
29336617,86,9495,2006,,,,,GLP,854320
29343143,86,9496,2006,,,,,GLP,854330
29349669,86,9497,2006,,,,,GLP,854380
29356195,86,9498,2006,,,,,GLP,854390
29362721,86,9499,2006,,,,,GLP,854411
29369247,86,9500,2006,,,,,GLP,854419
29375773,86,9501,2006,,,,,GLP,854420
29382299,86,9502,2006,,,,,GLP,854430
29388825,86,9503,2006,,,,,GLP,854441
29395351,86,9504,2006,,,,,GLP,854449
29401877,86,9505,2006,,,,,GLP,854451
29408403,86,9506,2006,,,,,GLP,854459
29414929,86,9507,2006,,,,,GLP,854460
29421455,86,9508,2006,,,,,GLP,854470
29427981,86,9509,2006,,,,,GLP,854511
29434507,86,9510,2006,,,,,GLP,854519
29441033,86,9511,2006,,,,,GLP,854520
29447559,86,9512,2006,,,,,GLP,854590
29454085,86,9513,2006,,,,,GLP,854610
29460611,86,9514,2006,,,,,GLP,854620
29467137,86,9515,2006,,,,,GLP,854690
29473663,86,9516,2006,,,,,GLP,854710
29480189,86,9517,2006,,,,,GLP,854720
29486715,86,9518,2006,,,,,GLP,854790
29493241,86,9519,2006,,,,,GLP,854800
29499767,86,9520,2006,,,,,GLP,860110
29506293,86,9521,2006,,,,,GLP,860120
29512819,86,9522,2006,,,,,GLP,860210
29519345,86,9523,2006,,,,,GLP,860290
29525871,86,9524,2006,,,,,GLP,860310
29532397,86,9525,2006,,,,,GLP,860390
29538923,86,9526,2006,,,,,GLP,860400
29545449,86,9527,2006,,,,,GLP,860500
29551975,86,9528,2006,,,,,GLP,860610
29558501,86,9529,2006,,,,,GLP,860620
29565027,86,9530,2006,,,,,GLP,860630
29571553,86,9531,2006,,,,,GLP,860691
29578079,86,9532,2006,,,,,GLP,860692
29584605,86,9533,2006,,,,,GLP,860699
29591131,86,9534,2006,,,,,GLP,860711
29597657,86,9535,2006,,,,,GLP,860712
29604183,86,9536,2006,,,,,GLP,860719
29610709,86,9537,2006,,,,,GLP,860721
29617235,86,9538,2006,,,,,GLP,860729
29623761,86,9539,2006,,,,,GLP,860730
29630287,86,9540,2006,,,,,GLP,860791
29636813,86,9541,2006,,,,,GLP,860799
29643339,86,9542,2006,,,,,GLP,860800
29649865,86,9543,2006,,,,,GLP,860900
29656391,86,9544,2006,,,,,GLP,870110
29662917,86,9545,2006,,,,,GLP,870120
29669443,86,9546,2006,,,,,GLP,870130
29675969,86,9547,2006,,,,,GLP,870190
29682495,86,9548,2006,,,,,GLP,870210
29689021,86,9549,2006,,,,,GLP,870290
29695547,86,9550,2006,,,,,GLP,870310
29702073,86,9551,2006,,,,,GLP,870321
29708599,86,9552,2006,,,,,GLP,870322
29715125,86,9553,2006,,,,,GLP,870323
29721651,86,9554,2006,,,,,GLP,870324
29728177,86,9555,2006,,,,,GLP,870331
29734703,86,9556,2006,,,,,GLP,870332
29741229,86,9557,2006,,,,,GLP,870333
29747755,86,9558,2006,,,,,GLP,870390
29754281,86,9559,2006,,,,,GLP,870410
29760807,86,9560,2006,,,,,GLP,870421
29767333,86,9561,2006,,,,,GLP,870422
29773859,86,9562,2006,,,,,GLP,870423
29780385,86,9563,2006,,,,,GLP,870431
29786911,86,9564,2006,,,,,GLP,870432
29793437,86,9565,2006,,,,,GLP,870490
29799963,86,9566,2006,,,,,GLP,870510
29806489,86,9567,2006,,,,,GLP,870520
29813015,86,9568,2006,,,,,GLP,870530
29819541,86,9569,2006,,,,,GLP,870540
29826067,86,9570,2006,,,,,GLP,870590
29832593,86,9571,2006,,,,,GLP,870600
29839119,86,9572,2006,,,,,GLP,870710
29845645,86,9573,2006,,,,,GLP,870790
29852171,86,9574,2006,,,,,GLP,870810
29858697,86,9575,2006,,,,,GLP,870821
29865223,86,9576,2006,,,,,GLP,870829
29871749,86,9577,2006,,,,,GLP,870831
29878275,86,9578,2006,,,,,GLP,870839
29884801,86,9579,2006,,,,,GLP,870840
29891327,86,9580,2006,,,,,GLP,870850
29897853,86,9581,2006,,,,,GLP,870860
29904379,86,9582,2006,,,,,GLP,870870
29910905,86,9583,2006,,,,,GLP,870880
29917431,86,9584,2006,,,,,GLP,870891
29923957,86,9585,2006,,,,,GLP,870892
29930483,86,9586,2006,,,,,GLP,870893
29937009,86,9587,2006,,,,,GLP,870894
29943535,86,9588,2006,,,,,GLP,870899
29950061,86,9589,2006,,,,,GLP,870911
29956587,86,9590,2006,,,,,GLP,870919
29963113,86,9591,2006,,,,,GLP,870990
29969639,86,9592,2006,,,,,GLP,871000
29976165,86,9593,2006,,,,,GLP,871110
29982691,86,9594,2006,,,,,GLP,871120
29989217,86,9595,2006,,,,,GLP,871130
29995743,86,9596,2006,,,,,GLP,871140
30002269,86,9597,2006,,,,,GLP,871150
30008795,86,9598,2006,,,,,GLP,871190
30015321,86,9599,2006,,,,,GLP,871200
30021847,86,9600,2006,,,,,GLP,871310
30028373,86,9601,2006,,,,,GLP,871390
30034899,86,9602,2006,,,,,GLP,871411
30041425,86,9603,2006,,,,,GLP,871419
30047951,86,9604,2006,,,,,GLP,871420
30054477,86,9605,2006,,,,,GLP,871491
30061003,86,9606,2006,,,,,GLP,871492
30067529,86,9607,2006,,,,,GLP,871493
30074055,86,9608,2006,,,,,GLP,871494
30080581,86,9609,2006,,,,,GLP,871495
30087107,86,9610,2006,,,,,GLP,871496
30093633,86,9611,2006,,,,,GLP,871499
30100159,86,9612,2006,,,,,GLP,871500
30106685,86,9613,2006,,,,,GLP,871610
30113211,86,9614,2006,,,,,GLP,871620
30119737,86,9615,2006,,,,,GLP,871631
30126263,86,9616,2006,,,,,GLP,871639
30132789,86,9617,2006,,,,,GLP,871640
30139315,86,9618,2006,,,,,GLP,871680
30145841,86,9619,2006,,,,,GLP,871690
30152367,86,9620,2006,,,,,GLP,880110
30158893,86,9621,2006,,,,,GLP,880190
30165419,86,9622,2006,,,,,GLP,880211
30171945,86,9623,2006,,,,,GLP,880212
30178471,86,9624,2006,,,,,GLP,880220
30184997,86,9625,2006,,,,,GLP,880230
30191523,86,9626,2006,,,,,GLP,880240
30198049,86,9627,2006,,,,,GLP,880250
30204575,86,9628,2006,,,,,GLP,880310
30211101,86,9629,2006,,,,,GLP,880320
30217627,86,9630,2006,,,,,GLP,880330
30224153,86,9631,2006,,,,,GLP,880390
30230679,86,9632,2006,,,,,GLP,880400
30237205,86,9633,2006,,,,,GLP,880510
30243731,86,9634,2006,,,,,GLP,880520
30250257,86,9635,2006,,,,,GLP,890110
30256783,86,9636,2006,,,,,GLP,890120
30263309,86,9637,2006,,,,,GLP,890130
30269835,86,9638,2006,,,,,GLP,890190
30276361,86,9639,2006,,,,,GLP,890200
30282887,86,9640,2006,,,,,GLP,890310
30289413,86,9641,2006,,,,,GLP,890391
30295939,86,9642,2006,,,,,GLP,890392
30302465,86,9643,2006,,,,,GLP,890399
30308991,86,9644,2006,,,,,GLP,890400
30315517,86,9645,2006,,,,,GLP,890510
30322043,86,9646,2006,,,,,GLP,890520
30328569,86,9647,2006,,,,,GLP,890590
30335095,86,9648,2006,,,,,GLP,890600
30341621,86,9649,2006,,,,,GLP,890710
30348147,86,9650,2006,,,,,GLP,890790
30354673,86,9651,2006,,,,,GLP,890800
30361199,86,9652,2006,,,,,GLP,900110
30367725,86,9653,2006,,,,,GLP,900120
30374251,86,9654,2006,,,,,GLP,900130
30380777,86,9655,2006,,,,,GLP,900140
30387303,86,9656,2006,,,,,GLP,900150
30393829,86,9657,2006,,,,,GLP,900190
30400355,86,9658,2006,,,,,GLP,900211
30406881,86,9659,2006,,,,,GLP,900219
30413407,86,9660,2006,,,,,GLP,900220
30419933,86,9661,2006,,,,,GLP,900290
30426459,86,9662,2006,,,,,GLP,900311
30432985,86,9663,2006,,,,,GLP,900319
30439511,86,9664,2006,,,,,GLP,900390
30446037,86,9665,2006,,,,,GLP,900410
30452563,86,9666,2006,,,,,GLP,900490
30459089,86,9667,2006,,,,,GLP,900510
30465615,86,9668,2006,,,,,GLP,900580
30472141,86,9669,2006,,,,,GLP,900590
30478667,86,9670,2006,,,,,GLP,900610
30485193,86,9671,2006,,,,,GLP,900620
30491719,86,9672,2006,,,,,GLP,900630
30498245,86,9673,2006,,,,,GLP,900640
30504771,86,9674,2006,,,,,GLP,900651
30511297,86,9675,2006,,,,,GLP,900652
30517823,86,9676,2006,,,,,GLP,900653
30524349,86,9677,2006,,,,,GLP,900659
30530875,86,9678,2006,,,,,GLP,900661
30537401,86,9679,2006,,,,,GLP,900662
30543927,86,9680,2006,,,,,GLP,900669
30550453,86,9681,2006,,,,,GLP,900691
30556979,86,9682,2006,,,,,GLP,900699
30563505,86,9683,2006,,,,,GLP,900711
30570031,86,9684,2006,,,,,GLP,900719
30576557,86,9685,2006,,,,,GLP,900721
30583083,86,9686,2006,,,,,GLP,900729
30589609,86,9687,2006,,,,,GLP,900791
30596135,86,9688,2006,,,,,GLP,900792
30602661,86,9689,2006,,,,,GLP,900810
30609187,86,9690,2006,,,,,GLP,900820
30615713,86,9691,2006,,,,,GLP,900830
30622239,86,9692,2006,,,,,GLP,900840
30628765,86,9693,2006,,,,,GLP,900890
30635291,86,9694,2006,,,,,GLP,900911
30641817,86,9695,2006,,,,,GLP,900912
30648343,86,9696,2006,,,,,GLP,900921
30654869,86,9697,2006,,,,,GLP,900922
30661395,86,9698,2006,,,,,GLP,900930
30667921,86,9699,2006,,,,,GLP,900990
30674447,86,9700,2006,,,,,GLP,901010
30680973,86,9701,2006,,,,,GLP,901020
30687499,86,9702,2006,,,,,GLP,901030
30694025,86,9703,2006,,,,,GLP,901090
30700551,86,9704,2006,,,,,GLP,901110
30707077,86,9705,2006,,,,,GLP,901120
30713603,86,9706,2006,,,,,GLP,901180
30720129,86,9707,2006,,,,,GLP,901190
30726655,86,9708,2006,,,,,GLP,901210
30733181,86,9709,2006,,,,,GLP,901290
30739707,86,9710,2006,,,,,GLP,901310
30746233,86,9711,2006,,,,,GLP,901320
30752759,86,9712,2006,,,,,GLP,901380
30759285,86,9713,2006,,,,,GLP,901390
30765811,86,9714,2006,,,,,GLP,901410
30772337,86,9715,2006,,,,,GLP,901420
30778863,86,9716,2006,,,,,GLP,901480
30785389,86,9717,2006,,,,,GLP,901490
30791915,86,9718,2006,,,,,GLP,901510
30798441,86,9719,2006,,,,,GLP,901520
30804967,86,9720,2006,,,,,GLP,901530
30811493,86,9721,2006,,,,,GLP,901540
30818019,86,9722,2006,,,,,GLP,901580
30824545,86,9723,2006,,,,,GLP,901590
30831071,86,9724,2006,,,,,GLP,901600
30837597,86,9725,2006,,,,,GLP,901710
30844123,86,9726,2006,,,,,GLP,901720
30850649,86,9727,2006,,,,,GLP,901730
30857175,86,9728,2006,,,,,GLP,901780
30863701,86,9729,2006,,,,,GLP,901790
30870227,86,9730,2006,,,,,GLP,901811
30876753,86,9731,2006,,,,,GLP,901819
30883279,86,9732,2006,,,,,GLP,901820
30889805,86,9733,2006,,,,,GLP,901831
30896331,86,9734,2006,,,,,GLP,901832
30902857,86,9735,2006,,,,,GLP,901839
30909383,86,9736,2006,,,,,GLP,901841
30915909,86,9737,2006,,,,,GLP,901849
30922435,86,9738,2006,,,,,GLP,901850
30928961,86,9739,2006,,,,,GLP,901890
30935487,86,9740,2006,,,,,GLP,901910
30942013,86,9741,2006,,,,,GLP,901920
30948539,86,9742,2006,,,,,GLP,902000
30955065,86,9743,2006,,,,,GLP,902111
30961591,86,9744,2006,,,,,GLP,902119
30968117,86,9745,2006,,,,,GLP,902121
30974643,86,9746,2006,,,,,GLP,902129
30981169,86,9747,2006,,,,,GLP,902130
30987695,86,9748,2006,,,,,GLP,902140
30994221,86,9749,2006,,,,,GLP,902150
31000747,86,9750,2006,,,,,GLP,902190
31007273,86,9751,2006,,,,,GLP,902211
31013799,86,9752,2006,,,,,GLP,902219
31020325,86,9753,2006,,,,,GLP,902221
31026851,86,9754,2006,,,,,GLP,902229
31033377,86,9755,2006,,,,,GLP,902230
31039903,86,9756,2006,,,,,GLP,902290
31046429,86,9757,2006,,,,,GLP,902300
31052955,86,9758,2006,,,,,GLP,902410
31059481,86,9759,2006,,,,,GLP,902480
31066007,86,9760,2006,,,,,GLP,902490
31072533,86,9761,2006,,,,,GLP,902511
31079059,86,9762,2006,,,,,GLP,902519
31085585,86,9763,2006,,,,,GLP,902520
31092111,86,9764,2006,,,,,GLP,902580
31098637,86,9765,2006,,,,,GLP,902590
31105163,86,9766,2006,,,,,GLP,902610
31111689,86,9767,2006,,,,,GLP,902620
31118215,86,9768,2006,,,,,GLP,902680
31124741,86,9769,2006,,,,,GLP,902690
31131267,86,9770,2006,,,,,GLP,902710
31137793,86,9771,2006,,,,,GLP,902720
31144319,86,9772,2006,,,,,GLP,902730
31150845,86,9773,2006,,,,,GLP,902740
31157371,86,9774,2006,,,,,GLP,902750
31163897,86,9775,2006,,,,,GLP,902780
31170423,86,9776,2006,,,,,GLP,902790
31176949,86,9777,2006,,,,,GLP,902810
31183475,86,9778,2006,,,,,GLP,902820
31190001,86,9779,2006,,,,,GLP,902830
31196527,86,9780,2006,,,,,GLP,902890
31203053,86,9781,2006,,,,,GLP,902910
31209579,86,9782,2006,,,,,GLP,902920
31216105,86,9783,2006,,,,,GLP,902990
31222631,86,9784,2006,,,,,GLP,903010
31229157,86,9785,2006,,,,,GLP,903020
31235683,86,9786,2006,,,,,GLP,903031
31242209,86,9787,2006,,,,,GLP,903039
31248735,86,9788,2006,,,,,GLP,903040
31255261,86,9789,2006,,,,,GLP,903081
31261787,86,9790,2006,,,,,GLP,903089
31268313,86,9791,2006,,,,,GLP,903090
31274839,86,9792,2006,,,,,GLP,903110
31281365,86,9793,2006,,,,,GLP,903120
31287891,86,9794,2006,,,,,GLP,903130
31294417,86,9795,2006,,,,,GLP,903140
31300943,86,9796,2006,,,,,GLP,903180
31307469,86,9797,2006,,,,,GLP,903190
31313995,86,9798,2006,,,,,GLP,903210
31320521,86,9799,2006,,,,,GLP,903220
31327047,86,9800,2006,,,,,GLP,903281
31333573,86,9801,2006,,,,,GLP,903289
31340099,86,9802,2006,,,,,GLP,903290
31346625,86,9803,2006,,,,,GLP,903300
31353151,86,9804,2006,,,,,GLP,910111
31359677,86,9805,2006,,,,,GLP,910112
31366203,86,9806,2006,,,,,GLP,910119
31372729,86,9807,2006,,,,,GLP,910121
31379255,86,9808,2006,,,,,GLP,910129
31385781,86,9809,2006,,,,,GLP,910191
31392307,86,9810,2006,,,,,GLP,910199
31398833,86,9811,2006,,,,,GLP,910211
31405359,86,9812,2006,,,,,GLP,910212
31411885,86,9813,2006,,,,,GLP,910219
31418411,86,9814,2006,,,,,GLP,910221
31424937,86,9815,2006,,,,,GLP,910229
31431463,86,9816,2006,,,,,GLP,910291
31437989,86,9817,2006,,,,,GLP,910299
31444515,86,9818,2006,,,,,GLP,910310
31451041,86,9819,2006,,,,,GLP,910390
31457567,86,9820,2006,,,,,GLP,910400
31464093,86,9821,2006,,,,,GLP,910511
31470619,86,9822,2006,,,,,GLP,910519
31477145,86,9823,2006,,,,,GLP,910521
31483671,86,9824,2006,,,,,GLP,910529
31490197,86,9825,2006,,,,,GLP,910591
31496723,86,9826,2006,,,,,GLP,910599
31503249,86,9827,2006,,,,,GLP,910610
31509775,86,9828,2006,,,,,GLP,910620
31516301,86,9829,2006,,,,,GLP,910690
31522827,86,9830,2006,,,,,GLP,910700
31529353,86,9831,2006,,,,,GLP,910811
31535879,86,9832,2006,,,,,GLP,910812
31542405,86,9833,2006,,,,,GLP,910819
31548931,86,9834,2006,,,,,GLP,910820
31555457,86,9835,2006,,,,,GLP,910891
31561983,86,9836,2006,,,,,GLP,910899
31568509,86,9837,2006,,,,,GLP,910911
31575035,86,9838,2006,,,,,GLP,910919
31581561,86,9839,2006,,,,,GLP,910990
31588087,86,9840,2006,,,,,GLP,911011
31594613,86,9841,2006,,,,,GLP,911012
31601139,86,9842,2006,,,,,GLP,911019
31607665,86,9843,2006,,,,,GLP,911090
31614191,86,9844,2006,,,,,GLP,911110
31620717,86,9845,2006,,,,,GLP,911120
31627243,86,9846,2006,,,,,GLP,911180
31633769,86,9847,2006,,,,,GLP,911190
31640295,86,9848,2006,,,,,GLP,911210
31646821,86,9849,2006,,,,,GLP,911280
31653347,86,9850,2006,,,,,GLP,911290
31659873,86,9851,2006,,,,,GLP,911310
31666399,86,9852,2006,,,,,GLP,911320
31672925,86,9853,2006,,,,,GLP,911390
31679451,86,9854,2006,,,,,GLP,911410
31685977,86,9855,2006,,,,,GLP,911420
31692503,86,9856,2006,,,,,GLP,911430
31699029,86,9857,2006,,,,,GLP,911440
31705555,86,9858,2006,,,,,GLP,911490
31712081,86,9859,2006,,,,,GLP,920110
31718607,86,9860,2006,,,,,GLP,920120
31725133,86,9861,2006,,,,,GLP,920190
31731659,86,9862,2006,,,,,GLP,920210
31738185,86,9863,2006,,,,,GLP,920290
31744711,86,9864,2006,,,,,GLP,920300
31751237,86,9865,2006,,,,,GLP,920410
31757763,86,9866,2006,,,,,GLP,920420
31764289,86,9867,2006,,,,,GLP,920510
31770815,86,9868,2006,,,,,GLP,920590
31777341,86,9869,2006,,,,,GLP,920600
31783867,86,9870,2006,,,,,GLP,920710
31790393,86,9871,2006,,,,,GLP,920790
31796919,86,9872,2006,,,,,GLP,920810
31803445,86,9873,2006,,,,,GLP,920890
31809971,86,9874,2006,,,,,GLP,920910
31816497,86,9875,2006,,,,,GLP,920920
31823023,86,9876,2006,,,,,GLP,920930
31829549,86,9877,2006,,,,,GLP,920991
31836075,86,9878,2006,,,,,GLP,920992
31842601,86,9879,2006,,,,,GLP,920993
31849127,86,9880,2006,,,,,GLP,920994
31855653,86,9881,2006,,,,,GLP,920999
31862179,86,9882,2006,,,,,GLP,930100
31868705,86,9883,2006,,,,,GLP,930200
31875231,86,9884,2006,,,,,GLP,930310
31881757,86,9885,2006,,,,,GLP,930320
31888283,86,9886,2006,,,,,GLP,930330
31894809,86,9887,2006,,,,,GLP,930390
31901335,86,9888,2006,,,,,GLP,930400
31907861,86,9889,2006,,,,,GLP,930510
31914387,86,9890,2006,,,,,GLP,930521
31920913,86,9891,2006,,,,,GLP,930529
31927439,86,9892,2006,,,,,GLP,930590
31933965,86,9893,2006,,,,,GLP,930610
31940491,86,9894,2006,,,,,GLP,930621
31947017,86,9895,2006,,,,,GLP,930629
31953543,86,9896,2006,,,,,GLP,930630
31960069,86,9897,2006,,,,,GLP,930690
31966595,86,9898,2006,,,,,GLP,930700
31973121,86,9899,2006,,,,,GLP,940110
31979647,86,9900,2006,,,,,GLP,940120
31986173,86,9901,2006,,,,,GLP,940130
31992699,86,9902,2006,,,,,GLP,940140
31999225,86,9903,2006,,,,,GLP,940150
32005751,86,9904,2006,,,,,GLP,940161
32012277,86,9905,2006,,,,,GLP,940169
32018803,86,9906,2006,,,,,GLP,940171
32025329,86,9907,2006,,,,,GLP,940179
32031855,86,9908,2006,,,,,GLP,940180
32038381,86,9909,2006,,,,,GLP,940190
32044907,86,9910,2006,,,,,GLP,940210
32051433,86,9911,2006,,,,,GLP,940290
32057959,86,9912,2006,,,,,GLP,940310
32064485,86,9913,2006,,,,,GLP,940320
32071011,86,9914,2006,,,,,GLP,940330
32077537,86,9915,2006,,,,,GLP,940340
32084063,86,9916,2006,,,,,GLP,940350
32090589,86,9917,2006,,,,,GLP,940360
32097115,86,9918,2006,,,,,GLP,940370
32103641,86,9919,2006,,,,,GLP,940380
32110167,86,9920,2006,,,,,GLP,940390
32116693,86,9921,2006,,,,,GLP,940410
32123219,86,9922,2006,,,,,GLP,940421
32129745,86,9923,2006,,,,,GLP,940429
32136271,86,9924,2006,,,,,GLP,940430
32142797,86,9925,2006,,,,,GLP,940490
32149323,86,9926,2006,,,,,GLP,940510
32155849,86,9927,2006,,,,,GLP,940520
32162375,86,9928,2006,,,,,GLP,940530
32168901,86,9929,2006,,,,,GLP,940540
32175427,86,9930,2006,,,,,GLP,940550
32181953,86,9931,2006,,,,,GLP,940560
32188479,86,9932,2006,,,,,GLP,940591
32195005,86,9933,2006,,,,,GLP,940592
32201531,86,9934,2006,,,,,GLP,940599
32208057,86,9935,2006,,,,,GLP,940600
32214583,86,9936,2006,,,,,GLP,950100
32221109,86,9937,2006,,,,,GLP,950210
32227635,86,9938,2006,,,,,GLP,950291
32234161,86,9939,2006,,,,,GLP,950299
32240687,86,9940,2006,,,,,GLP,950310
32247213,86,9941,2006,,,,,GLP,950320
32253739,86,9942,2006,,,,,GLP,950330
32260265,86,9943,2006,,,,,GLP,950341
32266791,86,9944,2006,,,,,GLP,950349
32273317,86,9945,2006,,,,,GLP,950350
32279843,86,9946,2006,,,,,GLP,950360
32286369,86,9947,2006,,,,,GLP,950370
32292895,86,9948,2006,,,,,GLP,950380
32299421,86,9949,2006,,,,,GLP,950390
32305947,86,9950,2006,,,,,GLP,950410
32312473,86,9951,2006,,,,,GLP,950420
32318999,86,9952,2006,,,,,GLP,950430
32325525,86,9953,2006,,,,,GLP,950440
32332051,86,9954,2006,,,,,GLP,950490
32338577,86,9955,2006,,,,,GLP,950510
32345103,86,9956,2006,,,,,GLP,950590
32351629,86,9957,2006,,,,,GLP,950611
32358155,86,9958,2006,,,,,GLP,950612
32364681,86,9959,2006,,,,,GLP,950619
32371207,86,9960,2006,,,,,GLP,950621
32377733,86,9961,2006,,,,,GLP,950629
32384259,86,9962,2006,,,,,GLP,950631
32390785,86,9963,2006,,,,,GLP,950632
32397311,86,9964,2006,,,,,GLP,950639
32403837,86,9965,2006,,,,,GLP,950640
32410363,86,9966,2006,,,,,GLP,950651
32416889,86,9967,2006,,,,,GLP,950659
32423415,86,9968,2006,,,,,GLP,950661
32429941,86,9969,2006,,,,,GLP,950662
32436467,86,9970,2006,,,,,GLP,950669
32442993,86,9971,2006,,,,,GLP,950670
32449519,86,9972,2006,,,,,GLP,950691
32456045,86,9973,2006,,,,,GLP,950699
32462571,86,9974,2006,,,,,GLP,950710
32469097,86,9975,2006,,,,,GLP,950720
32475623,86,9976,2006,,,,,GLP,950730
32482149,86,9977,2006,,,,,GLP,950790
32488675,86,9978,2006,,,,,GLP,950800
32495201,86,9979,2006,,,,,GLP,960110
32501727,86,9980,2006,,,,,GLP,960190
32508253,86,9981,2006,,,,,GLP,960200
32514779,86,9982,2006,,,,,GLP,960310
32521305,86,9983,2006,,,,,GLP,960321
32527831,86,9984,2006,,,,,GLP,960329
32534357,86,9985,2006,,,,,GLP,960330
32540883,86,9986,2006,,,,,GLP,960340
32547409,86,9987,2006,,,,,GLP,960350
32553935,86,9988,2006,,,,,GLP,960390
32560461,86,9989,2006,,,,,GLP,960400
32566987,86,9990,2006,,,,,GLP,960500
32573513,86,9991,2006,,,,,GLP,960610
32580039,86,9992,2006,,,,,GLP,960621
32586565,86,9993,2006,,,,,GLP,960622
32593091,86,9994,2006,,,,,GLP,960629
32599617,86,9995,2006,,,,,GLP,960630
32606143,86,9996,2006,,,,,GLP,960711
32612669,86,9997,2006,,,,,GLP,960719
32619195,86,9998,2006,,,,,GLP,960720
32625721,86,9999,2006,,,,,GLP,960810
32632247,86,10000,2006,,,,,GLP,960820
32638773,86,10001,2006,,,,,GLP,960831
32645299,86,10002,2006,,,,,GLP,960839
32651825,86,10003,2006,,,,,GLP,960840
32658351,86,10004,2006,,,,,GLP,960850
32664877,86,10005,2006,,,,,GLP,960860
32671403,86,10006,2006,,,,,GLP,960891
32677929,86,10007,2006,,,,,GLP,960899
32684455,86,10008,2006,,,,,GLP,960910
32690981,86,10009,2006,,,,,GLP,960920
32697507,86,10010,2006,,,,,GLP,960990
32704033,86,10011,2006,,,,,GLP,961000
32710559,86,10012,2006,,,,,GLP,961100
32717085,86,10013,2006,,,,,GLP,961210
32723611,86,10014,2006,,,,,GLP,961220
32730137,86,10015,2006,,,,,GLP,961310
32736663,86,10016,2006,,,,,GLP,961320
32743189,86,10017,2006,,,,,GLP,961330
32749715,86,10018,2006,,,,,GLP,961380
32756241,86,10019,2006,,,,,GLP,961390
32762767,86,10020,2006,,,,,GLP,961410
32769293,86,10021,2006,,,,,GLP,961420
32775819,86,10022,2006,,,,,GLP,961490
32782345,86,10023,2006,,,,,GLP,961511
32788871,86,10024,2006,,,,,GLP,961519
32795397,86,10025,2006,,,,,GLP,961590
32801923,86,10026,2006,,,,,GLP,961610
32808449,86,10027,2006,,,,,GLP,961620
32814975,86,10028,2006,,,,,GLP,961700
32821501,86,10029,2006,,,,,GLP,961800
32828027,86,10030,2006,,,,,GLP,970110
32834553,86,10031,2006,,,,,GLP,970190
32841079,86,10032,2006,,,,,GLP,970200
32847605,86,10033,2006,,,,,GLP,970300
32854131,86,10034,2006,,,,,GLP,970400
32860657,86,10035,2006,,,,,GLP,970500
32867183,86,10036,2006,,,,,GLP,970600
32873709,86,10037,2006,,,,,GLP,999999
32880235,86,10038,2006,,,,,GLP,9999AA
32886761,86,10039,2006,,,,,GLP,XXXXXX
