,location_id,product_id,year,export_value,import_value,hs_eci,hs_coi,location_code,hs_product_code
4655,179,5000,1996,3.499077776467552e-08,1.4896587716369119e-08,0.39343,1.170144,PRT,010111
11181,179,5001,1996,9.112838921128918e-08,1.3842630769409349e-08,0.39343,1.170144,PRT,010119
17707,179,5002,1996,7.352890710610709e-09,0.0,0.39343,1.170144,PRT,010120
24233,179,5003,1996,2.7835164166354933e-07,3.7314530381925254e-06,0.39343,1.170144,PRT,010210
30759,179,5004,1996,4.6954377021360326e-07,6.456943611039211e-06,0.39343,1.170144,PRT,010290
37285,179,5005,1996,3.7284768148755766e-08,3.33078235611471e-07,0.39343,1.170144,PRT,010310
43811,179,5006,1996,1.0983789598977192e-07,6.537479510540028e-07,0.39343,1.170144,PRT,010391
50337,179,5007,1996,8.738209381852934e-07,3.452938982307667e-05,0.39343,1.170144,PRT,010392
56863,179,5008,1996,9.228314215152382e-07,1.2018947189506716e-06,0.39343,1.170144,PRT,010410
63389,179,5009,1996,2.381568088307351e-09,2.84939580641589e-07,0.39343,1.170144,PRT,010420
69915,179,5010,1996,6.634253524834342e-07,2.916202093801043e-06,0.39343,1.170144,PRT,010511
76441,179,5011,1996,5.606185218690163e-10,6.381798800751994e-07,0.39343,1.170144,PRT,010519
82967,179,5012,1996,2.031308787695532e-07,7.84970893878529e-07,0.39343,1.170144,PRT,010591
89493,179,5013,1996,0.0,1.3226662534841823e-07,0.39343,1.170144,PRT,010599
96019,179,5014,1996,3.4346278590453343e-07,1.5175395786470219e-06,0.39343,1.170144,PRT,010600
102545,179,5015,1996,6.989337175104623e-08,1.4052926997896032e-05,0.39343,1.170144,PRT,020110
109071,179,5016,1996,3.475349976325744e-08,1.9643842802876457e-05,0.39343,1.170144,PRT,020120
115597,179,5017,1996,1.0477202581134795e-08,5.4397840131474315e-06,0.39343,1.170144,PRT,020130
122123,179,5018,1996,0.0,1.7189938375013183e-06,0.39343,1.170144,PRT,020210
128649,179,5019,1996,6.73230115875365e-08,1.9467413392852413e-07,0.39343,1.170144,PRT,020220
135175,179,5020,1996,6.365532400265387e-07,6.234272999982813e-06,0.39343,1.170144,PRT,020230
141701,179,5021,1996,2.3113119812208035e-07,1.813598073646034e-05,0.39343,1.170144,PRT,020311
148227,179,5022,1996,2.6143611415504744e-08,1.0871629543026441e-05,0.39343,1.170144,PRT,020312
154753,179,5023,1996,2.351540148127891e-07,1.1566095364131323e-05,0.39343,1.170144,PRT,020319
161279,179,5024,1996,5.327603268877089e-08,7.368428447647171e-07,0.39343,1.170144,PRT,020321
167805,179,5025,1996,2.4694094347582546e-07,3.765067304707496e-06,0.39343,1.170144,PRT,020322
174331,179,5026,1996,6.039555457576467e-07,1.1442693908725446e-05,0.39343,1.170144,PRT,020329
180857,179,5027,1996,3.170706841171733e-08,7.935918639850573e-06,0.39343,1.170144,PRT,020410
187383,179,5028,1996,1.8097371960009543e-09,1.8421593126096373e-06,0.39343,1.170144,PRT,020421
193909,179,5029,1996,1.5609437871066503e-09,6.800223023025045e-07,0.39343,1.170144,PRT,020422
200435,179,5030,1996,5.839523738603214e-10,3.2529817731809565e-08,0.39343,1.170144,PRT,020423
206961,179,5031,1996,5.142538549252544e-09,1.6181023173050846e-06,0.39343,1.170144,PRT,020430
213487,179,5032,1996,2.713393645846039e-09,3.209017185440638e-07,0.39343,1.170144,PRT,020441
220013,179,5033,1996,2.1465022572728667e-08,1.325129463556448e-06,0.39343,1.170144,PRT,020442
226539,179,5034,1996,4.884957066231645e-10,2.2952398267565393e-08,0.39343,1.170144,PRT,020443
233065,179,5035,1996,4.314944396158337e-09,2.4261127763307544e-07,0.39343,1.170144,PRT,020450
239591,179,5036,1996,0.0,1.4427278585270052e-09,0.39343,1.170144,PRT,020500
246117,179,5037,1996,2.1120469459558358e-08,3.5372187158579055e-07,0.39343,1.170144,PRT,020610
252643,179,5038,1996,2.4594486072913173e-09,5.308926972357321e-08,0.39343,1.170144,PRT,020621
259169,179,5039,1996,2.665513793708037e-09,4.836883518990198e-07,0.39343,1.170144,PRT,020622
265695,179,5040,1996,4.5951021385734214e-08,4.540910533705751e-07,0.39343,1.170144,PRT,020629
272221,179,5041,1996,6.398172519719718e-08,1.8767824611832702e-07,0.39343,1.170144,PRT,020630
278747,179,5042,1996,4.388703611413969e-08,2.3911233942897032e-08,0.39343,1.170144,PRT,020641
285273,179,5043,1996,1.9950504059973548e-07,7.797673957441679e-07,0.39343,1.170144,PRT,020649
291799,179,5044,1996,5.921343739092206e-10,1.6153050227666126e-08,0.39343,1.170144,PRT,020680
298325,179,5045,1996,0.0,1.3810150335194865e-08,0.39343,1.170144,PRT,020690
304851,179,5046,1996,1.4195679173728383e-07,4.150033696842608e-06,0.39343,1.170144,PRT,020710
311377,179,5047,1996,1.6890372403907105e-06,4.0779582875886613e-07,0.39343,1.170144,PRT,020721
317903,179,5048,1996,9.469392301037613e-08,8.566548807568919e-08,0.39343,1.170144,PRT,020722
324429,179,5049,1996,8.588069680955633e-09,6.465545291745012e-07,0.39343,1.170144,PRT,020723
330955,179,5050,1996,0.0,1.2355159455586881e-08,0.39343,1.170144,PRT,020731
337481,179,5051,1996,6.313322148842245e-08,1.908791266235639e-06,0.39343,1.170144,PRT,020739
344007,179,5052,1996,1.4961908326455848e-07,1.8399824606512625e-06,0.39343,1.170144,PRT,020741
350533,179,5053,1996,2.0176084831692088e-07,5.209096037768091e-07,0.39343,1.170144,PRT,020742
357059,179,5054,1996,2.373052747515719e-08,9.792850915666763e-08,0.39343,1.170144,PRT,020743
363585,179,5055,1996,0.0,0.0,0.39343,1.170144,PRT,020750
370111,179,5056,1996,1.0997214139798164e-09,2.5549974593248404e-06,0.39343,1.170144,PRT,020810
376637,179,5057,1996,0.0,1.1941199635853311e-08,0.39343,1.170144,PRT,020820
383163,179,5058,1996,3.459289013266794e-08,5.472625046468296e-07,0.39343,1.170144,PRT,020890
389689,179,5059,1996,4.638497042536472e-08,1.6462045215606563e-07,0.39343,1.170144,PRT,020900
396215,179,5060,1996,1.637127298673067e-07,1.7813459967700586e-06,0.39343,1.170144,PRT,021011
402741,179,5061,1996,8.694314466775783e-08,2.3620766059778938e-07,0.39343,1.170144,PRT,021012
409267,179,5062,1996,6.788917568721644e-07,9.989384057304564e-07,0.39343,1.170144,PRT,021019
415793,179,5063,1996,0.0,1.123027584615875e-08,0.39343,1.170144,PRT,021020
422319,179,5064,1996,9.2750849517282e-08,8.501753655641046e-08,0.39343,1.170144,PRT,021090
428845,179,5065,1996,2.5431171337172823e-08,1.0647464169130174e-06,0.39343,1.170144,PRT,030110
435371,179,5066,1996,0.0,1.0978718197497598e-08,0.39343,1.170144,PRT,030191
441897,179,5067,1996,1.5904141391346297e-06,4.29868603838623e-08,0.39343,1.170144,PRT,030192
448423,179,5068,1996,0.0,0.0,0.39343,1.170144,PRT,030193
454949,179,5069,1996,4.7334991542153563e-07,7.999350939273446e-07,0.39343,1.170144,PRT,030199
461475,179,5070,1996,4.32736891475111e-10,1.219640304753854e-07,0.39343,1.170144,PRT,030211
468001,179,5071,1996,2.434245319807358e-06,1.0229773408090966e-05,0.39343,1.170144,PRT,030212
474527,179,5072,1996,2.1178501052497773e-07,2.5279376118611514e-06,0.39343,1.170144,PRT,030219
481053,179,5073,1996,9.432936945264184e-09,3.75479453880466e-07,0.39343,1.170144,PRT,030221
487579,179,5074,1996,8.445945309735867e-09,1.1171976781073774e-07,0.39343,1.170144,PRT,030222
494105,179,5075,1996,3.2956065871033723e-07,5.892978208814084e-08,0.39343,1.170144,PRT,030223
500631,179,5076,1996,2.609497397076962e-07,3.052093601894398e-07,0.39343,1.170144,PRT,030229
507157,179,5077,1996,2.302157232277202e-07,3.3813457749286037e-08,0.39343,1.170144,PRT,030231
513683,179,5078,1996,3.763144252119801e-08,5.449036959702533e-07,0.39343,1.170144,PRT,030232
520209,179,5079,1996,3.7384770371575645e-08,4.5525670323927243e-07,0.39343,1.170144,PRT,030233
526735,179,5080,1996,4.5993507178580717e-07,1.1802329207936286e-08,0.39343,1.170144,PRT,030239
533261,179,5081,1996,5.5037586995595e-09,3.904280765781787e-09,0.39343,1.170144,PRT,030240
539787,179,5082,1996,1.482626894786743e-07,4.49421825235742e-07,0.39343,1.170144,PRT,030250
546313,179,5083,1996,2.203769893837345e-06,3.2588776348568893e-06,0.39343,1.170144,PRT,030261
552839,179,5084,1996,1.179420155196871e-09,0.0,0.39343,1.170144,PRT,030262
559365,179,5085,1996,7.407467681307256e-08,7.993003997281534e-08,0.39343,1.170144,PRT,030263
565891,179,5086,1996,1.8987452350514233e-07,5.762734981944027e-07,0.39343,1.170144,PRT,030264
572417,179,5087,1996,9.012260927935228e-08,2.426033232410229e-07,0.39343,1.170144,PRT,030265
578943,179,5088,1996,3.1863890079321224e-07,9.089649514923196e-08,0.39343,1.170144,PRT,030266
585469,179,5089,1996,6.308045061847743e-06,2.1242234799541386e-05,0.39343,1.170144,PRT,030269
591995,179,5090,1996,3.504274861683797e-07,2.3960948893225326e-07,0.39343,1.170144,PRT,030270
598521,179,5091,1996,7.755929972278705e-09,2.398994928091683e-07,0.39343,1.170144,PRT,030310
605047,179,5092,1996,1.7780698254413263e-08,4.669891000837469e-09,0.39343,1.170144,PRT,030321
611573,179,5093,1996,1.7698544913181538e-07,9.744991990150729e-08,0.39343,1.170144,PRT,030322
618099,179,5094,1996,1.411240459545292e-07,1.9508709944925113e-07,0.39343,1.170144,PRT,030329
624625,179,5095,1996,1.1265162519918058e-06,5.910888848252357e-07,0.39343,1.170144,PRT,030331
631151,179,5096,1996,5.801335010967574e-07,4.1932870293602306e-07,0.39343,1.170144,PRT,030332
637677,179,5097,1996,3.1005234629745085e-07,5.590306962555405e-07,0.39343,1.170144,PRT,030333
644203,179,5098,1996,6.968100339422148e-07,1.654245086193752e-06,0.39343,1.170144,PRT,030339
650729,179,5099,1996,2.2021486456795074e-06,3.643293848208369e-07,0.39343,1.170144,PRT,030341
657255,179,5100,1996,1.7100561924422547e-07,2.8358024132641262e-06,0.39343,1.170144,PRT,030342
663781,179,5101,1996,2.3710648245408754e-07,3.1351778897490425e-06,0.39343,1.170144,PRT,030343
670307,179,5102,1996,1.6598881076239102e-06,1.0538310024189378e-06,0.39343,1.170144,PRT,030349
676833,179,5103,1996,0.0,6.929269776757201e-09,0.39343,1.170144,PRT,030350
683359,179,5104,1996,2.3806659470427004e-06,2.2937560343490413e-05,0.39343,1.170144,PRT,030360
689885,179,5105,1996,1.5213662407219697e-06,2.7639623214417327e-07,0.39343,1.170144,PRT,030371
696411,179,5106,1996,6.2758970745445015e-09,5.029727811313639e-08,0.39343,1.170144,PRT,030372
702937,179,5107,1996,0.0,1.3168827475959911e-08,0.39343,1.170144,PRT,030373
709463,179,5108,1996,2.606985220024911e-07,9.205157230515948e-07,0.39343,1.170144,PRT,030374
715989,179,5109,1996,5.055385096879826e-07,3.7776833019358054e-07,0.39343,1.170144,PRT,030375
722515,179,5110,1996,7.90987278801355e-09,3.0576351616909916e-08,0.39343,1.170144,PRT,030376
729041,179,5111,1996,1.5131851497841873e-08,6.717318371857587e-08,0.39343,1.170144,PRT,030377
735567,179,5112,1996,6.870922421804333e-07,2.222046394556309e-05,0.39343,1.170144,PRT,030378
742093,179,5113,1996,3.902550987175178e-06,1.3850091326288614e-05,0.39343,1.170144,PRT,030379
748619,179,5114,1996,2.7966682241215018e-08,9.058852760359831e-07,0.39343,1.170144,PRT,030380
755145,179,5115,1996,2.593827351798126e-07,1.6109035924975479e-07,0.39343,1.170144,PRT,030410
761671,179,5116,1996,2.984880892505601e-06,8.57774163148583e-06,0.39343,1.170144,PRT,030420
768197,179,5117,1996,7.256534023368174e-07,1.0073945873482964e-06,0.39343,1.170144,PRT,030490
774723,179,5118,1996,1.394273415740186e-09,7.762028338056294e-08,0.39343,1.170144,PRT,030510
781249,179,5119,1996,6.366808186198937e-10,1.728754539415773e-08,0.39343,1.170144,PRT,030520
787775,179,5120,1996,8.216940219478345e-08,8.478768776939266e-07,0.39343,1.170144,PRT,030530
794301,179,5121,1996,1.3259991708877052e-08,3.0732589134141623e-07,0.39343,1.170144,PRT,030541
800827,179,5122,1996,0.0,8.37683655711616e-08,0.39343,1.170144,PRT,030542
807353,179,5123,1996,2.4904492963654793e-08,8.075000522022995e-08,0.39343,1.170144,PRT,030549
813879,179,5124,1996,2.9047618389156638e-06,3.275117454244529e-05,0.39343,1.170144,PRT,030551
820405,179,5125,1996,2.5121831127916666e-07,2.332718270644027e-07,0.39343,1.170144,PRT,030559
826931,179,5126,1996,0.0,1.0981667951217076e-07,0.39343,1.170144,PRT,030561
833457,179,5127,1996,1.214879125186567e-06,6.628963470685638e-05,0.39343,1.170144,PRT,030562
839983,179,5128,1996,6.159106599772438e-08,1.0573574495622245e-07,0.39343,1.170144,PRT,030563
846509,179,5129,1996,4.1196673283246104e-08,6.24187773021803e-07,0.39343,1.170144,PRT,030569
853035,179,5130,1996,2.0417393225726842e-07,1.3956577435561792e-06,0.39343,1.170144,PRT,030611
859561,179,5131,1996,0.0,5.0054337722532145e-08,0.39343,1.170144,PRT,030612
866087,179,5132,1996,4.3756872614843255e-06,2.8382353635032922e-05,0.39343,1.170144,PRT,030613
872613,179,5133,1996,1.438207725632386e-07,9.36343968937116e-07,0.39343,1.170144,PRT,030614
879139,179,5134,1996,2.63958897503458e-07,2.519835400689649e-07,0.39343,1.170144,PRT,030619
885665,179,5135,1996,7.99719897149841e-07,9.523992464291365e-07,0.39343,1.170144,PRT,030621
892191,179,5136,1996,2.9685811362600383e-08,1.943781642575697e-07,0.39343,1.170144,PRT,030622
898717,179,5137,1996,1.2625138203601414e-06,2.7684532386213885e-07,0.39343,1.170144,PRT,030623
905243,179,5138,1996,1.5482222922158063e-07,2.6606752035056797e-06,0.39343,1.170144,PRT,030624
911769,179,5139,1996,6.46999229792672e-07,6.136647752023148e-08,0.39343,1.170144,PRT,030629
918295,179,5140,1996,2.3095967915809233e-08,1.894537327110514e-08,0.39343,1.170144,PRT,030710
924821,179,5141,1996,1.0618629967165211e-07,9.566681034973258e-08,0.39343,1.170144,PRT,030721
931347,179,5142,1996,2.8537664629812636e-07,2.0977753583825892e-07,0.39343,1.170144,PRT,030729
937873,179,5143,1996,5.305269439113983e-09,1.077647777956211e-07,0.39343,1.170144,PRT,030731
944399,179,5144,1996,2.0086204045969736e-08,5.599262282274541e-07,0.39343,1.170144,PRT,030739
950925,179,5145,1996,2.8699698534484727e-07,1.8790179767830323e-06,0.39343,1.170144,PRT,030741
957451,179,5146,1996,1.5311810043361825e-06,7.522263738479017e-06,0.39343,1.170144,PRT,030749
963977,179,5147,1996,2.5789058080052447e-06,2.1460220605111848e-07,0.39343,1.170144,PRT,030751
970503,179,5148,1996,3.063278392677842e-06,3.932838358982366e-06,0.39343,1.170144,PRT,030759
977029,179,5149,1996,5.831099308923236e-08,2.8281410079855347e-07,0.39343,1.170144,PRT,030760
983555,179,5150,1996,8.876345785641459e-07,4.910183241754231e-07,0.39343,1.170144,PRT,030791
990081,179,5151,1996,6.20581066819971e-07,2.4936435762586917e-06,0.39343,1.170144,PRT,030799
996607,179,5152,1996,1.064666695399944e-06,1.4671110530650187e-06,0.39343,1.170144,PRT,040110
1003133,179,5153,1996,7.440032647575951e-06,1.333792790800656e-05,0.39343,1.170144,PRT,040120
1009659,179,5154,1996,1.5284633681717926e-06,1.5815144338944776e-06,0.39343,1.170144,PRT,040130
1016185,179,5155,1996,3.90080882723884e-06,2.831942544520638e-06,0.39343,1.170144,PRT,040210
1022711,179,5156,1996,4.867490617386517e-06,2.3629409832476017e-06,0.39343,1.170144,PRT,040221
1029237,179,5157,1996,2.557329570839259e-09,3.419427426880075e-08,0.39343,1.170144,PRT,040229
1035763,179,5158,1996,1.1875718515418855e-08,1.8167930877871323e-07,0.39343,1.170144,PRT,040291
1042289,179,5159,1996,1.9301035078314263e-07,2.0223637445286113e-06,0.39343,1.170144,PRT,040299
1048815,179,5160,1996,3.021078969833047e-06,6.134340978327915e-06,0.39343,1.170144,PRT,040310
1055341,179,5161,1996,4.7248141126819693e-07,1.3552921867866266e-06,0.39343,1.170144,PRT,040390
1061867,179,5162,1996,3.847352184474916e-07,6.683956325857282e-07,0.39343,1.170144,PRT,040410
1068393,179,5163,1996,1.1038305962265968e-07,7.433120855344364e-07,0.39343,1.170144,PRT,040490
1074919,179,5164,1996,8.234447578323717e-06,3.105379079955267e-06,0.39343,1.170144,PRT,040500
1081445,179,5165,1996,9.91797802964448e-08,4.437347994944879e-06,0.39343,1.170144,PRT,040610
1087971,179,5166,1996,2.2979904729930405e-08,6.44058838668021e-07,0.39343,1.170144,PRT,040620
1094497,179,5167,1996,2.469895809205606e-06,2.721059313607424e-06,0.39343,1.170144,PRT,040630
1101023,179,5168,1996,3.524017724764752e-09,2.7183803406507335e-07,0.39343,1.170144,PRT,040640
1107549,179,5169,1996,3.7386203736769396e-06,9.196011668253555e-06,0.39343,1.170144,PRT,040690
1114075,179,5170,1996,9.995428236033282e-07,2.4309294921515614e-06,0.39343,1.170144,PRT,040700
1120601,179,5171,1996,0.0,2.4844648706960805e-07,0.39343,1.170144,PRT,040811
1127127,179,5172,1996,7.163795598369485e-09,1.680839270289366e-07,0.39343,1.170144,PRT,040819
1133653,179,5173,1996,5.252237957315563e-09,2.902915607609306e-07,0.39343,1.170144,PRT,040891
1140179,179,5174,1996,5.494091818020245e-08,5.29518244575656e-07,0.39343,1.170144,PRT,040899
1146705,179,5175,1996,3.9359329413006085e-07,6.687767805382451e-07,0.39343,1.170144,PRT,040900
1153231,179,5176,1996,9.839612651398356e-10,1.0989025763865664e-07,0.39343,1.170144,PRT,041000
1159757,179,5177,1996,0.0,4.437887899305444e-09,0.39343,1.170144,PRT,050100
1166283,179,5178,1996,0.0,2.578422812486529e-07,0.39343,1.170144,PRT,050210
1172809,179,5179,1996,2.9974302623583794e-08,1.8515836100268706e-08,0.39343,1.170144,PRT,050290
1179335,179,5180,1996,0.0,9.476332398576644e-09,0.39343,1.170144,PRT,050300
1185861,179,5181,1996,5.915874223578035e-06,8.889711893486915e-06,0.39343,1.170144,PRT,050400
1192387,179,5182,1996,3.7579017113477286e-08,1.0923269456231444e-07,0.39343,1.170144,PRT,050510
1198913,179,5183,1996,3.347953205193996e-09,1.5146488200019328e-09,0.39343,1.170144,PRT,050590
1205439,179,5184,1996,0.0,0.0,0.39343,1.170144,PRT,050610
1211965,179,5185,1996,2.585451408044364e-08,3.0627723732249148e-09,0.39343,1.170144,PRT,050690
1218491,179,5186,1996,0.0,0.0,0.39343,1.170144,PRT,050710
1225017,179,5187,1996,0.0,3.288478247715356e-09,0.39343,1.170144,PRT,050790
1231543,179,5188,1996,4.27585261814693e-10,7.393209693220813e-08,0.39343,1.170144,PRT,050800
1238069,179,5189,1996,0.0,5.121998759122947e-08,0.39343,1.170144,PRT,050900
1244595,179,5190,1996,1.0773239464385521e-07,0.0,0.39343,1.170144,PRT,051000
1251121,179,5191,1996,0.0,3.5952791491813056e-07,0.39343,1.170144,PRT,051110
1257647,179,5192,1996,1.663824861795586e-08,2.130955116231691e-07,0.39343,1.170144,PRT,051191
1264173,179,5193,1996,1.5807593790769287e-07,1.5023692272708448e-07,0.39343,1.170144,PRT,051199
1270699,179,5194,1996,1.2992652433205244e-07,1.3597933783893501e-06,0.39343,1.170144,PRT,060110
1277225,179,5195,1996,2.3876591327881982e-08,7.307600548755496e-08,0.39343,1.170144,PRT,060120
1283751,179,5196,1996,8.366246568518813e-07,2.7835466975410575e-07,0.39343,1.170144,PRT,060210
1290277,179,5197,1996,1.1774776877778547e-07,4.31578466696914e-07,0.39343,1.170144,PRT,060220
1296803,179,5198,1996,1.0232954727823213e-08,1.4762224777281856e-07,0.39343,1.170144,PRT,060230
1303329,179,5199,1996,9.64263857614708e-10,3.0967541989393127e-07,0.39343,1.170144,PRT,060240
1309855,179,5200,1996,0.0,0.0,0.39343,1.170144,PRT,060291
1316381,179,5201,1996,1.4332106448617806e-06,5.556021212778e-06,0.39343,1.170144,PRT,060299
1322907,179,5202,1996,2.0830038761526322e-07,3.5255625486039343e-06,0.39343,1.170144,PRT,060310
1329433,179,5203,1996,1.0386867239854171e-07,5.43590558415582e-07,0.39343,1.170144,PRT,060390
1335959,179,5204,1996,2.106713494072109e-09,5.9018274699725203e-08,0.39343,1.170144,PRT,060410
1342485,179,5205,1996,1.0451050484682203e-07,4.2386933506600697e-07,0.39343,1.170144,PRT,060491
1349011,179,5206,1996,3.960694097744888e-08,3.872154964879646e-07,0.39343,1.170144,PRT,060499
1355537,179,5207,1996,3.1374424654173744e-07,9.026001121182897e-06,0.39343,1.170144,PRT,070110
1362063,179,5208,1996,2.4553227580074e-06,7.150505945780127e-06,0.39343,1.170144,PRT,070190
1368589,179,5209,1996,1.0564513612767714e-06,3.3197284026257156e-06,0.39343,1.170144,PRT,070200
1375115,179,5210,1996,1.899254337276688e-07,1.7821576761924186e-06,0.39343,1.170144,PRT,070310
1381641,179,5211,1996,9.4650285676782e-08,2.029316214615522e-06,0.39343,1.170144,PRT,070320
1388167,179,5212,1996,3.086007988813684e-08,2.2201304798005574e-07,0.39343,1.170144,PRT,070390
1394693,179,5213,1996,5.045566696821147e-08,8.445154841857297e-07,0.39343,1.170144,PRT,070410
1401219,179,5214,1996,0.0,3.125380067338343e-08,0.39343,1.170144,PRT,070420
1407745,179,5215,1996,1.1273041482928108e-06,5.749199258134645e-07,0.39343,1.170144,PRT,070490
1414271,179,5216,1996,2.639392000959329e-07,5.414372382003627e-07,0.39343,1.170144,PRT,070511
1420797,179,5217,1996,9.638093020564359e-08,2.3880841536596336e-07,0.39343,1.170144,PRT,070519
1427323,179,5218,1996,0.0,9.231370266659045e-08,0.39343,1.170144,PRT,070521
1433849,179,5219,1996,3.894283530681324e-07,5.372296962375783e-08,0.39343,1.170144,PRT,070529
1440375,179,5220,1996,2.8158868331252494e-07,3.4969201085547947e-06,0.39343,1.170144,PRT,070610
1446901,179,5221,1996,1.5986112910354713e-07,6.256029919411484e-08,0.39343,1.170144,PRT,070690
1453427,179,5222,1996,4.7101046948162816e-09,2.5194840817073286e-07,0.39343,1.170144,PRT,070700
1459953,179,5223,1996,6.150106399718648e-08,1.0746483092864041e-07,0.39343,1.170144,PRT,070810
1466479,179,5224,1996,1.356857432553609e-07,1.0636039673544733e-06,0.39343,1.170144,PRT,070820
1473005,179,5225,1996,4.245276180927155e-08,4.1997102009426457e-07,0.39343,1.170144,PRT,070890
1479531,179,5226,1996,7.788051898396605e-10,6.914023858656525e-09,0.39343,1.170144,PRT,070910
1486057,179,5227,1996,1.7908579884807166e-08,5.238928322295088e-08,0.39343,1.170144,PRT,070920
1492583,179,5228,1996,9.260811907198453e-10,7.810417556375831e-08,0.39343,1.170144,PRT,070930
1499109,179,5229,1996,1.9594374931919243e-09,3.100025442670914e-08,0.39343,1.170144,PRT,070940
1505635,179,5230,1996,9.854288735189772e-07,2.9262286049832524e-07,0.39343,1.170144,PRT,070951
1512161,179,5231,1996,0.0,6.53917313318121e-10,0.39343,1.170144,PRT,070952
1518687,179,5232,1996,1.30454111816687e-07,1.1542886768153066e-06,0.39343,1.170144,PRT,070960
1525213,179,5233,1996,3.0736440776286807e-07,1.2355490888589071e-08,0.39343,1.170144,PRT,070970
1531739,179,5234,1996,5.141659741839885e-07,8.567311103473952e-07,0.39343,1.170144,PRT,070990
1538265,179,5235,1996,3.7305677704436284e-08,3.1837918196440627e-07,0.39343,1.170144,PRT,071010
1544791,179,5236,1996,8.014844818270536e-08,3.572903112904546e-06,0.39343,1.170144,PRT,071021
1551317,179,5237,1996,1.6965952871766214e-07,4.0175347369596563e-07,0.39343,1.170144,PRT,071022
1557843,179,5238,1996,7.073036005234474e-08,1.6002347641570967e-07,0.39343,1.170144,PRT,071029
1564369,179,5239,1996,6.248017666970475e-09,2.8217973803236445e-07,0.39343,1.170144,PRT,071030
1570895,179,5240,1996,1.948528159793392e-09,3.2304609006822403e-07,0.39343,1.170144,PRT,071040
1577421,179,5241,1996,2.397778448626453e-06,1.6635686279783197e-06,0.39343,1.170144,PRT,071080
1583947,179,5242,1996,1.8575261370273025e-08,5.337546212096308e-07,0.39343,1.170144,PRT,071090
1590473,179,5243,1996,0.0,1.57669307801164e-08,0.39343,1.170144,PRT,071110
1596999,179,5244,1996,3.912802124125332e-07,1.0496781469015145e-06,0.39343,1.170144,PRT,071120
1603525,179,5245,1996,0.0,1.592668148717131e-08,0.39343,1.170144,PRT,071130
1610051,179,5246,1996,2.1762907981916368e-08,2.2297155222238517e-08,0.39343,1.170144,PRT,071140
1616577,179,5247,1996,1.5231205221398614e-06,1.7855754133109875e-07,0.39343,1.170144,PRT,071190
1623103,179,5248,1996,0.0,0.0,0.39343,1.170144,PRT,071210
1629629,179,5249,1996,0.0,1.634995457426638e-07,0.39343,1.170144,PRT,071220
1636155,179,5250,1996,8.742709481879828e-08,2.6808289815027646e-08,0.39343,1.170144,PRT,071230
1642681,179,5251,1996,1.4557802374411107e-06,1.3567677265123703e-06,0.39343,1.170144,PRT,071290
1649207,179,5252,1996,5.536183662716248e-09,7.87460950023972e-07,0.39343,1.170144,PRT,071310
1655733,179,5253,1996,1.597105196952396e-07,1.939327183026282e-06,0.39343,1.170144,PRT,071320
1662259,179,5254,1996,3.3808327239090166e-08,2.3438544195175642e-07,0.39343,1.170144,PRT,071331
1668785,179,5255,1996,3.039158462607765e-09,6.387376818178829e-09,0.39343,1.170144,PRT,071332
1675311,179,5256,1996,5.462885063759666e-07,4.711833184398433e-06,0.39343,1.170144,PRT,071333
1681837,179,5257,1996,1.7761091757999787e-07,6.523009145664473e-07,0.39343,1.170144,PRT,071339
1688363,179,5258,1996,9.733549687801515e-10,2.839121383348043e-08,0.39343,1.170144,PRT,071340
1694889,179,5259,1996,1.547022265541968e-07,3.4545758967621765e-07,0.39343,1.170144,PRT,071350
1701415,179,5260,1996,3.112432818601239e-08,1.60473893865684e-07,0.39343,1.170144,PRT,071390
1707941,179,5261,1996,1.3319659701826247e-07,8.607191110895298e-06,0.39343,1.170144,PRT,071410
1714467,179,5262,1996,1.0421443765986742e-09,1.7474142174389913e-08,0.39343,1.170144,PRT,071420
1720993,179,5263,1996,2.807880594558882e-08,3.185402584034699e-08,0.39343,1.170144,PRT,071490
1727519,179,5264,1996,3.6669299922855236e-08,7.958283075972256e-07,0.39343,1.170144,PRT,080110
1734045,179,5265,1996,3.9069353270532325e-08,8.364838682436932e-08,0.39343,1.170144,PRT,080120
1740571,179,5266,1996,2.663998608513796e-09,7.903706003501858e-07,0.39343,1.170144,PRT,080130
1747097,179,5267,1996,7.753702650043172e-07,7.097107449065511e-08,0.39343,1.170144,PRT,080211
1753623,179,5268,1996,5.961811305259983e-07,2.557915726909111e-06,0.39343,1.170144,PRT,080212
1760149,179,5269,1996,1.8615565296439825e-09,3.8657682509274714e-08,0.39343,1.170144,PRT,080221
1766675,179,5270,1996,1.0850241175956828e-08,1.4627497261892187e-07,0.39343,1.170144,PRT,080222
1773201,179,5271,1996,3.2142532636542065e-08,1.3713802761458637e-06,0.39343,1.170144,PRT,080231
1779727,179,5272,1996,1.7955853662867472e-08,7.335888355492293e-07,0.39343,1.170144,PRT,080232
1786253,179,5273,1996,2.537544585609904e-06,2.5084639343845574e-07,0.39343,1.170144,PRT,080240
1792779,179,5274,1996,1.8851934186741355e-09,1.3070885709483156e-06,0.39343,1.170144,PRT,080250
1799305,179,5275,1996,1.3897548304539218e-06,4.69208706899404e-07,0.39343,1.170144,PRT,080290
1805831,179,5276,1996,6.422521242754124e-06,3.0135144690066418e-05,0.39343,1.170144,PRT,080300
1812357,179,5277,1996,4.625254323938809e-09,1.6727257903957888e-07,0.39343,1.170144,PRT,080410
1818883,179,5278,1996,5.508304255142222e-08,5.123165403290651e-07,0.39343,1.170144,PRT,080420
1825409,179,5279,1996,9.238084129284846e-09,1.4996146875896554e-06,0.39343,1.170144,PRT,080430
1831935,179,5280,1996,1.6064599503416377e-08,8.499566197826602e-08,0.39343,1.170144,PRT,080440
1838461,179,5281,1996,3.006551677227707e-08,1.713291201265661e-06,0.39343,1.170144,PRT,080450
1844987,179,5282,1996,4.400555390003319e-07,4.453635275538431e-06,0.39343,1.170144,PRT,080510
1851513,179,5283,1996,1.1470951942629425e-07,1.5696716698602744e-06,0.39343,1.170144,PRT,080520
1858039,179,5284,1996,6.499186886249348e-07,1.4466609739639773e-06,0.39343,1.170144,PRT,080530
1864565,179,5285,1996,1.2445125111414467e-08,7.12392037894257e-08,0.39343,1.170144,PRT,080540
1871091,179,5286,1996,4.961625437060219e-09,6.266403772379988e-09,0.39343,1.170144,PRT,080590
1877617,179,5287,1996,8.775558696890963e-08,5.710848482585397e-06,0.39343,1.170144,PRT,080610
1884143,179,5288,1996,3.8388732081279456e-08,7.420625831161855e-07,0.39343,1.170144,PRT,080620
1890669,179,5289,1996,1.8986603846805457e-07,5.729491257525503e-06,0.39343,1.170144,PRT,080710
1897195,179,5290,1996,9.275963759140859e-10,3.330719383844294e-07,0.39343,1.170144,PRT,080720
1903721,179,5291,1996,5.585475667455283e-07,1.4334105476828786e-05,0.39343,1.170144,PRT,080810
1910247,179,5292,1996,2.856425612997156e-06,3.271068403543391e-06,0.39343,1.170144,PRT,080820
1916773,179,5293,1996,9.52536324211286e-09,9.238104985263517e-07,0.39343,1.170144,PRT,080910
1923299,179,5294,1996,1.227642439188772e-07,2.559998451894864e-07,0.39343,1.170144,PRT,080920
1929825,179,5295,1996,9.388329893145741e-08,5.957278862702691e-06,0.39343,1.170144,PRT,080930
1936351,179,5296,1996,7.213720950519712e-07,1.0798766648959295e-06,0.39343,1.170144,PRT,080940
1942877,179,5297,1996,2.688823402736234e-07,1.6028153015121371e-06,0.39343,1.170144,PRT,081010
1949403,179,5298,1996,4.106757950469681e-08,7.942129031445583e-08,0.39343,1.170144,PRT,081020
1955929,179,5299,1996,0.0,5.174332030168528e-09,0.39343,1.170144,PRT,081030
1962455,179,5300,1996,9.149597313941194e-09,1.4937685408640507e-08,0.39343,1.170144,PRT,081040
1968981,179,5301,1996,4.296440954566271e-07,5.171103209861207e-06,0.39343,1.170144,PRT,081090
1975507,179,5302,1996,8.100816426191747e-08,6.03420181104665e-08,0.39343,1.170144,PRT,081110
1982033,179,5303,1996,1.0489839225654762e-07,5.972422699438694e-08,0.39343,1.170144,PRT,081120
1988559,179,5304,1996,2.57586331613521e-07,3.4413351483247413e-07,0.39343,1.170144,PRT,081190
1995085,179,5305,1996,1.1651774143710097e-09,1.5233787652795807e-07,0.39343,1.170144,PRT,081210
2001611,179,5306,1996,0.0,2.736960474753427e-07,0.39343,1.170144,PRT,081220
2008137,179,5307,1996,3.486319917132046e-08,5.122661625127325e-07,0.39343,1.170144,PRT,081290
2014663,179,5308,1996,1.0072951171311408e-09,1.2635717491939536e-07,0.39343,1.170144,PRT,081310
2021189,179,5309,1996,1.0469323618124745e-08,6.24078731564083e-07,0.39343,1.170144,PRT,081320
2027715,179,5310,1996,0.0,3.1248829178350595e-08,0.39343,1.170144,PRT,081330
2034241,179,5311,1996,2.5620478575341243e-07,9.22974624494832e-08,0.39343,1.170144,PRT,081340
2040767,179,5312,1996,4.5902535459518515e-08,2.956422151482635e-07,0.39343,1.170144,PRT,081350
2047293,179,5313,1996,2.8232748761323663e-08,4.3650389254243886e-08,0.39343,1.170144,PRT,081400
2053819,179,5314,1996,7.947146343791866e-08,2.6239457982031382e-05,0.39343,1.170144,PRT,090111
2060345,179,5315,1996,5.227085883091169e-09,1.4167508026814666e-06,0.39343,1.170144,PRT,090112
2066871,179,5316,1996,7.032346918991298e-06,5.076633866948382e-06,0.39343,1.170144,PRT,090121
2073397,179,5317,1996,5.228625311248517e-07,3.21260660485434e-07,0.39343,1.170144,PRT,090122
2079923,179,5318,1996,0.0,0.0,0.39343,1.170144,PRT,090130
2086449,179,5319,1996,2.313475665678179e-08,1.691368896768898e-08,0.39343,1.170144,PRT,090140
2092975,179,5320,1996,3.464319428111673e-09,2.1213037872079587e-08,0.39343,1.170144,PRT,090210
2099501,179,5321,1996,4.991020029828486e-10,4.648811861898274e-08,0.39343,1.170144,PRT,090220
2106027,179,5322,1996,4.680104027970318e-08,3.47104811697095e-07,0.39343,1.170144,PRT,090230
2112553,179,5323,1996,1.7170078621134306e-09,9.299943754811867e-08,0.39343,1.170144,PRT,090240
2119079,179,5324,1996,1.6173086763324e-09,1.4046130632753153e-09,0.39343,1.170144,PRT,090300
2125605,179,5325,1996,1.3403328228252213e-09,2.3087921222160316e-07,0.39343,1.170144,PRT,090411
2132131,179,5326,1996,2.0712884642307643e-08,1.4561343234655342e-07,0.39343,1.170144,PRT,090412
2138657,179,5327,1996,1.3230839545739864e-07,8.630187258319153e-07,0.39343,1.170144,PRT,090420
2145183,179,5328,1996,1.254270303792356e-09,1.8259638389576912e-08,0.39343,1.170144,PRT,090500
2151709,179,5329,1996,0.0,2.773663365415793e-08,0.39343,1.170144,PRT,090610
2158235,179,5330,1996,9.870825466399714e-09,7.07327741620815e-08,0.39343,1.170144,PRT,090620
2164761,179,5331,1996,2.2624745320400413e-09,1.2273958370050673e-08,0.39343,1.170144,PRT,090700
2171287,179,5332,1996,1.0546598063031015e-08,3.0186586406336116e-08,0.39343,1.170144,PRT,090810
2177813,179,5333,1996,0.0,2.468513000300743e-09,0.39343,1.170144,PRT,090820
2184339,179,5334,1996,0.0,3.7617645748406863e-10,0.39343,1.170144,PRT,090830
2190865,179,5335,1996,0.0,3.5296289001077866e-08,0.39343,1.170144,PRT,090910
2197391,179,5336,1996,1.6509457876445412e-09,6.079806992147802e-09,0.39343,1.170144,PRT,090920
2203917,179,5337,1996,1.4489109938445016e-08,9.242009266029299e-08,0.39343,1.170144,PRT,090930
2210443,179,5338,1996,0.0,0.0,0.39343,1.170144,PRT,090940
2216969,179,5339,1996,0.0,1.1195806813931135e-09,0.39343,1.170144,PRT,090950
2223495,179,5340,1996,2.308233124906107e-09,1.2375045435718198e-08,0.39343,1.170144,PRT,091010
2230021,179,5341,1996,2.736121423759648e-09,5.545868425621957e-09,0.39343,1.170144,PRT,091020
2236547,179,5342,1996,0.0,1.7353831994595447e-08,0.39343,1.170144,PRT,091030
2243073,179,5343,1996,3.09228085551784e-08,1.2257386719941243e-08,0.39343,1.170144,PRT,091040
2249599,179,5344,1996,7.827446713446861e-09,2.7495681861566816e-08,0.39343,1.170144,PRT,091050
2256125,179,5345,1996,3.183676826434432e-08,9.480574741004658e-08,0.39343,1.170144,PRT,091091
2262651,179,5346,1996,4.746378228366401e-08,3.9155296018760687e-07,0.39343,1.170144,PRT,091099
2269177,179,5347,1996,3.956178845866052e-08,5.28707460022402e-06,0.39343,1.170144,PRT,100110
2275703,179,5348,1996,1.268502135284819e-06,7.694198419843882e-05,0.39343,1.170144,PRT,100190
2282229,179,5349,1996,3.1061296481931987e-09,1.2803989341480715e-06,0.39343,1.170144,PRT,100200
2288755,179,5350,1996,2.81323222866494e-07,1.88502357592599e-05,0.39343,1.170144,PRT,100300
2295281,179,5351,1996,4.402522100385443e-08,1.3421352908987455e-06,0.39343,1.170144,PRT,100400
2301807,179,5352,1996,9.513453886486129e-08,3.660976793174138e-06,0.39343,1.170144,PRT,100510
2308333,179,5353,1996,2.507264821651161e-07,5.419486094937695e-05,0.39343,1.170144,PRT,100590
2314859,179,5354,1996,3.7485863527735377e-07,5.4261899571296635e-06,0.39343,1.170144,PRT,100610
2321385,179,5355,1996,3.81559996354441e-08,1.3988428147072117e-06,0.39343,1.170144,PRT,100620
2327911,179,5356,1996,3.2411993171485815e-07,1.517888677028227e-05,0.39343,1.170144,PRT,100630
2334437,179,5357,1996,8.793262120700471e-07,3.8669315807651534e-07,0.39343,1.170144,PRT,100640
2340963,179,5358,1996,6.06692273255484e-08,2.2431352444824684e-07,0.39343,1.170144,PRT,100700
2347489,179,5359,1996,0.0,4.045802657716322e-09,0.39343,1.170144,PRT,100810
2354015,179,5360,1996,1.2763920076282685e-09,3.251682555812377e-07,0.39343,1.170144,PRT,100820
2360541,179,5361,1996,5.245874179499752e-09,5.453769822973787e-07,0.39343,1.170144,PRT,100830
2367067,179,5362,1996,2.5884817784328453e-08,2.9686553435934164e-07,0.39343,1.170144,PRT,100890
2373593,179,5363,1996,8.002950614495748e-07,5.036853620860694e-07,0.39343,1.170144,PRT,110100
2380119,179,5364,1996,1.0042344430387747e-08,1.2501321409552057e-08,0.39343,1.170144,PRT,110210
2386645,179,5365,1996,1.1796628878649884e-06,3.61934449947022e-07,0.39343,1.170144,PRT,110220
2393171,179,5366,1996,6.111044925411126e-09,0.0,0.39343,1.170144,PRT,110230
2399697,179,5367,1996,3.2352234267424963e-08,3.730941305637146e-08,0.39343,1.170144,PRT,110290
2406223,179,5368,1996,8.504431458233555e-09,6.130479783852418e-07,0.39343,1.170144,PRT,110311
2412749,179,5369,1996,0.0,1.7018421796380578e-08,0.39343,1.170144,PRT,110312
2419275,179,5370,1996,4.332005381445486e-08,1.3916361355076227e-06,0.39343,1.170144,PRT,110313
2425801,179,5371,1996,1.925982204103092e-08,0.0,0.39343,1.170144,PRT,110314
2432327,179,5372,1996,8.209273382395488e-10,6.49091648806255e-08,0.39343,1.170144,PRT,110319
2438853,179,5373,1996,0.0,0.0,0.39343,1.170144,PRT,110321
2445379,179,5374,1996,4.687831472460945e-08,1.9631439585635555e-08,0.39343,1.170144,PRT,110329
2451905,179,5375,1996,0.0,1.0087693714413747e-07,0.39343,1.170144,PRT,110411
2458431,179,5376,1996,1.518215564629066e-09,1.1023329079592185e-07,0.39343,1.170144,PRT,110412
2464957,179,5377,1996,1.1689350736527262e-08,2.2017193765289803e-07,0.39343,1.170144,PRT,110419
2471483,179,5378,1996,1.0588114137353206e-09,4.983870741130824e-07,0.39343,1.170144,PRT,110421
2478009,179,5379,1996,0.0,2.5156759165121818e-08,0.39343,1.170144,PRT,110422
2484535,179,5380,1996,2.7260605940698904e-08,2.8460317614436753e-07,0.39343,1.170144,PRT,110423
2491061,179,5381,1996,5.8950401241201883e-08,1.440664356655379e-06,0.39343,1.170144,PRT,110429
2497587,179,5382,1996,5.569214699950693e-09,2.222291422974827e-08,0.39343,1.170144,PRT,110430
2504113,179,5383,1996,1.2845740076771678e-09,0.0,0.39343,1.170144,PRT,110510
2510639,179,5384,1996,5.1607207715834317e-08,7.281871404795594e-07,0.39343,1.170144,PRT,110520
2517165,179,5385,1996,3.1946164635368488e-09,6.6737349320697855e-09,0.39343,1.170144,PRT,110610
2523691,179,5386,1996,2.1705421855646878e-07,4.018194288634012e-08,0.39343,1.170144,PRT,110620
2530217,179,5387,1996,1.7947974699857424e-08,4.1863037360041164e-07,0.39343,1.170144,PRT,110630
2536743,179,5388,1996,6.71975239497495e-07,2.3053955968096027e-06,0.39343,1.170144,PRT,110710
2543269,179,5389,1996,0.0,4.0075552892637575e-08,0.39343,1.170144,PRT,110720
2549795,179,5390,1996,3.392499649904669e-09,1.3058460286231105e-07,0.39343,1.170144,PRT,110811
2556321,179,5391,1996,2.395468397279314e-07,1.25224834067418e-06,0.39343,1.170144,PRT,110812
2562847,179,5392,1996,2.470903407359776e-08,5.968627791563634e-07,0.39343,1.170144,PRT,110813
2569373,179,5393,1996,2.9685811362600383e-08,1.2490715553482022e-08,0.39343,1.170144,PRT,110814
2575899,179,5394,1996,4.1167581727516685e-09,1.4531679980959462e-08,0.39343,1.170144,PRT,110819
2582425,179,5395,1996,0.0,0.0,0.39343,1.170144,PRT,110820
2588951,179,5396,1996,5.024354104101779e-09,2.0071715185742898e-07,0.39343,1.170144,PRT,110900
2595477,179,5397,1996,1.5372250780760083e-07,4.99516269665869e-05,0.39343,1.170144,PRT,120100
2602003,179,5398,1996,0.0,1.0247212418367125e-06,0.39343,1.170144,PRT,120210
2608529,179,5399,1996,2.3003541618960557e-09,4.984467320534763e-07,0.39343,1.170144,PRT,120220
2615055,179,5400,1996,0.0,0.0,0.39343,1.170144,PRT,120300
2621581,179,5401,1996,0.0,1.0245853543058151e-07,0.39343,1.170144,PRT,120400
2628107,179,5402,1996,4.647103294439758e-08,1.3788110040549323e-07,0.39343,1.170144,PRT,120500
2634633,179,5403,1996,1.7053833613032167e-07,2.1957107282024024e-05,0.39343,1.170144,PRT,120600
2641159,179,5404,1996,9.312025166763786e-09,7.727426732627804e-08,0.39343,1.170144,PRT,120710
2647685,179,5405,1996,4.888290473658974e-08,4.498550081696025e-07,0.39343,1.170144,PRT,120720
2654211,179,5406,1996,0.0,0.0,0.39343,1.170144,PRT,120730
2660737,179,5407,1996,0.0,4.95144333619669e-08,0.39343,1.170144,PRT,120740
2667263,179,5408,1996,0.0,4.68381118692939e-09,0.39343,1.170144,PRT,120750
2673789,179,5409,1996,0.0,6.65205921372665e-08,0.39343,1.170144,PRT,120760
2680315,179,5410,1996,0.0,6.61540272368459e-10,0.39343,1.170144,PRT,120791
2686841,179,5411,1996,0.0,0.0,0.39343,1.170144,PRT,120792
2693367,179,5412,1996,6.12165122177081e-09,2.4657024484421836e-07,0.39343,1.170144,PRT,120799
2699893,179,5413,1996,9.151627662101477e-08,3.775220754729544e-08,0.39343,1.170144,PRT,120810
2706419,179,5414,1996,1.0852665472267611e-07,1.2952037149228343e-07,0.39343,1.170144,PRT,120890
2712945,179,5415,1996,0.0,7.623257340039924e-08,0.39343,1.170144,PRT,120911
2719471,179,5416,1996,0.0,5.680595941011625e-08,0.39343,1.170144,PRT,120919
2725997,179,5417,1996,1.790342825514675e-09,6.512393346604371e-08,0.39343,1.170144,PRT,120921
2732523,179,5418,1996,4.760711880303917e-10,1.630743172008558e-07,0.39343,1.170144,PRT,120922
2739049,179,5419,1996,6.745604484759083e-10,1.4379220799952702e-07,0.39343,1.170144,PRT,120923
2745575,179,5420,1996,0.0,2.8997404794483392e-08,0.39343,1.170144,PRT,120924
2752101,179,5421,1996,0.0,1.2803061329074586e-06,0.39343,1.170144,PRT,120925
2758627,179,5422,1996,3.904632245557987e-09,1.1729413947454792e-09,0.39343,1.170144,PRT,120926
2765153,179,5423,1996,3.868025371265134e-08,1.962812525561367e-06,0.39343,1.170144,PRT,120929
2771679,179,5424,1996,1.5338128810185786e-07,9.173767210878665e-08,0.39343,1.170144,PRT,120930
2778205,179,5425,1996,1.4206255166384183e-07,2.9075172234116928e-06,0.39343,1.170144,PRT,120991
2784731,179,5426,1996,9.170506869621714e-09,1.6498403415946656e-07,0.39343,1.170144,PRT,120999
2791257,179,5427,1996,1.5617438048892095e-07,1.6757252590655956e-09,0.39343,1.170144,PRT,121010
2797783,179,5428,1996,1.576277461272365e-08,3.7820416459145855e-07,0.39343,1.170144,PRT,121020
2804309,179,5429,1996,0.0,6.681689324122312e-10,0.39343,1.170144,PRT,121110
2810835,179,5430,1996,0.0,2.2593456326195133e-08,0.39343,1.170144,PRT,121120
2817361,179,5431,1996,3.168067388563365e-07,1.1627952362494794e-06,0.39343,1.170144,PRT,121190
2823887,179,5432,1996,9.41031826068456e-07,4.863938394958855e-07,0.39343,1.170144,PRT,121210
2830413,179,5433,1996,2.551171858209865e-07,4.6408243265455284e-08,0.39343,1.170144,PRT,121220
2836939,179,5434,1996,0.0,8.95863404915804e-10,0.39343,1.170144,PRT,121230
2843465,179,5435,1996,9.92749339266431e-10,1.6964066784021647e-08,0.39343,1.170144,PRT,121291
2849991,179,5436,1996,0.0,9.097835910077255e-10,0.39343,1.170144,PRT,121292
2856517,179,5437,1996,6.390687504860168e-08,3.288554477305859e-07,0.39343,1.170144,PRT,121299
2863043,179,5438,1996,1.799161203345155e-08,3.670716614809454e-07,0.39343,1.170144,PRT,121300
2869569,179,5439,1996,1.1036002880770722e-08,2.795562138169401e-06,0.39343,1.170144,PRT,121410
2876095,179,5440,1996,4.480132916404834e-07,1.3683993677241793e-06,0.39343,1.170144,PRT,121490
2882621,179,5441,1996,0.0,1.0374084971604923e-07,0.39343,1.170144,PRT,130110
2889147,179,5442,1996,4.0264531351749296e-09,4.261930118443513e-08,0.39343,1.170144,PRT,130120
2895673,179,5443,1996,1.3461177998968318e-07,1.61792897784494e-06,0.39343,1.170144,PRT,130190
2902199,179,5444,1996,0.0,1.0044806283930543e-07,0.39343,1.170144,PRT,130211
2908725,179,5445,1996,2.1798666352500445e-08,2.4169420251601956e-08,0.39343,1.170144,PRT,130212
2915251,179,5446,1996,6.98988264177455e-08,2.772808268270147e-07,0.39343,1.170144,PRT,130213
2921777,179,5447,1996,0.0,4.4445165593492164e-10,0.39343,1.170144,PRT,130214
2928303,179,5448,1996,9.685609228255744e-08,9.633570843474962e-07,0.39343,1.170144,PRT,130219
2934829,179,5449,1996,0.0,1.092747865535924e-07,0.39343,1.170144,PRT,130220
2941355,179,5450,1996,6.74832272699755e-07,6.067212538064635e-09,0.39343,1.170144,PRT,130231
2947881,179,5451,1996,3.9247866329376975e-06,2.8974337057531065e-07,0.39343,1.170144,PRT,130232
2954407,179,5452,1996,2.4894492741372806e-08,4.7010556460332634e-07,0.39343,1.170144,PRT,130239
2960933,179,5453,1996,0.0,5.277142547447434e-08,0.39343,1.170144,PRT,140110
2967459,179,5454,1996,0.0,1.19677142760284e-08,0.39343,1.170144,PRT,140120
2973985,179,5455,1996,3.662475347814456e-08,1.9106681713270333e-07,0.39343,1.170144,PRT,140190
2980511,179,5456,1996,0.0,3.363779825812607e-08,0.39343,1.170144,PRT,140210
2987037,179,5457,1996,0.0,2.0422901594861946e-09,0.39343,1.170144,PRT,140291
2993563,179,5458,1996,0.0,0.0,0.39343,1.170144,PRT,140299
3000089,179,5459,1996,0.0,2.155640246234698e-09,0.39343,1.170144,PRT,140310
3006615,179,5460,1996,1.5630650463785873e-09,7.169492416743504e-08,0.39343,1.170144,PRT,140390
3013141,179,5461,1996,8.632282784923574e-08,1.3474740136979996e-08,0.39343,1.170144,PRT,140410
3019667,179,5462,1996,0.0,0.0,0.39343,1.170144,PRT,140420
3026193,179,5463,1996,2.6735594270894543e-07,2.6327977108255917e-07,0.39343,1.170144,PRT,140490
3032719,179,5464,1996,2.7866255766540753e-07,4.546263176691097e-07,0.39343,1.170144,PRT,150100
3039245,179,5465,1996,1.597508236214064e-07,1.6009993800931458e-06,0.39343,1.170144,PRT,150200
3045771,179,5466,1996,0.0,3.125055262996198e-07,0.39343,1.170144,PRT,150300
3052297,179,5467,1996,1.1563544909849468e-06,1.4028730400138252e-07,0.39343,1.170144,PRT,150410
3058823,179,5468,1996,1.9315459641363435e-07,7.861686927484387e-07,0.39343,1.170144,PRT,150420
3065349,179,5469,1996,1.360333267389197e-09,7.501654571536924e-09,0.39343,1.170144,PRT,150430
3071875,179,5470,1996,0.0,0.0,0.39343,1.170144,PRT,150510
3078401,179,5471,1996,3.9637244681333694e-10,4.859205531687601e-08,0.39343,1.170144,PRT,150590
3084927,179,5472,1996,0.0,1.4077815627762384e-07,0.39343,1.170144,PRT,150600
3091453,179,5473,1996,7.101103901846664e-06,1.1268592815541776e-06,0.39343,1.170144,PRT,150710
3097979,179,5474,1996,7.149631344136684e-06,1.7085911498616244e-06,0.39343,1.170144,PRT,150790
3104505,179,5475,1996,3.378862983156504e-10,1.3932051393399836e-07,0.39343,1.170144,PRT,150810
3111031,179,5476,1996,1.4097586084253248e-08,1.1986738530354026e-07,0.39343,1.170144,PRT,150890
3117557,179,5477,1996,3.156543799087088e-06,3.888619230696367e-05,0.39343,1.170144,PRT,150910
3124083,179,5478,1996,1.888070634143183e-05,1.4624174314612245e-05,0.39343,1.170144,PRT,150990
3130609,179,5479,1996,3.972353144777531e-06,7.971606682660238e-07,0.39343,1.170144,PRT,151000
3137135,179,5480,1996,4.706165213311256e-10,9.885039005225525e-07,0.39343,1.170144,PRT,151110
3143661,179,5481,1996,2.903267563277104e-07,4.853654691766947e-06,0.39343,1.170144,PRT,151190
3150187,179,5482,1996,5.614109637256042e-07,2.8645585348330165e-06,0.39343,1.170144,PRT,151211
3156713,179,5483,1996,3.2082470695442373e-06,2.6287824000040766e-06,0.39343,1.170144,PRT,151219
3163239,179,5484,1996,0.0,0.0,0.39343,1.170144,PRT,151221
3169765,179,5485,1996,2.987945203042433e-10,1.6402619278314147e-09,0.39343,1.170144,PRT,151229
3176291,179,5486,1996,0.0,5.693197023754836e-07,0.39343,1.170144,PRT,151311
3182817,179,5487,1996,5.972860035696385e-10,9.852177423058524e-08,0.39343,1.170144,PRT,151319
3189343,179,5488,1996,0.0,5.209470557060565e-07,0.39343,1.170144,PRT,151321
3195869,179,5489,1996,0.0,7.900169613368506e-08,0.39343,1.170144,PRT,151329
3202395,179,5490,1996,0.0,1.0095018383762116e-07,0.39343,1.170144,PRT,151410
3208921,179,5491,1996,4.057444733137927e-07,1.4105457140144914e-08,0.39343,1.170144,PRT,151490
3215447,179,5492,1996,0.0,4.112851554059078e-08,0.39343,1.170144,PRT,151511
3221973,179,5493,1996,4.616466249812214e-09,5.9176699674771355e-08,0.39343,1.170144,PRT,151519
3228499,179,5494,1996,1.3388176376309807e-09,1.1991246019183792e-09,0.39343,1.170144,PRT,151521
3235025,179,5495,1996,2.5232985113766153e-08,2.7081390608831058e-08,0.39343,1.170144,PRT,151529
3241551,179,5496,1996,0.0,5.0721843788939995e-08,0.39343,1.170144,PRT,151530
3248077,179,5497,1996,0.0,6.181623210420142e-08,0.39343,1.170144,PRT,151540
3254603,179,5498,1996,0.0,2.4184666169702633e-09,0.39343,1.170144,PRT,151550
3261129,179,5499,1996,0.0,1.8672935343306105e-09,0.39343,1.170144,PRT,151560
3267655,179,5500,1996,3.0069547164893753e-07,3.3700637955341037e-07,0.39343,1.170144,PRT,151590
3274181,179,5501,1996,3.037370544078561e-08,2.0070919746537647e-07,0.39343,1.170144,PRT,151610
3280707,179,5502,1996,6.282003270877291e-07,1.341301736898241e-06,0.39343,1.170144,PRT,151620
3287233,179,5503,1996,1.3181950580262498e-06,2.8396022926342186e-06,0.39343,1.170144,PRT,151710
3293759,179,5504,1996,3.9982373564877815e-07,5.600177037360582e-07,0.39343,1.170144,PRT,151790
3300285,179,5505,1996,2.739460891927754e-07,8.219651141498192e-07,0.39343,1.170144,PRT,151800
3306811,179,5506,1996,0.0,7.69524458811529e-07,0.39343,1.170144,PRT,151911
3313337,179,5507,1996,0.0,3.797459909176399e-08,0.39343,1.170144,PRT,151912
3319863,179,5508,1996,7.3850126367286095e-09,3.0044799367999825e-07,0.39343,1.170144,PRT,151913
3326389,179,5509,1996,0.0,9.660145141590445e-08,0.39343,1.170144,PRT,151919
3332915,179,5510,1996,1.8615625903847594e-07,1.3886628500449887e-06,0.39343,1.170144,PRT,151920
3339441,179,5511,1996,3.883398440245899e-07,1.0417128175599158e-06,0.39343,1.170144,PRT,151930
3345967,179,5512,1996,4.537494797488394e-08,3.2130871827075135e-07,0.39343,1.170144,PRT,152010
3352493,179,5513,1996,5.67588373762523e-10,6.228027145056568e-07,0.39343,1.170144,PRT,152090
3359019,179,5514,1996,0.0,1.0231303634262071e-07,0.39343,1.170144,PRT,152110
3365545,179,5515,1996,4.733438546807587e-10,1.5739090407932558e-08,0.39343,1.170144,PRT,152190
3372071,179,5516,1996,2.6996660679862195e-08,1.5992305221604654e-08,0.39343,1.170144,PRT,152200
3378597,179,5517,1996,5.93477252243172e-06,5.679214859691505e-06,0.39343,1.170144,PRT,160100
3385123,179,5518,1996,1.033629035807042e-08,9.043116321415916e-08,0.39343,1.170144,PRT,160210
3391649,179,5519,1996,5.185448593953438e-08,7.633104214534948e-07,0.39343,1.170144,PRT,160220
3398175,179,5520,1996,2.9894603882366735e-09,1.985611801781921e-07,0.39343,1.170144,PRT,160231
3404701,179,5521,1996,3.956663705128209e-08,1.1793102113155354e-06,0.39343,1.170144,PRT,160239
3411227,179,5522,1996,2.127950329754585e-07,7.337923354125731e-07,0.39343,1.170144,PRT,160241
3417753,179,5523,1996,9.216265462487781e-08,8.761073465213455e-07,0.39343,1.170144,PRT,160242
3424279,179,5524,1996,3.4615708821693207e-07,2.5001436402976147e-06,0.39343,1.170144,PRT,160249
3430805,179,5525,1996,5.9595567096909527e-08,1.313701653640985e-06,0.39343,1.170144,PRT,160250
3437331,179,5526,1996,3.205919745085884e-08,1.316103880040848e-07,0.39343,1.170144,PRT,160290
3443857,179,5527,1996,2.6082397933657427e-09,1.1982429901325575e-07,0.39343,1.170144,PRT,160300
3450383,179,5528,1996,2.127610928271075e-07,5.685733152545549e-09,0.39343,1.170144,PRT,160411
3456909,179,5529,1996,2.1594419388316815e-09,2.7231198325820307e-08,0.39343,1.170144,PRT,160412
3463435,179,5530,1996,1.3126606925857666e-05,2.7015070865093116e-07,0.39343,1.170144,PRT,160413
3469961,179,5531,1996,1.1217517521485162e-05,2.7166399859562414e-06,0.39343,1.170144,PRT,160414
3476487,179,5532,1996,4.8779926690048375e-06,6.164918987109837e-08,0.39343,1.170144,PRT,160415
3483013,179,5533,1996,6.751965232204505e-07,3.0103396722786775e-08,0.39343,1.170144,PRT,160416
3489539,179,5534,1996,1.1271068711805207e-07,2.169942574578143e-06,0.39343,1.170144,PRT,160419
3496065,179,5535,1996,4.0555395392746885e-06,4.926138095046588e-06,0.39343,1.170144,PRT,160420
3502591,179,5536,1996,3.5823826584468994e-08,8.647584176604032e-08,0.39343,1.170144,PRT,160430
3509117,179,5537,1996,2.829759868763716e-09,4.538544102070124e-08,0.39343,1.170144,PRT,160510
3515643,179,5538,1996,3.150524574384448e-08,2.5624013411607314e-07,0.39343,1.170144,PRT,160520
3522169,179,5539,1996,0.0,9.44120050034465e-09,0.39343,1.170144,PRT,160530
3528695,179,5540,1996,3.416985042643597e-08,3.2045693545512663e-07,0.39343,1.170144,PRT,160540
3535221,179,5541,1996,1.2397881637058046e-07,1.8105942963471987e-06,0.39343,1.170144,PRT,160590
3541747,179,5542,1996,9.477483389974857e-09,5.184547855881588e-05,0.39343,1.170144,PRT,170111
3548273,179,5543,1996,1.5964233636149878e-07,1.0712657040660672e-06,0.39343,1.170144,PRT,170112
3554799,179,5544,1996,4.50043336763727e-08,7.752880787195888e-08,0.39343,1.170144,PRT,170191
3561325,179,5545,1996,3.1696449993876086e-06,2.8949943588569985e-07,0.39343,1.170144,PRT,170199
3567851,179,5546,1996,4.4979787676226e-09,1.9045797470768285e-07,0.39343,1.170144,PRT,170210
3574377,179,5547,1996,3.29098224189055e-10,3.225041971096457e-08,0.39343,1.170144,PRT,170220
3580903,179,5548,1996,1.2234817406453872e-07,8.362034759238416e-07,0.39343,1.170144,PRT,170230
3587429,179,5549,1996,0.0,1.5370835199200795e-07,0.39343,1.170144,PRT,170240
3593955,179,5550,1996,0.0,8.244661075843343e-08,0.39343,1.170144,PRT,170250
3600481,179,5551,1996,0.0,1.2754867656226341e-08,0.39343,1.170144,PRT,170260
3607007,179,5552,1996,1.3640606229670288e-08,4.33073892402789e-07,0.39343,1.170144,PRT,170290
3613533,179,5553,1996,1.189723414517707e-09,2.684836669365229e-06,0.39343,1.170144,PRT,170310
3620059,179,5554,1996,6.14256077745133e-09,9.453161917393638e-07,0.39343,1.170144,PRT,170390
3626585,179,5555,1996,3.514275083965785e-07,4.218309558159466e-06,0.39343,1.170144,PRT,170410
3633111,179,5556,1996,5.757624948484122e-07,8.709321859086715e-06,0.39343,1.170144,PRT,170490
3639637,179,5557,1996,0.0,1.5123254746565908e-07,0.39343,1.170144,PRT,180100
3646163,179,5558,1996,0.0,1.8927475888986953e-08,0.39343,1.170144,PRT,180200
3652689,179,5559,1996,0.0,4.595938355059125e-07,0.39343,1.170144,PRT,180310
3659215,179,5560,1996,7.231978932110311e-09,1.22371030202073e-07,0.39343,1.170144,PRT,180320
3665741,179,5561,1996,0.0,4.639955972079794e-07,0.39343,1.170144,PRT,180400
3672267,179,5562,1996,1.1130853473930184e-08,6.706427483405669e-07,0.39343,1.170144,PRT,180500
3678793,179,5563,1996,1.0575416885425469e-07,5.545334818488433e-07,0.39343,1.170144,PRT,180610
3685319,179,5564,1996,5.062264037661678e-08,1.5125187000968667e-06,0.39343,1.170144,PRT,180620
3691845,179,5565,1996,3.9583910162496425e-08,2.3335816536147285e-06,0.39343,1.170144,PRT,180631
3698371,179,5566,1996,1.7478873363720537e-07,5.032292771317577e-06,0.39343,1.170144,PRT,180632
3704897,179,5567,1996,3.079944217666333e-07,1.5890548661272707e-05,0.39343,1.170144,PRT,180690
3711423,179,5568,1996,5.751936943264943e-07,3.437136555053016e-06,0.39343,1.170144,PRT,190110
3717949,179,5569,1996,3.279266829968682e-07,1.5183227548311935e-06,0.39343,1.170144,PRT,190120
3724475,179,5570,1996,6.072516796291977e-07,5.071051872325521e-06,0.39343,1.170144,PRT,190190
3731001,179,5571,1996,2.1237138719514884e-08,2.4751350316844714e-07,0.39343,1.170144,PRT,190211
3737527,179,5572,1996,4.935124848012951e-07,2.586517400698981e-06,0.39343,1.170144,PRT,190219
3744053,179,5573,1996,4.565798456916808e-08,1.9112693907930036e-06,0.39343,1.170144,PRT,190220
3750579,179,5574,1996,8.0044627693196e-07,3.31855247833395e-07,0.39343,1.170144,PRT,190230
3757105,179,5575,1996,3.197343796886482e-09,1.9505495044803884e-08,0.39343,1.170144,PRT,190240
3763631,179,5576,1996,1.5579134167181692e-09,2.355494346554428e-08,0.39343,1.170144,PRT,190300
3770157,179,5577,1996,9.33408323282154e-07,5.534598377815535e-06,0.39343,1.170144,PRT,190410
3776683,179,5578,1996,3.120190566795751e-08,5.918999013815912e-07,0.39343,1.170144,PRT,190490
3783209,179,5579,1996,8.930501534854007e-10,7.613049203572516e-08,0.39343,1.170144,PRT,190510
3789735,179,5580,1996,1.0102406371487444e-07,4.072695131513906e-07,0.39343,1.170144,PRT,190520
3796261,179,5581,1996,3.7915030642892856e-06,1.5054319333574695e-05,0.39343,1.170144,PRT,190530
3802787,179,5582,1996,9.381072156065329e-07,1.7322140370926174e-06,0.39343,1.170144,PRT,190540
3809313,179,5583,1996,1.1482614929143573e-05,1.6386063536988823e-05,0.39343,1.170144,PRT,190590
3815839,179,5584,1996,2.325263806489371e-08,2.3760763359903405e-07,0.39343,1.170144,PRT,200110
3822365,179,5585,1996,2.344294532529033e-09,3.7733978732175066e-08,0.39343,1.170144,PRT,200120
3828891,179,5586,1996,2.3303366465196885e-07,8.334956682959607e-07,0.39343,1.170144,PRT,200190
3835417,179,5587,1996,6.129108963296862e-07,1.266347169154281e-06,0.39343,1.170144,PRT,200210
3841943,179,5588,1996,2.68379747283953e-05,8.771231886730536e-07,0.39343,1.170144,PRT,200290
3848469,179,5589,1996,4.69025576877173e-08,2.612025810279425e-06,0.39343,1.170144,PRT,200310
3854995,179,5590,1996,3.6473537995759357e-09,1.1338323004872236e-09,0.39343,1.170144,PRT,200320
3861521,179,5591,1996,5.5315774997257574e-08,6.1267160306795644e-06,0.39343,1.170144,PRT,200410
3868047,179,5592,1996,6.547206135425221e-08,1.504404225904283e-07,0.39343,1.170144,PRT,200490
3874573,179,5593,1996,5.8276143829764825e-08,4.156216248065435e-07,0.39343,1.170144,PRT,200510
3881099,179,5594,1996,3.5813450596258832e-06,1.4936121044870175e-06,0.39343,1.170144,PRT,200520
3887625,179,5595,1996,0.0,0.0,0.39343,1.170144,PRT,200530
3894151,179,5596,1996,2.460633482113213e-07,1.021300853254126e-07,0.39343,1.170144,PRT,200540
3900677,179,5597,1996,1.0168650268179643e-07,5.536392756089384e-07,0.39343,1.170144,PRT,200551
3907203,179,5598,1996,4.5503435679355546e-08,1.9690964952828627e-07,0.39343,1.170144,PRT,200559
3913729,179,5599,1996,1.5997325280792094e-09,1.4890025342925783e-07,0.39343,1.170144,PRT,200560
3920255,179,5600,1996,2.9495252581461524e-06,1.1410568770689308e-06,0.39343,1.170144,PRT,200570
3926781,179,5601,1996,9.372935611572258e-10,2.730759363282478e-07,0.39343,1.170144,PRT,200580
3933307,179,5602,1996,1.8984155307531566e-06,1.1332542813314068e-06,0.39343,1.170144,PRT,200590
3939833,179,5603,1996,1.6027810806900213e-07,3.4148403941297843e-07,0.39343,1.170144,PRT,200600
3946359,179,5604,1996,3.0244611662236314e-08,3.6804044014634274e-07,0.39343,1.170144,PRT,200710
3952885,179,5605,1996,1.515879149059547e-07,8.814626409707091e-08,0.39343,1.170144,PRT,200791
3959411,179,5606,1996,4.5273824515020324e-07,2.360922224831271e-06,0.39343,1.170144,PRT,200799
3965937,179,5607,1996,8.707163237222944e-09,6.993345719070325e-07,0.39343,1.170144,PRT,200811
3972463,179,5608,1996,7.849144165428386e-08,1.2146190947706964e-06,0.39343,1.170144,PRT,200819
3978989,179,5609,1996,1.178311039634687e-07,2.935392064627763e-06,0.39343,1.170144,PRT,200820
3985515,179,5610,1996,1.2603613482732031e-08,4.447665172870008e-08,0.39343,1.170144,PRT,200830
3992041,179,5611,1996,2.6808474678737513e-08,9.42293854192406e-08,0.39343,1.170144,PRT,200840
3998567,179,5612,1996,2.128229123830325e-09,3.363564394361185e-07,0.39343,1.170144,PRT,200850
4005093,179,5613,1996,1.3066957115130802e-09,1.934010997671177e-08,0.39343,1.170144,PRT,200860
4011619,179,5614,1996,1.4748718739255808e-06,3.452700317402791e-06,0.39343,1.170144,PRT,200870
4018145,179,5615,1996,9.237447751503264e-08,3.1018715244931047e-07,0.39343,1.170144,PRT,200880
4024671,179,5616,1996,2.8958219432326057e-09,4.715065319035776e-08,0.39343,1.170144,PRT,200891
4031197,179,5617,1996,2.483582477065181e-07,9.954053299271258e-07,0.39343,1.170144,PRT,200892
4037723,179,5618,1996,3.992546320898214e-07,3.422241293068656e-07,0.39343,1.170144,PRT,200899
4044249,179,5619,1996,7.213554280148346e-08,8.49250004621994e-07,0.39343,1.170144,PRT,200911
4050775,179,5620,1996,1.9293792493085794e-07,1.6915564878481367e-06,0.39343,1.170144,PRT,200919
4057301,179,5621,1996,1.919557818879512e-08,6.656500415955977e-09,0.39343,1.170144,PRT,200920
4063827,179,5622,1996,7.493802933675084e-09,1.6687519086995474e-07,0.39343,1.170144,PRT,200930
4070353,179,5623,1996,1.5468677166521553e-07,6.767477442408811e-07,0.39343,1.170144,PRT,200940
4076879,179,5624,1996,3.081359400637754e-07,6.415382906863767e-08,0.39343,1.170144,PRT,200950
4083405,179,5625,1996,4.144698187733465e-08,1.9312478407319306e-06,0.39343,1.170144,PRT,200960
4089931,179,5626,1996,6.479419780205286e-07,6.299709474769921e-07,0.39343,1.170144,PRT,200970
4096457,179,5627,1996,2.654431729197361e-07,1.4504303614978684e-06,0.39343,1.170144,PRT,200980
4102983,179,5628,1996,1.829377026488701e-07,1.1805106616494627e-06,0.39343,1.170144,PRT,200990
4109509,179,5629,1996,7.241585206241796e-08,3.7364795511037177e-06,0.39343,1.170144,PRT,210110
4116035,179,5630,1996,1.9919230637564424e-08,6.036588128662408e-08,0.39343,1.170144,PRT,210120
4122561,179,5631,1996,8.228646540289048e-07,5.05378653294251e-07,0.39343,1.170144,PRT,210130
4129087,179,5632,1996,2.425811495979176e-06,1.5691337540977222e-06,0.39343,1.170144,PRT,210210
4135613,179,5633,1996,5.031420927847717e-07,1.2331594569131272e-07,0.39343,1.170144,PRT,210220
4142139,179,5634,1996,3.081841229529522e-07,1.3823241938781316e-07,0.39343,1.170144,PRT,210230
4148665,179,5635,1996,3.880510497265677e-08,2.8145290545856484e-08,0.39343,1.170144,PRT,210310
4155191,179,5636,1996,1.9864971855758666e-06,6.96587323751891e-07,0.39343,1.170144,PRT,210320
4161717,179,5637,1996,2.8010622611847993e-08,1.6762820665092725e-07,0.39343,1.170144,PRT,210330
4168243,179,5638,1996,1.9558434739111855e-06,3.4068207097758265e-06,0.39343,1.170144,PRT,210390
4174769,179,5639,1996,3.0907374878789865e-06,2.0249190929754856e-06,0.39343,1.170144,PRT,210410
4181295,179,5640,1996,7.6078963788014e-07,4.825926343937844e-07,0.39343,1.170144,PRT,210420
4187821,179,5641,1996,1.2063162075798358e-06,9.287543520467983e-06,0.39343,1.170144,PRT,210500
4194347,179,5642,1996,3.18076767086149e-08,8.998369551790432e-07,0.39343,1.170144,PRT,210610
4200873,179,5643,1996,2.312143817892442e-06,2.424760993688028e-05,0.39343,1.170144,PRT,210690
4207399,179,5644,1996,1.770618144656051e-06,5.282684107244028e-07,0.39343,1.170144,PRT,220110
4213925,179,5645,1996,5.686550641392684e-08,2.0267128083833302e-08,0.39343,1.170144,PRT,220190
4220451,179,5646,1996,1.0676867625291042e-06,2.6448240887430073e-06,0.39343,1.170144,PRT,220210
4226977,179,5647,1996,2.6948514155130007e-06,1.6971578050150248e-05,0.39343,1.170144,PRT,220290
4233503,179,5648,1996,1.3834957822387373e-05,5.2980175236572815e-06,0.39343,1.170144,PRT,220300
4240029,179,5649,1996,9.000909160459977e-07,5.32395513897556e-06,0.39343,1.170144,PRT,220410
4246555,179,5650,1996,0.0001338577953515474,4.161643794909276e-06,0.39343,1.170144,PRT,220421
4253081,179,5651,1996,2.196201695310633e-05,7.025505657571692e-06,0.39343,1.170144,PRT,220429
4259607,179,5652,1996,5.0910828600561345e-08,1.1183450991609544e-06,0.39343,1.170144,PRT,220430
4266133,179,5653,1996,3.633374700973872e-07,1.9495800629489867e-06,0.39343,1.170144,PRT,220510
4272659,179,5654,1996,9.00716990568258e-09,1.1844156052812488e-06,0.39343,1.170144,PRT,220590
4279185,179,5655,1996,1.5076729060475398e-07,4.348649563466162e-07,0.39343,1.170144,PRT,220600
4285711,179,5656,1996,1.0592705148491755e-06,7.305111818342062e-06,0.39343,1.170144,PRT,220710
4292237,179,5657,1996,7.524864230157016e-08,9.151541313751896e-07,0.39343,1.170144,PRT,220720
4298763,179,5658,1996,0.0,0.0,0.39343,1.170144,PRT,220810
4305289,179,5659,1996,1.7163578476651014e-06,8.28613892176824e-06,0.39343,1.170144,PRT,220820
4311815,179,5660,1996,1.4772049560876726e-06,4.065382592613418e-05,0.39343,1.170144,PRT,220830
4318341,179,5661,1996,1.2754525928078395e-08,1.8767446778210207e-06,0.39343,1.170144,PRT,220840
4324867,179,5662,1996,9.058443772655681e-08,2.1025423592530683e-06,0.39343,1.170144,PRT,220850
4331393,179,5663,1996,1.5423297369954049e-06,6.412401998442082e-06,0.39343,1.170144,PRT,220890
4337919,179,5664,1996,2.4282630656234576e-07,9.647119824604432e-08,0.39343,1.170144,PRT,220900
4344445,179,5665,1996,1.335759993909003e-07,5.502914708538313e-08,0.39343,1.170144,PRT,230110
4350971,179,5666,1996,1.0487354321936206e-07,1.3267833142373693e-06,0.39343,1.170144,PRT,230120
4357497,179,5667,1996,1.357605934039564e-09,3.5240674543310617e-07,0.39343,1.170144,PRT,230210
4364023,179,5668,1996,5.012565963290587e-08,2.2433009609835628e-07,0.39343,1.170144,PRT,230220
4370549,179,5669,1996,4.6792252205576584e-08,1.0580170012365799e-07,0.39343,1.170144,PRT,230230
4377075,179,5670,1996,1.408916165457327e-07,4.393011870809107e-08,0.39343,1.170144,PRT,230240
4383601,179,5671,1996,3.2630422269087535e-08,5.62370546618595e-07,0.39343,1.170144,PRT,230250
4390127,179,5672,1996,5.013408406258584e-07,2.1250886195197515e-05,0.39343,1.170144,PRT,230310
4396653,179,5673,1996,2.706402581359813e-07,1.197904928470325e-07,0.39343,1.170144,PRT,230320
4403179,179,5674,1996,1.826404233137601e-08,4.530458131115728e-06,0.39343,1.170144,PRT,230330
4409705,179,5675,1996,9.452370710565514e-07,1.01205025987334e-05,0.39343,1.170144,PRT,230400
4416231,179,5676,1996,0.0,3.702043662176321e-07,0.39343,1.170144,PRT,230500
4422757,179,5677,1996,0.0,3.6002009292638064e-07,0.39343,1.170144,PRT,230610
4429283,179,5678,1996,0.0,0.0,0.39343,1.170144,PRT,230620
4435809,179,5679,1996,5.972208506062862e-07,1.0824565393849655e-06,0.39343,1.170144,PRT,230630
4442335,179,5680,1996,0.0,6.13835463198442e-07,0.39343,1.170144,PRT,230640
4448861,179,5681,1996,0.0,6.58848042091681e-07,0.39343,1.170144,PRT,230650
4455387,179,5682,1996,9.800217836348102e-10,3.2521160701792396e-06,0.39343,1.170144,PRT,230660
4461913,179,5683,1996,3.055098210851176e-08,1.1144739616953916e-06,0.39343,1.170144,PRT,230690
4468439,179,5684,1996,3.103290191139192e-07,1.4309288436490908e-08,0.39343,1.170144,PRT,230700
4474965,179,5685,1996,5.49406151431636e-10,0.0,0.39343,1.170144,PRT,230810
4481491,179,5686,1996,9.957675881733584e-08,4.8118192296326875e-06,0.39343,1.170144,PRT,230890
4488017,179,5687,1996,2.0237874083913217e-07,1.2613488943348751e-05,0.39343,1.170144,PRT,230910
4494543,179,5688,1996,1.7820590050207228e-06,1.5417966960710028e-05,0.39343,1.170144,PRT,230990
4501069,179,5689,1996,8.380249910083984e-07,3.2414058127135146e-06,0.39343,1.170144,PRT,240110
4507595,179,5690,1996,2.03585525238937e-06,7.4189457972737604e-06,0.39343,1.170144,PRT,240120
4514121,179,5691,1996,1.2685645609148217e-07,4.971670692320261e-07,0.39343,1.170144,PRT,240130
4520647,179,5692,1996,6.265472600408127e-08,6.353640252886051e-07,0.39343,1.170144,PRT,240210
4527173,179,5693,1996,1.8831697373287077e-06,1.4003530554682845e-05,0.39343,1.170144,PRT,240220
4533699,179,5694,1996,3.8452369859437555e-09,2.4536648018026933e-08,0.39343,1.170144,PRT,240290
4540225,179,5695,1996,7.3710729329415964e-09,4.4019207899079365e-07,0.39343,1.170144,PRT,240310
4546751,179,5696,1996,0.0,1.4947959831708354e-08,0.39343,1.170144,PRT,240391
4553277,179,5697,1996,2.3852045327735284e-09,0.0,0.39343,1.170144,PRT,240399
4559803,179,5698,1996,4.1127459623573197e-07,1.4499100116844321e-06,0.39343,1.170144,PRT,250100
4566329,179,5699,1996,0.0,1.3239422705426084e-08,0.39343,1.170144,PRT,250200
4572855,179,5700,1996,1.9729377932726077e-07,4.705344389081584e-07,0.39343,1.170144,PRT,250310
4579381,179,5701,1996,4.6288907684049865e-09,0.0,0.39343,1.170144,PRT,250390
4585907,179,5702,1996,3.681900022004621e-10,1.5236637976614628e-08,0.39343,1.170144,PRT,250410
4592433,179,5703,1996,0.0,1.7480439401431495e-08,0.39343,1.170144,PRT,250490
4598959,179,5704,1996,6.396596727117707e-07,4.4439498089154737e-07,0.39343,1.170144,PRT,250510
4605485,179,5705,1996,1.0638781930248611e-07,1.8603632702548466e-07,0.39343,1.170144,PRT,250590
4612011,179,5706,1996,1.7059651924178053e-07,3.06174493091813e-08,0.39343,1.170144,PRT,250610
4618537,179,5707,1996,0.0,0.0,0.39343,1.170144,PRT,250621
4625063,179,5708,1996,0.0,3.7912621120354725e-08,0.39343,1.170144,PRT,250629
4631589,179,5709,1996,2.7733798276860236e-07,3.7360085848076075e-06,0.39343,1.170144,PRT,250700
4638115,179,5710,1996,1.321877867159371e-08,9.932410724228342e-07,0.39343,1.170144,PRT,250810
4644641,179,5711,1996,0.0,1.58454804016351e-08,0.39343,1.170144,PRT,250820
4651167,179,5712,1996,3.131221115009823e-08,1.028052143508708e-07,0.39343,1.170144,PRT,250830
4657693,179,5713,1996,1.8948057535463977e-07,3.7214722647646175e-07,0.39343,1.170144,PRT,250840
4664219,179,5714,1996,0.0,9.7481074603713e-09,0.39343,1.170144,PRT,250850
4670745,179,5715,1996,0.0,9.682483725937957e-08,0.39343,1.170144,PRT,250860
4677271,179,5716,1996,2.5812694969082602e-09,6.693123762697819e-08,0.39343,1.170144,PRT,250870
4683797,179,5717,1996,7.435498607400706e-08,3.2696197098908245e-07,0.39343,1.170144,PRT,250900
4690323,179,5718,1996,0.0,3.8479272124196583e-07,0.39343,1.170144,PRT,251010
4696849,179,5719,1996,2.0629852493663258e-08,1.2926891327352294e-06,0.39343,1.170144,PRT,251020
4703375,179,5720,1996,5.468909440091966e-09,2.0489619058202515e-07,0.39343,1.170144,PRT,251110
4709901,179,5721,1996,0.0,4.808595712253401e-08,0.39343,1.170144,PRT,251120
4716427,179,5722,1996,3.9841794682556176e-08,1.1400234689681068e-07,0.39343,1.170144,PRT,251200
4722953,179,5723,1996,0.0,9.266071301988192e-08,0.39343,1.170144,PRT,251311
4729479,179,5724,1996,4.1528195803745945e-09,1.1774157402750254e-07,0.39343,1.170144,PRT,251319
4736005,179,5725,1996,5.661640996799369e-09,1.1533205610159137e-07,0.39343,1.170144,PRT,251321
4742531,179,5726,1996,0.0,0.0,0.39343,1.170144,PRT,251329
4749057,179,5727,1996,7.591547530555544e-07,1.1298551044609604e-08,0.39343,1.170144,PRT,251400
4755583,179,5728,1996,4.133701276630706e-06,2.249694303595781e-07,0.39343,1.170144,PRT,251511
4762109,179,5729,1996,4.690087886252208e-06,2.1254036134450316e-07,0.39343,1.170144,PRT,251512
4768635,179,5730,1996,1.3017228737055827e-07,1.797228597667939e-08,0.39343,1.170144,PRT,251520
4775161,179,5731,1996,2.8564071277377864e-06,1.8471076073323133e-06,0.39343,1.170144,PRT,251611
4781687,179,5732,1996,3.842570563038932e-06,1.614901337369947e-06,0.39343,1.170144,PRT,251612
4788213,179,5733,1996,2.2674897950329773e-07,9.3321590426246e-09,0.39343,1.170144,PRT,251621
4794739,179,5734,1996,5.5566386628384964e-08,3.805845164131771e-09,0.39343,1.170144,PRT,251622
4801265,179,5735,1996,1.642430446852909e-07,8.561908745538278e-08,0.39343,1.170144,PRT,251690
4807791,179,5736,1996,9.500544508631199e-08,4.365592418538043e-07,0.39343,1.170144,PRT,251710
4814317,179,5737,1996,0.0,0.0,0.39343,1.170144,PRT,251720
4820843,179,5738,1996,7.51210637082151e-08,1.7383660964792423e-09,0.39343,1.170144,PRT,251730
4827369,179,5739,1996,5.0275056893057994e-08,9.909780478838904e-08,0.39343,1.170144,PRT,251741
4833895,179,5740,1996,2.1140469904122333e-08,1.178184664840103e-07,0.39343,1.170144,PRT,251749
4840421,179,5741,1996,0.0,4.99393304707727e-08,0.39343,1.170144,PRT,251810
4846947,179,5742,1996,4.5697985458296033e-10,1.7951140551139756e-07,0.39343,1.170144,PRT,251820
4853473,179,5743,1996,0.0,1.612123265945602e-08,0.39343,1.170144,PRT,251830
4859999,179,5744,1996,0.0,7.496716219804315e-08,0.39343,1.170144,PRT,251910
4866525,179,5745,1996,0.0,6.365853559016701e-07,0.39343,1.170144,PRT,251990
4873051,179,5746,1996,0.0,4.7558150066548654e-07,0.39343,1.170144,PRT,252010
4879577,179,5747,1996,9.735852769296762e-08,4.380535406874719e-06,0.39343,1.170144,PRT,252020
4886103,179,5748,1996,1.377394252676346e-08,0.0,0.39343,1.170144,PRT,252100
4892629,179,5749,1996,1.1212370437380327e-07,2.418095412007812e-07,0.39343,1.170144,PRT,252210
4899155,179,5750,1996,5.98498151725031e-10,2.043218171892323e-08,0.39343,1.170144,PRT,252220
4905681,179,5751,1996,1.0628115026481158e-08,2.527176641688126e-09,0.39343,1.170144,PRT,252230
4912207,179,5752,1996,5.598397166791767e-08,5.149918675227315e-07,0.39343,1.170144,PRT,252310
4918733,179,5753,1996,4.528555204842375e-08,9.25390771080787e-08,0.39343,1.170144,PRT,252321
4925259,179,5754,1996,3.0715091816899955e-06,1.0124151344654494e-06,0.39343,1.170144,PRT,252329
4931785,179,5755,1996,0.0,3.6697256301329105e-07,0.39343,1.170144,PRT,252330
4938311,179,5756,1996,1.8059462026449645e-07,9.872636782283626e-07,0.39343,1.170144,PRT,252390
4944837,179,5757,1996,6.703179299320347e-10,1.1367011845541682e-06,0.39343,1.170144,PRT,252400
4951363,179,5758,1996,0.0,0.0,0.39343,1.170144,PRT,252510
4957889,179,5759,1996,0.0,3.1753601640683846e-08,0.39343,1.170144,PRT,252520
4964415,179,5760,1996,0.0,1.5544207802645655e-09,0.39343,1.170144,PRT,252530
4970941,179,5761,1996,5.268601957413361e-09,1.1408288511634251e-07,0.39343,1.170144,PRT,252610
4977467,179,5762,1996,8.791407534022721e-09,1.0172729479785278e-06,0.39343,1.170144,PRT,252620
4983993,179,5763,1996,0.0,5.69965333863747e-09,0.39343,1.170144,PRT,252700
4990519,179,5764,1996,0.0,2.6616820969663285e-07,0.39343,1.170144,PRT,252810
4997045,179,5765,1996,0.0,9.786288542223429e-08,0.39343,1.170144,PRT,252890
5003571,179,5766,1996,6.063922665870244e-08,1.1019762860488636e-06,0.39343,1.170144,PRT,252910
5010097,179,5767,1996,0.0,4.625810411546384e-08,0.39343,1.170144,PRT,252921
5016623,179,5768,1996,0.0,3.294311468553875e-08,0.39343,1.170144,PRT,252922
5023149,179,5769,1996,1.1245401474614771e-08,2.569010115224372e-07,0.39343,1.170144,PRT,252930
5029675,179,5770,1996,0.0,2.8297749726863244e-08,0.39343,1.170144,PRT,253010
5036201,179,5771,1996,0.0,1.4205218473803686e-09,0.39343,1.170144,PRT,253020
5042727,179,5772,1996,0.0,0.0,0.39343,1.170144,PRT,253030
5049253,179,5773,1996,5.366785958000151e-10,4.514780355813201e-09,0.39343,1.170144,PRT,253040
5055779,179,5774,1996,1.6967134716217722e-07,2.5637810967488427e-06,0.39343,1.170144,PRT,253090
5062305,179,5775,1996,0.0,2.9180889418825025e-06,0.39343,1.170144,PRT,260111
5068831,179,5776,1996,0.0,1.4821736887154843e-06,0.39343,1.170144,PRT,260112
5075357,179,5777,1996,1.705643973156626e-08,1.0467979941124955e-08,0.39343,1.170144,PRT,260120
5081883,179,5778,1996,0.0,5.406732851303179e-08,0.39343,1.170144,PRT,260200
5088409,179,5779,1996,5.0229288906043724e-05,8.131993741079348e-07,0.39343,1.170144,PRT,260300
5094935,179,5780,1996,0.0,4.482299921598718e-09,0.39343,1.170144,PRT,260400
5101461,179,5781,1996,0.0,3.346346449897487e-08,0.39343,1.170144,PRT,260500
5107987,179,5782,1996,0.0,1.2725005542729148e-07,0.39343,1.170144,PRT,260600
5114513,179,5783,1996,0.0,8.883398757661226e-09,0.39343,1.170144,PRT,260700
5121039,179,5784,1996,5.289784246428845e-08,4.5827241212618655e-09,0.39343,1.170144,PRT,260800
5127565,179,5785,1996,5.472033145888413e-06,0.0,0.39343,1.170144,PRT,260900
5134091,179,5786,1996,0.0,1.638392645699071e-07,0.39343,1.170144,PRT,261000
5140617,179,5787,1996,1.6110867198507706e-06,2.444981257145352e-09,0.39343,1.170144,PRT,261100
5147143,179,5788,1996,8.095455700974524e-07,0.0,0.39343,1.170144,PRT,261210
5153669,179,5789,1996,0.0,0.0,0.39343,1.170144,PRT,261220
5160195,179,5790,1996,0.0,0.0,0.39343,1.170144,PRT,261310
5166721,179,5791,1996,0.0,0.0,0.39343,1.170144,PRT,261390
5173247,179,5792,1996,0.0,1.658288568820453e-07,0.39343,1.170144,PRT,261400
5179773,179,5793,1996,1.0327956839502098e-07,3.354307470610057e-07,0.39343,1.170144,PRT,261510
5186299,179,5794,1996,0.0,9.664586343819772e-09,0.39343,1.170144,PRT,261590
5192825,179,5795,1996,0.0,0.0,0.39343,1.170144,PRT,261610
5199351,179,5796,1996,5.075900704409844e-08,0.0,0.39343,1.170144,PRT,261690
5205877,179,5797,1996,0.0,5.038775932273388e-09,0.39343,1.170144,PRT,261710
5212403,179,5798,1996,0.0,1.2857585372264635e-06,0.39343,1.170144,PRT,261790
5218929,179,5799,1996,0.0,8.568007112778548e-08,0.39343,1.170144,PRT,261800
5225455,179,5800,1996,6.45165855707641e-10,3.0827909265571064e-08,0.39343,1.170144,PRT,261900
5231981,179,5801,1996,3.147918455850354e-08,2.1638432130388664e-07,0.39343,1.170144,PRT,262011
5238507,179,5802,1996,6.51923581673954e-08,4.782332961159976e-07,0.39343,1.170144,PRT,262019
5245033,179,5803,1996,1.3627575636999818e-09,3.9079265288058624e-09,0.39343,1.170144,PRT,262020
5251559,179,5804,1996,2.52295001878194e-07,3.360896358693566e-08,0.39343,1.170144,PRT,262030
5258085,179,5805,1996,3.160312670739242e-08,1.238167409576197e-08,0.39343,1.170144,PRT,262040
5264611,179,5806,1996,3.5718975769027546e-09,0.0,0.39343,1.170144,PRT,262050
5271137,179,5807,1996,4.163925887848378e-07,9.007023267477577e-08,0.39343,1.170144,PRT,262090
5277663,179,5808,1996,6.517720631545299e-09,4.117799848781753e-07,0.39343,1.170144,PRT,262100
5284189,179,5809,1996,0.0,3.418960769212993e-06,0.39343,1.170144,PRT,270111
5290715,179,5810,1996,1.8870116409072243e-09,6.0184154914359056e-05,0.39343,1.170144,PRT,270112
5297241,179,5811,1996,0.0,8.142122333626233e-07,0.39343,1.170144,PRT,270119
5303767,179,5812,1996,0.0,0.0,0.39343,1.170144,PRT,270120
5310293,179,5813,1996,0.0,1.3220862457303524e-09,0.39343,1.170144,PRT,270210
5316819,179,5814,1996,0.0,8.908919098829749e-10,0.39343,1.170144,PRT,270220
5323345,179,5815,1996,0.0,9.708332185778646e-07,0.39343,1.170144,PRT,270300
5329871,179,5816,1996,1.442272058397417e-06,6.14322338278657e-07,0.39343,1.170144,PRT,270400
5336397,179,5817,1996,1.4540020160971499e-08,0.0,0.39343,1.170144,PRT,270500
5342923,179,5818,1996,1.2039388820100722e-07,1.8095579053493552e-08,0.39343,1.170144,PRT,270600
5349449,179,5819,1996,2.7766408092610686e-06,1.8276872905690718e-08,0.39343,1.170144,PRT,270710
5355975,179,5820,1996,0.0,8.252052031792149e-08,0.39343,1.170144,PRT,270720
5362501,179,5821,1996,8.90611311396751e-07,2.5169741395817546e-06,0.39343,1.170144,PRT,270730
5369027,179,5822,1996,3.763416985454764e-09,0.0,0.39343,1.170144,PRT,270740
5375553,179,5823,1996,1.2805789491792174e-05,2.513203426315855e-07,0.39343,1.170144,PRT,270750
5382079,179,5824,1996,5.210418845954523e-09,1.727461950707237e-08,0.39343,1.170144,PRT,270760
5388605,179,5825,1996,4.744044843167271e-09,1.4561111231553812e-07,0.39343,1.170144,PRT,270791
5395131,179,5826,1996,1.002901080067843e-08,1.0678114430306571e-05,0.39343,1.170144,PRT,270799
5401657,179,5827,1996,0.0,1.1186526689869854e-08,0.39343,1.170144,PRT,270810
5408183,179,5828,1996,0.0,0.0,0.39343,1.170144,PRT,270820
5414709,179,5829,1996,5.400277005459567e-06,0.00047447942196664,0.39343,1.170144,PRT,270900
5421235,179,5830,1996,0.00013668556638822516,0.00013185339070409345,0.39343,1.170144,PRT,271000
5427761,179,5831,1996,5.702757062230282e-07,5.876969994808375e-08,0.39343,1.170144,PRT,271011
5434287,179,5832,1996,4.8653808735220567e-08,2.0621191331411347e-06,0.39343,1.170144,PRT,271012
5440813,179,5833,1996,2.244392766487532e-05,2.692115600959295e-06,0.39343,1.170144,PRT,271013
5447339,179,5834,1996,3.9089565841023496e-07,6.56277116293704e-08,0.39343,1.170144,PRT,271014
5453865,179,5835,1996,2.8201475338914536e-07,8.85827613609533e-08,0.39343,1.170144,PRT,271015
5460391,179,5836,1996,0.0,0.0,0.39343,1.170144,PRT,271016
5466917,179,5837,1996,1.3929897508436255e-06,1.7222497690282187e-05,0.39343,1.170144,PRT,271019
5473443,179,5838,1996,1.3941951109693478e-05,2.1048315669991847e-08,0.39343,1.170144,PRT,271021
5479969,179,5839,1996,0.0,2.0755328896057118e-08,0.39343,1.170144,PRT,271022
5486495,179,5840,1996,4.1211522098149663e-08,2.519586825938007e-07,0.39343,1.170144,PRT,271025
5493021,179,5841,1996,1.5633333250690793e-05,1.2586725065556019e-06,0.39343,1.170144,PRT,271026
5499547,179,5842,1996,7.487036116597605e-07,0.0,0.39343,1.170144,PRT,271027
5506073,179,5843,1996,5.386164873597449e-06,9.15506113223514e-06,0.39343,1.170144,PRT,271029
5512599,179,5844,1996,8.330524562379396e-07,5.805400352315766e-07,0.39343,1.170144,PRT,271091
5519125,179,5845,1996,1.408864346123684e-06,8.581794725669594e-09,0.39343,1.170144,PRT,271093
5525651,179,5846,1996,0.0,3.56251069968792e-06,0.39343,1.170144,PRT,271094
5532177,179,5847,1996,3.517663038060107e-07,2.9372222376658486e-07,0.39343,1.170144,PRT,271095
5538703,179,5848,1996,0.0,8.852575488457686e-09,0.39343,1.170144,PRT,271096
5545229,179,5849,1996,5.215067434130453e-06,2.0096345629300546e-05,0.39343,1.170144,PRT,271099
5551755,179,5850,1996,0.0,0.0,0.39343,1.170144,PRT,271111
5558281,179,5851,1996,5.542032277566017e-08,4.451716543602161e-05,0.39343,1.170144,PRT,271112
5564807,179,5852,1996,3.757386548381687e-08,1.8097792694515168e-05,0.39343,1.170144,PRT,271113
5571333,179,5853,1996,5.819813906559493e-06,7.135298473907705e-07,0.39343,1.170144,PRT,271114
5577859,179,5854,1996,7.142189057499614e-08,1.1419557233708664e-07,0.39343,1.170144,PRT,271119
5584385,179,5855,1996,0.0,1.0729480579851765e-08,0.39343,1.170144,PRT,271121
5590911,179,5856,1996,1.694552817534785e-08,8.220340522142743e-07,0.39343,1.170144,PRT,271129
5597437,179,5857,1996,8.08502819646776e-10,1.0203529548678666e-07,0.39343,1.170144,PRT,271210
5603963,179,5858,1996,2.034772501049566e-07,1.1921187711181164e-06,0.39343,1.170144,PRT,271220
5610489,179,5859,1996,1.7635179868358396e-07,7.269595126394528e-07,0.39343,1.170144,PRT,271290
5617015,179,5860,1996,0.0,1.667995578588553e-06,0.39343,1.170144,PRT,271311
5623541,179,5861,1996,3.650384169964417e-09,3.7467871174717835e-07,0.39343,1.170144,PRT,271312
5630067,179,5862,1996,1.4786734735779305e-06,8.74920617513709e-06,0.39343,1.170144,PRT,271320
5636593,179,5863,1996,2.7039691939378627e-08,1.4624481221572272e-07,0.39343,1.170144,PRT,271390
5643119,179,5864,1996,3.733416318608801e-10,0.0,0.39343,1.170144,PRT,271410
5649645,179,5865,1996,3.163164249274803e-07,6.075949112002326e-07,0.39343,1.170144,PRT,271490
5656171,179,5866,1996,7.920236654742154e-08,5.872028328745743e-07,0.39343,1.170144,PRT,271500
5662697,179,5867,1996,2.8803094772139706e-07,9.609956242069024e-06,0.39343,1.170144,PRT,271600
5669223,179,5868,1996,9.047019276291107e-08,4.71728592015044e-08,0.39343,1.170144,PRT,280110
5675749,179,5869,1996,4.8995028440963544e-09,7.945874224370315e-08,0.39343,1.170144,PRT,280120
5682275,179,5870,1996,0.0,5.8995074389572e-10,0.39343,1.170144,PRT,280130
5688801,179,5871,1996,5.756794626997678e-09,9.382536858957268e-09,0.39343,1.170144,PRT,280200
5695327,179,5872,1996,3.6374184272202613e-06,1.7076406000113476e-06,0.39343,1.170144,PRT,280300
5701853,179,5873,1996,1.0450232284677313e-08,6.612983262768614e-08,0.39343,1.170144,PRT,280410
5708379,179,5874,1996,2.00461728531379e-07,4.841941186603597e-07,0.39343,1.170144,PRT,280421
5714905,179,5875,1996,2.0373180121758903e-08,1.8343789228832598e-07,0.39343,1.170144,PRT,280429
5721431,179,5876,1996,4.359230229015601e-07,1.8483587669155754e-07,0.39343,1.170144,PRT,280430
5727957,179,5877,1996,3.353419993374816e-07,7.362518997218148e-08,0.39343,1.170144,PRT,280440
5734483,179,5878,1996,0.0,0.0,0.39343,1.170144,PRT,280450
5741009,179,5879,1996,0.0,8.482364825013013e-08,0.39343,1.170144,PRT,280461
5747535,179,5880,1996,0.0,1.7962541846415045e-07,0.39343,1.170144,PRT,280469
5754061,179,5881,1996,0.0,1.5266135513809414e-08,0.39343,1.170144,PRT,280470
5760587,179,5882,1996,0.0,0.0,0.39343,1.170144,PRT,280480
5767113,179,5883,1996,0.0,1.5186923026286338e-08,0.39343,1.170144,PRT,280490
5773639,179,5884,1996,2.0798644124301657e-08,6.869611836363252e-09,0.39343,1.170144,PRT,280511
5780165,179,5885,1996,2.0390150195934398e-08,1.3887042791702622e-08,0.39343,1.170144,PRT,280519
5786691,179,5886,1996,0.0,1.523839457152623e-07,0.39343,1.170144,PRT,280521
5793217,179,5887,1996,0.0,4.790201180631933e-09,0.39343,1.170144,PRT,280522
5799743,179,5888,1996,1.6900375656559481e-09,8.286487920719546e-09,0.39343,1.170144,PRT,280530
5806269,179,5889,1996,1.1634501032495753e-08,1.029066328495405e-08,0.39343,1.170144,PRT,280540
5812795,179,5890,1996,9.485210834465485e-08,1.2932714605200748e-07,0.39343,1.170144,PRT,280610
5819321,179,5891,1996,0.0,0.0,0.39343,1.170144,PRT,280620
5825847,179,5892,1996,1.7355870629652087e-07,1.2945362088564264e-06,0.39343,1.170144,PRT,280700
5832373,179,5893,1996,3.073262250959732e-07,9.839019532871636e-08,0.39343,1.170144,PRT,280800
5838899,179,5894,1996,0.0,0.0,0.39343,1.170144,PRT,280910
5845425,179,5895,1996,1.098327443601115e-08,1.98251323464446e-06,0.39343,1.170144,PRT,280920
5851951,179,5896,1996,1.0533567470360545e-09,6.97875272398396e-08,0.39343,1.170144,PRT,281000
5858477,179,5897,1996,2.0382271232924347e-09,1.5036518729893148e-07,0.39343,1.170144,PRT,281111
5865003,179,5898,1996,2.9970363142078765e-10,5.127434260358841e-08,0.39343,1.170144,PRT,281119
5871529,179,5899,1996,1.2239665999075444e-07,1.9530451949868685e-07,0.39343,1.170144,PRT,281121
5878055,179,5900,1996,1.1957841552946694e-09,1.4249444893615732e-06,0.39343,1.170144,PRT,281122
5884581,179,5901,1996,0.0,1.65401308309222e-07,0.39343,1.170144,PRT,281123
5891107,179,5902,1996,6.646814410094597e-09,2.1358437530139727e-07,0.39343,1.170144,PRT,281129
5897633,179,5903,1996,2.496479733438557e-08,8.330933086313037e-08,0.39343,1.170144,PRT,281210
5904159,179,5904,1996,0.0,1.1076822366145425e-08,0.39343,1.170144,PRT,281290
5910685,179,5905,1996,0.0,0.0,0.39343,1.170144,PRT,281310
5917211,179,5906,1996,0.0,2.2200045352597255e-08,0.39343,1.170144,PRT,281390
5923737,179,5907,1996,2.1397551376029134e-06,5.099255826512766e-07,0.39343,1.170144,PRT,281410
5930263,179,5908,1996,1.1988751330909203e-08,3.78960494702453e-09,0.39343,1.170144,PRT,281420
5936789,179,5909,1996,4.134928273601002e-07,5.953875708636219e-07,0.39343,1.170144,PRT,281511
5943315,179,5910,1996,3.300740034541459e-08,2.673755538370055e-06,0.39343,1.170144,PRT,281512
5949841,179,5911,1996,5.699217589616535e-09,3.620839262310091e-08,0.39343,1.170144,PRT,281520
5956367,179,5912,1996,0.0,1.2820491390659686e-08,0.39343,1.170144,PRT,281530
5962893,179,5913,1996,0.0,1.1150400492631296e-08,0.39343,1.170144,PRT,281610
5969419,179,5914,1996,0.0,0.0,0.39343,1.170144,PRT,281620
5975945,179,5915,1996,0.0,5.3270563575770385e-08,0.39343,1.170144,PRT,281630
5982471,179,5916,1996,2.089404624487182e-06,2.7826120564748854e-07,0.39343,1.170144,PRT,281700
5988997,179,5917,1996,0.0,8.367755292856192e-07,0.39343,1.170144,PRT,281810
5995523,179,5918,1996,3.355529131165199e-09,5.340469451175611e-07,0.39343,1.170144,PRT,281820
6002049,179,5919,1996,2.625815941618933e-09,4.2834931495659035e-07,0.39343,1.170144,PRT,281830
6008575,179,5920,1996,3.4317429464355006e-08,1.025808342083891e-07,0.39343,1.170144,PRT,281910
6015101,179,5921,1996,0.0,1.2172606157981398e-07,0.39343,1.170144,PRT,281990
6021627,179,5922,1996,0.0,1.601683126376661e-08,0.39343,1.170144,PRT,282010
6028153,179,5923,1996,0.0,4.7350175857675304e-08,0.39343,1.170144,PRT,282090
6034679,179,5924,1996,2.0010747823296555e-08,7.531546514004315e-07,0.39343,1.170144,PRT,282110
6041205,179,5925,1996,0.0,6.228951843132675e-09,0.39343,1.170144,PRT,282120
6047731,179,5926,1996,0.0,1.314241226568548e-07,0.39343,1.170144,PRT,282200
6054257,179,5927,1996,8.989684668541043e-08,1.1915798610565577e-06,0.39343,1.170144,PRT,282300
6060783,179,5928,1996,8.489715979627089e-07,2.275648821997171e-07,0.39343,1.170144,PRT,282410
6067309,179,5929,1996,8.365973835183849e-08,0.0,0.39343,1.170144,PRT,282420
6073835,179,5930,1996,8.40200493910289e-09,8.908919098829749e-10,0.39343,1.170144,PRT,282490
6080361,179,5931,1996,0.0,2.456349409120421e-08,0.39343,1.170144,PRT,282510
6086887,179,5932,1996,1.4130617121487694e-09,1.5349325197358755e-08,0.39343,1.170144,PRT,282520
6093413,179,5933,1996,0.0,0.0,0.39343,1.170144,PRT,282530
6099939,179,5934,1996,0.0,4.718677938759632e-08,0.39343,1.170144,PRT,282540
6106465,179,5935,1996,1.160934895827136e-09,2.8962405469452277e-07,0.39343,1.170144,PRT,282550
6112991,179,5936,1996,0.0,5.598864562671915e-08,0.39343,1.170144,PRT,282560
6119517,179,5937,1996,0.0,3.765078904862573e-09,0.39343,1.170144,PRT,282570
6126043,179,5938,1996,0.0,2.0250490147123435e-07,0.39343,1.170144,PRT,282580
6132569,179,5939,1996,5.119507734300088e-09,1.3234981503196756e-07,0.39343,1.170144,PRT,282590
6139095,179,5940,1996,0.0,5.354764156560006e-08,0.39343,1.170144,PRT,282611
6145621,179,5941,1996,0.0,0.0,0.39343,1.170144,PRT,282612
6152147,179,5942,1996,0.0,3.1187845505947892e-09,0.39343,1.170144,PRT,282619
6158673,179,5943,1996,0.0,1.2228220615748645e-08,0.39343,1.170144,PRT,282620
6165199,179,5944,1996,2.3242334805572873e-08,1.667969726814382e-08,0.39343,1.170144,PRT,282630
6171725,179,5945,1996,0.0,1.5879286567858337e-08,0.39343,1.170144,PRT,282690
6178251,179,5946,1996,0.0,9.176683821297925e-08,0.39343,1.170144,PRT,282710
6184777,179,5947,1996,1.0125679616070979e-08,1.6228086659361627e-07,0.39343,1.170144,PRT,282720
6191303,179,5948,1996,0.0,1.0113412915383584e-07,0.39343,1.170144,PRT,282731
6197829,179,5949,1996,4.2356092993879e-08,3.443588892739624e-08,0.39343,1.170144,PRT,282732
6204355,179,5950,1996,0.0,8.934141150296302e-08,0.39343,1.170144,PRT,282733
6210881,179,5951,1996,1.013052820869255e-09,1.9995353022038644e-09,0.39343,1.170144,PRT,282734
6217407,179,5952,1996,0.0,2.6601475621661955e-08,0.39343,1.170144,PRT,282735
6223933,179,5953,1996,0.0,5.669426648837869e-08,0.39343,1.170144,PRT,282736
6230459,179,5954,1996,0.0,0.0,0.39343,1.170144,PRT,282737
6236985,179,5955,1996,0.0,2.160943174269716e-09,0.39343,1.170144,PRT,282738
6243511,179,5956,1996,6.385566178903635e-08,7.129389023478681e-08,0.39343,1.170144,PRT,282739
6250037,179,5957,1996,7.842598565389266e-10,2.632230960391849e-07,0.39343,1.170144,PRT,282741
6256563,179,5958,1996,0.0,8.892480021921194e-08,0.39343,1.170144,PRT,282749
6263089,179,5959,1996,0.0,1.3060780317246426e-08,0.39343,1.170144,PRT,282751
6269615,179,5960,1996,0.0,2.677614081381535e-08,0.39343,1.170144,PRT,282759
6276141,179,5961,1996,4.972837807497599e-10,4.2738285632220836e-08,0.39343,1.170144,PRT,282760
6282667,179,5962,1996,2.0325603306659747e-08,9.090577527329325e-08,0.39343,1.170144,PRT,282810
6289193,179,5963,1996,8.036693788771486e-08,6.042311976610204e-07,0.39343,1.170144,PRT,282890
6295719,179,5964,1996,3.894025949198303e-10,6.447945536462792e-06,0.39343,1.170144,PRT,282911
6302245,179,5965,1996,0.0,5.4302314511583514e-08,0.39343,1.170144,PRT,282919
6308771,179,5966,1996,4.021301505514512e-10,6.05312663547162e-08,0.39343,1.170144,PRT,282990
6315297,179,5967,1996,1.0329017469138067e-08,3.00292883034974e-07,0.39343,1.170144,PRT,283010
6321823,179,5968,1996,0.0,6.585222434505296e-07,0.39343,1.170144,PRT,283020
6328349,179,5969,1996,0.0,0.0,0.39343,1.170144,PRT,283030
6334875,179,5970,1996,0.0,1.1126139596871091e-07,0.39343,1.170144,PRT,283090
6341401,179,5971,1996,0.0,5.095974639791098e-07,0.39343,1.170144,PRT,283110
6347927,179,5972,1996,0.0,2.5304578284097936e-08,0.39343,1.170144,PRT,283190
6354453,179,5973,1996,1.508215342347078e-09,2.01374383500769e-07,0.39343,1.170144,PRT,283210
6360979,179,5974,1996,3.096432462950059e-09,2.5659973892344777e-07,0.39343,1.170144,PRT,283220
6367505,179,5975,1996,0.0,7.894038102828016e-08,0.39343,1.170144,PRT,283230
6374031,179,5976,1996,3.9273600234715957e-10,2.2658002903371364e-06,0.39343,1.170144,PRT,283311
6380557,179,5977,1996,2.8621848319204643e-09,7.848366635126427e-08,0.39343,1.170144,PRT,283319
6387083,179,5978,1996,3.8909955788098215e-10,9.592731668945282e-08,0.39343,1.170144,PRT,283321
6393609,179,5979,1996,4.597980990442479e-09,2.3756123297872765e-08,0.39343,1.170144,PRT,283322
6400135,179,5980,1996,0.0,2.0335038705981747e-07,0.39343,1.170144,PRT,283323
6406661,179,5981,1996,9.094141535831989e-10,6.870407275568505e-08,0.39343,1.170144,PRT,283324
6413187,179,5982,1996,5.4062716841620606e-08,7.767165549590217e-07,0.39343,1.170144,PRT,283325
6419713,179,5983,1996,1.6260967504589955e-09,5.784765333599504e-08,0.39343,1.170144,PRT,283326
6426239,179,5984,1996,7.845628935777748e-10,8.662001512199238e-08,0.39343,1.170144,PRT,283327
6432765,179,5985,1996,2.0503576959575246e-07,3.229048996092917e-07,0.39343,1.170144,PRT,283329
6439291,179,5986,1996,3.2534056490733837e-09,1.730842567329561e-08,0.39343,1.170144,PRT,283330
6445817,179,5987,1996,0.0,1.6973976630787086e-07,0.39343,1.170144,PRT,283340
6452343,179,5988,1996,0.0,9.771407200425161e-08,0.39343,1.170144,PRT,283410
6458869,179,5989,1996,5.742854923210664e-09,4.902083019180742e-07,0.39343,1.170144,PRT,283421
6465395,179,5990,1996,0.0,3.04255496009141e-09,0.39343,1.170144,PRT,283422
6471921,179,5991,1996,1.102760875479463e-07,1.3271571706638379e-07,0.39343,1.170144,PRT,283429
6478447,179,5992,1996,2.0200145972576626e-08,6.741579267617793e-08,0.39343,1.170144,PRT,283510
6484973,179,5993,1996,0.0,0.0,0.39343,1.170144,PRT,283521
6491499,179,5994,1996,0.0,1.1546893793149527e-07,0.39343,1.170144,PRT,283522
6498025,179,5995,1996,4.4019160263077465e-09,1.1372725750499414e-07,0.39343,1.170144,PRT,283523
6504551,179,5996,1996,7.351678562455317e-10,4.142846240757146e-08,0.39343,1.170144,PRT,283524
6511077,179,5997,1996,1.1654804514098577e-09,1.5329681163319037e-06,0.39343,1.170144,PRT,283525
6517603,179,5998,1996,0.0,1.5777602922786872e-07,0.39343,1.170144,PRT,283526
6524129,179,5999,1996,2.9762782770467806e-08,2.580384895859485e-07,0.39343,1.170144,PRT,283529
6530655,179,6000,1996,5.3295124022218324e-09,4.127356719399862e-06,0.39343,1.170144,PRT,283531
6537181,179,6001,1996,1.1058124584606636e-08,4.058821346042291e-07,0.39343,1.170144,PRT,283539
6543707,179,6002,1996,2.23368601334947e-09,3.5405993324802295e-08,0.39343,1.170144,PRT,283610
6550233,179,6003,1996,3.808269497574674e-07,2.71057177911917e-07,0.39343,1.170144,PRT,283620
6556759,179,6004,1996,5.527092551550805e-09,7.994468931151208e-07,0.39343,1.170144,PRT,283630
6563285,179,6005,1996,3.279981997380363e-08,1.6593160111272377e-07,0.39343,1.170144,PRT,283640
6569811,179,6006,1996,1.8871631594266484e-08,9.983259175424118e-08,0.39343,1.170144,PRT,283650
6576337,179,6007,1996,6.41620322353118e-09,2.5878222524285977e-07,0.39343,1.170144,PRT,283660
6582863,179,6008,1996,0.0,1.8639792043087244e-09,0.39343,1.170144,PRT,283670
6589389,179,6009,1996,1.1618440069436804e-09,6.721461284384944e-09,0.39343,1.170144,PRT,283691
6595915,179,6010,1996,0.0,1.1580269096469919e-09,0.39343,1.170144,PRT,283692
6602441,179,6011,1996,0.0,0.0,0.39343,1.170144,PRT,283693
6608967,179,6012,1996,6.887425818940002e-09,5.5187903493431476e-08,0.39343,1.170144,PRT,283699
6615493,179,6013,1996,4.084939283672616e-10,4.6938204635954863e-08,0.39343,1.170144,PRT,283711
6622019,179,6014,1996,0.0,8.155837031256797e-08,0.39343,1.170144,PRT,283719
6628545,179,6015,1996,0.0,2.580802501442243e-08,0.39343,1.170144,PRT,283720
6635071,179,6016,1996,0.0,7.547060892836764e-09,0.39343,1.170144,PRT,283800
6641597,179,6017,1996,4.771318176663601e-09,1.398922358627737e-07,0.39343,1.170144,PRT,283911
6648123,179,6018,1996,3.99672520166393e-08,7.937654685916037e-08,0.39343,1.170144,PRT,283919
6654649,179,6019,1996,0.0,6.440704388230976e-08,0.39343,1.170144,PRT,283920
6661175,179,6020,1996,1.4689114384084772e-08,6.229763853988038e-07,0.39343,1.170144,PRT,283990
6667701,179,6021,1996,0.0,0.0,0.39343,1.170144,PRT,284011
6674227,179,6022,1996,0.0,6.25293102084102e-07,0.39343,1.170144,PRT,284019
6680753,179,6023,1996,0.0,4.8510522798337615e-08,0.39343,1.170144,PRT,284020
6687279,179,6024,1996,0.0,5.951489391020461e-07,0.39343,1.170144,PRT,284030
6693805,179,6025,1996,0.0,1.5789269364463913e-07,0.39343,1.170144,PRT,284110
6700331,179,6026,1996,0.0,2.1950476301949237e-08,0.39343,1.170144,PRT,284120
6706857,179,6027,1996,2.1627995892221184e-07,2.1327382257834654e-08,0.39343,1.170144,PRT,284130
6713383,179,6028,1996,0.0,6.382073890143811e-09,0.39343,1.170144,PRT,284140
6719909,179,6029,1996,0.0,7.349858256534543e-09,0.39343,1.170144,PRT,284150
6726435,179,6030,1996,0.0,1.4072645272928242e-08,0.39343,1.170144,PRT,284160
6732961,179,6031,1996,4.1970629880464197e-10,1.6178570568834648e-08,0.39343,1.170144,PRT,284170
6739487,179,6032,1996,0.0,5.14052586394529e-10,0.39343,1.170144,PRT,284180
6746013,179,6033,1996,4.684922316888003e-08,1.2879817898051447e-08,0.39343,1.170144,PRT,284190
6752539,179,6034,1996,1.7612512697852556e-09,3.521906511156792e-08,0.39343,1.170144,PRT,284210
6759065,179,6035,1996,9.268387833169657e-09,3.451410711591275e-08,0.39343,1.170144,PRT,284290
6765591,179,6036,1996,0.0,1.4393472419046813e-08,0.39343,1.170144,PRT,284310
6772117,179,6037,1996,5.80618966432992e-10,5.386382864968799e-08,0.39343,1.170144,PRT,284321
6778643,179,6038,1996,0.0,2.0150132234060724e-08,0.39343,1.170144,PRT,284329
6785169,179,6039,1996,0.0,5.072545640866386e-07,0.39343,1.170144,PRT,284330
6791695,179,6040,1996,0.0,3.784636766321722e-07,0.39343,1.170144,PRT,284390
6798221,179,6041,1996,0.0,2.0376500974555543e-09,0.39343,1.170144,PRT,284410
6804747,179,6042,1996,0.0,0.0,0.39343,1.170144,PRT,284420
6811273,179,6043,1996,2.0149296357457912e-07,4.4511452193929884e-10,0.39343,1.170144,PRT,284430
6817799,179,6044,1996,2.8543058689104136e-09,1.341210261389637e-06,0.39343,1.170144,PRT,284440
6824325,179,6045,1996,0.0,0.0,0.39343,1.170144,PRT,284450
6830851,179,6046,1996,0.0,5.047724623332481e-10,0.39343,1.170144,PRT,284510
6837377,179,6047,1996,8.830499312034128e-10,2.2450277269249653e-08,0.39343,1.170144,PRT,284590
6843903,179,6048,1996,0.0,9.007188983978671e-08,0.39343,1.170144,PRT,284610
6850429,179,6049,1996,1.943679567171822e-09,4.668200692526307e-08,0.39343,1.170144,PRT,284690
6856955,179,6050,1996,4.842501577089024e-08,2.312141915569152e-06,0.39343,1.170144,PRT,284700
6863481,179,6051,1996,0.0,0.0,0.39343,1.170144,PRT,284810
6870007,179,6052,1996,3.758204748386577e-08,4.142912527357584e-09,0.39343,1.170144,PRT,284890
6876533,179,6053,1996,2.0245904565442694e-08,5.539299423518578e-07,0.39343,1.170144,PRT,284910
6883059,179,6054,1996,7.3171323400266315e-09,4.494712087530681e-07,0.39343,1.170144,PRT,284920
6889585,179,6055,1996,0.0,5.980396977471351e-07,0.39343,1.170144,PRT,284990
6896111,179,6056,1996,1.1692684143954592e-08,2.4356017031834144e-08,0.39343,1.170144,PRT,285000
6902637,179,6057,1996,4.4994333454090706e-08,1.3770643521333982e-07,0.39343,1.170144,PRT,285100
6909163,179,6058,1996,4.189914344299993e-07,1.4150565171742783e-07,0.39343,1.170144,PRT,290110
6915689,179,6059,1996,4.350933680966017e-06,1.4217577610455298e-06,0.39343,1.170144,PRT,290121
6922215,179,6060,1996,1.391712631547104e-05,0.0,0.39343,1.170144,PRT,290122
6928741,179,6061,1996,3.7309314148902464e-08,3.598242160220872e-07,0.39343,1.170144,PRT,290123
6935267,179,6062,1996,2.6502270902833434e-06,8.360960916311326e-08,0.39343,1.170144,PRT,290124
6941793,179,6063,1996,1.0274773839184252e-06,1.2179831397429109e-08,0.39343,1.170144,PRT,290129
6948319,179,6064,1996,0.0,3.507190885859618e-08,0.39343,1.170144,PRT,290211
6954845,179,6065,1996,6.975927786135595e-07,5.544144974010576e-08,0.39343,1.170144,PRT,290219
6961371,179,6066,1996,4.673831161266162e-08,1.8680316356264844e-06,0.39343,1.170144,PRT,290220
6967897,179,6067,1996,6.41130190246485e-06,2.4827911340350284e-07,0.39343,1.170144,PRT,290230
6974423,179,6068,1996,1.2172509960896312e-06,1.7062800675373632e-07,0.39343,1.170144,PRT,290241
6980949,179,6069,1996,0.0,1.8644027756855212e-06,0.39343,1.170144,PRT,290242
6987475,179,6070,1996,1.848848035042105e-05,0.0,0.39343,1.170144,PRT,290243
6994001,179,6071,1996,1.0936758250547964e-07,3.0668092271915723e-07,0.39343,1.170144,PRT,290244
7000527,179,6072,1996,0.0,9.942413372234393e-07,0.39343,1.170144,PRT,290250
7007053,179,6073,1996,0.0,0.0,0.39343,1.170144,PRT,290260
7013579,179,6074,1996,0.0,0.0,0.39343,1.170144,PRT,290270
7020105,179,6075,1996,5.7677645678039794e-08,6.795106028904255e-06,0.39343,1.170144,PRT,290290
7026631,179,6076,1996,7.371194147757135e-08,7.907527426017092e-08,0.39343,1.170144,PRT,290311
7033157,179,6077,1996,8.39897456871441e-09,5.884397408387421e-07,0.39343,1.170144,PRT,290312
7039683,179,6078,1996,1.1645713402933135e-09,1.2513252997630848e-08,0.39343,1.170144,PRT,290313
7046209,179,6079,1996,0.0,7.61699325629856e-09,0.39343,1.170144,PRT,290314
7052735,179,6080,1996,0.0,1.0201176374363127e-08,0.39343,1.170144,PRT,290315
7059261,179,6081,1996,0.0,2.429072473040299e-09,0.39343,1.170144,PRT,290316
7065787,179,6082,1996,0.0,1.5700975612680866e-08,0.39343,1.170144,PRT,290319
7072313,179,6083,1996,0.0,1.6662250966341615e-05,0.39343,1.170144,PRT,290321
7078839,179,6084,1996,2.5028132075504828e-08,6.202576404818506e-07,0.39343,1.170144,PRT,290322
7085365,179,6085,1996,1.0621448211626499e-09,2.364953444436891e-07,0.39343,1.170144,PRT,290323
7091891,179,6086,1996,5.772552553017779e-09,1.5653580693367897e-09,0.39343,1.170144,PRT,290329
7098417,179,6087,1996,2.4146597329495653e-08,4.4610119798681435e-07,0.39343,1.170144,PRT,290330
7104943,179,6088,1996,5.371349695805204e-07,1.1542479105560374e-06,0.39343,1.170144,PRT,290340
7111469,179,6089,1996,0.0,1.4283536092220853e-07,0.39343,1.170144,PRT,290351
7117995,179,6090,1996,0.0,3.4472346557636987e-09,0.39343,1.170144,PRT,290359
7124521,179,6091,1996,0.0,1.1244063459049797e-07,0.39343,1.170144,PRT,290361
7131047,179,6092,1996,0.0,0.0,0.39343,1.170144,PRT,290362
7137573,179,6093,1996,0.0,9.35138215675154e-09,0.39343,1.170144,PRT,290369
7144099,179,6094,1996,6.754331951477909e-08,4.4060305591350754e-07,0.39343,1.170144,PRT,290410
7150625,179,6095,1996,1.7030042175112204e-06,6.102834957139867e-07,0.39343,1.170144,PRT,290420
7157151,179,6096,1996,4.792833806421817e-08,1.6532441585271424e-07,0.39343,1.170144,PRT,290490
7163677,179,6097,1996,3.512593228400178e-08,3.4008230981682214e-06,0.39343,1.170144,PRT,290511
7170203,179,6098,1996,2.1231047675034036e-07,8.238446707052307e-07,0.39343,1.170144,PRT,290512
7176729,179,6099,1996,4.810622080602202e-08,4.3524080137109807e-07,0.39343,1.170144,PRT,290513
7183255,179,6100,1996,4.664043064911368e-08,1.4586200709819487e-07,0.39343,1.170144,PRT,290514
7189781,179,6101,1996,0.0,5.814329157394728e-09,0.39343,1.170144,PRT,290515
7196307,179,6102,1996,0.0,2.594556639600068e-06,0.39343,1.170144,PRT,290516
7202833,179,6103,1996,0.0,2.3974869079317246e-08,0.39343,1.170144,PRT,290517
7209359,179,6104,1996,7.478954118771526e-09,4.2006282703587084e-07,0.39343,1.170144,PRT,290519
7215885,179,6105,1996,0.0,0.0,0.39343,1.170144,PRT,290521
7222411,179,6106,1996,2.430963125639594e-09,5.997744180805904e-08,0.39343,1.170144,PRT,290522
7228937,179,6107,1996,6.969245819428994e-09,6.8344799381312595e-09,0.39343,1.170144,PRT,290529
7235463,179,6108,1996,4.83434988074401e-09,1.993159525540762e-06,0.39343,1.170144,PRT,290531
7241989,179,6109,1996,3.8968138899557056e-08,9.142983713635387e-07,0.39343,1.170144,PRT,290532
7248515,179,6110,1996,3.5318966877748028e-09,5.242839231720913e-08,0.39343,1.170144,PRT,290539
7255041,179,6111,1996,0.0,6.799215466698391e-08,0.39343,1.170144,PRT,290541
7261567,179,6112,1996,7.876538713740256e-09,8.622985219181594e-07,0.39343,1.170144,PRT,290542
7268093,179,6113,1996,4.2697918773699677e-10,4.0469626732239824e-08,0.39343,1.170144,PRT,290543
7274619,179,6114,1996,1.9682255673185194e-09,1.0743798485546314e-07,0.39343,1.170144,PRT,290544
7281145,179,6115,1996,6.009224480358159e-10,1.3094586483469664e-08,0.39343,1.170144,PRT,290549
7287671,179,6116,1996,3.96039106070604e-09,1.7744558360875597e-07,0.39343,1.170144,PRT,290550
7294197,179,6117,1996,0.0,2.2707038416045168e-07,0.39343,1.170144,PRT,290611
7300723,179,6118,1996,0.0,1.1507022402986237e-08,0.39343,1.170144,PRT,290612
7307249,179,6119,1996,0.0,4.6913347160790715e-08,0.39343,1.170144,PRT,290613
7313775,179,6120,1996,4.434250078352841e-08,9.425623149241787e-09,0.39343,1.170144,PRT,290614
7320301,179,6121,1996,2.9014281284512955e-08,2.0817969733470765e-08,0.39343,1.170144,PRT,290619
7326827,179,6122,1996,0.0,7.084811284684314e-08,0.39343,1.170144,PRT,290621
7333353,179,6123,1996,2.2282313466502038e-09,1.8820423029280033e-07,0.39343,1.170144,PRT,290629
7339879,179,6124,1996,5.257692624014829e-09,3.229890835918476e-07,0.39343,1.170144,PRT,290711
7346405,179,6125,1996,0.0,1.0890888451917617e-09,0.39343,1.170144,PRT,290712
7352931,179,6126,1996,0.0,2.045425515686899e-07,0.39343,1.170144,PRT,290713
7359457,179,6127,1996,5.616185440972152e-09,0.0,0.39343,1.170144,PRT,290714
7365983,179,6128,1996,0.0,1.6406596474340412e-08,0.39343,1.170144,PRT,290715
7372509,179,6129,1996,4.887987436620126e-10,2.0464562723237056e-07,0.39343,1.170144,PRT,290719
7379035,179,6130,1996,0.0,3.162865139885874e-08,0.39343,1.170144,PRT,290721
7385561,179,6131,1996,0.0,8.163194843905385e-09,0.39343,1.170144,PRT,290722
7392087,179,6132,1996,0.0,1.4917401708906564e-07,0.39343,1.170144,PRT,290723
7398613,179,6133,1996,1.2751798594728762e-09,1.1470597916045709e-07,0.39343,1.170144,PRT,290729
7405139,179,6134,1996,0.0,1.1490782185878995e-08,0.39343,1.170144,PRT,290730
7411665,179,6135,1996,0.0,7.236309309984727e-08,0.39343,1.170144,PRT,290810
7418191,179,6136,1996,1.2230877924948847e-08,7.307723178966306e-07,0.39343,1.170144,PRT,290820
7424717,179,6137,1996,9.449028212027019e-08,2.144305237559848e-08,0.39343,1.170144,PRT,290890
7431243,179,6138,1996,6.339534852702607e-10,6.46731845830672e-08,0.39343,1.170144,PRT,290911
7437769,179,6139,1996,1.7209473436184562e-09,1.6635905025564641e-06,0.39343,1.170144,PRT,290919
7444295,179,6140,1996,0.0,0.0,0.39343,1.170144,PRT,290920
7450821,179,6141,1996,1.7743727735673793e-08,1.2067710927118725e-06,0.39343,1.170144,PRT,290930
7457347,179,6142,1996,2.2565956134863875e-08,1.8743497429472058e-07,0.39343,1.170144,PRT,290941
7463873,179,6143,1996,0.0,1.0964367148502832e-07,0.39343,1.170144,PRT,290942
7470399,179,6144,1996,3.4361066797949135e-08,5.729101160881928e-07,0.39343,1.170144,PRT,290943
7476925,179,6145,1996,6.0677106288558455e-09,1.2060946379544054e-07,0.39343,1.170144,PRT,290944
7483451,179,6146,1996,3.0430979441127903e-09,5.042779642939827e-07,0.39343,1.170144,PRT,290949
7489977,179,6147,1996,0.0,6.744761024438803e-08,0.39343,1.170144,PRT,290950
7496503,179,6148,1996,1.0604084189300502e-07,2.2391282194860081e-07,0.39343,1.170144,PRT,290960
7503029,179,6149,1996,0.0,3.804453145522579e-07,0.39343,1.170144,PRT,291010
7509555,179,6150,1996,0.0,1.9952674394346816e-06,0.39343,1.170144,PRT,291020
7516081,179,6151,1996,0.0,2.3071714148353292e-08,0.39343,1.170144,PRT,291030
7522607,179,6152,1996,0.0,1.29410667168559e-07,0.39343,1.170144,PRT,291090
7529133,179,6153,1996,0.0,4.593462550532776e-08,0.39343,1.170144,PRT,291100
7535659,179,6154,1996,9.557788205269609e-10,2.7248764274936302e-08,0.39343,1.170144,PRT,291211
7542185,179,6155,1996,0.0,1.5779525234199567e-09,0.39343,1.170144,PRT,291212
7548711,179,6156,1996,5.1534478826510765e-09,3.134361901697654e-09,0.39343,1.170144,PRT,291213
7555237,179,6157,1996,0.0,4.831265729603102e-08,0.39343,1.170144,PRT,291219
7561763,179,6158,1996,0.0,0.0,0.39343,1.170144,PRT,291221
7568289,179,6159,1996,0.0,2.1354228331011932e-09,0.39343,1.170144,PRT,291229
7574815,179,6160,1996,0.0,1.0578181414352666e-07,0.39343,1.170144,PRT,291230
7581341,179,6161,1996,0.0,7.700149796547681e-08,0.39343,1.170144,PRT,291241
7587867,179,6162,1996,0.0,2.0651590366372087e-09,0.39343,1.170144,PRT,291242
7594393,179,6163,1996,0.0,0.0,0.39343,1.170144,PRT,291249
7600919,179,6164,1996,0.0,4.0441454927053795e-08,0.39343,1.170144,PRT,291250
7607445,179,6165,1996,5.043142400510362e-09,9.813698051504427e-08,0.39343,1.170144,PRT,291260
7613971,179,6166,1996,0.0,1.6448357032616176e-08,0.39343,1.170144,PRT,291300
7620497,179,6167,1996,7.661109682823129e-08,8.60262860418717e-07,0.39343,1.170144,PRT,291411
7627023,179,6168,1996,1.1672501877167308e-07,9.340574126550169e-07,0.39343,1.170144,PRT,291412
7633549,179,6169,1996,3.469289235548782e-08,2.9860920338385587e-07,0.39343,1.170144,PRT,291413
7640075,179,6170,1996,1.1153581251843792e-08,3.842004504670548e-08,0.39343,1.170144,PRT,291419
7646601,179,6171,1996,0.0,2.202040866541103e-08,0.39343,1.170144,PRT,291421
7653127,179,6172,1996,0.0,7.285858543811924e-08,0.39343,1.170144,PRT,291422
7659653,179,6173,1996,3.000157595708012e-08,3.784964884993889e-10,0.39343,1.170144,PRT,291423
7666179,179,6174,1996,2.736424460798496e-10,4.1932572003900334e-08,0.39343,1.170144,PRT,291429
7672705,179,6175,1996,3.466198257752531e-08,2.6517755645309113e-07,0.39343,1.170144,PRT,291430
7679231,179,6176,1996,0.0,0.0,0.39343,1.170144,PRT,291441
7685757,179,6177,1996,3.360377723786769e-09,9.169657441651526e-08,0.39343,1.170144,PRT,291449
7692283,179,6178,1996,0.0,6.657461571662324e-08,0.39343,1.170144,PRT,291450
7698809,179,6179,1996,0.0,0.0,0.39343,1.170144,PRT,291461
7705335,179,6180,1996,0.0,5.918107459040025e-07,0.39343,1.170144,PRT,291469
7711861,179,6181,1996,0.0,1.5889030698122683e-07,0.39343,1.170144,PRT,291470
7718387,179,6182,1996,1.1220552437429226e-08,4.2392965587240527e-07,0.39343,1.170144,PRT,291511
7724913,179,6183,1996,0.0,1.3118781092629432e-07,0.39343,1.170144,PRT,291512
7731439,179,6184,1996,0.0,1.8709392973546852e-08,0.39343,1.170144,PRT,291513
7737965,179,6185,1996,6.798939003596352e-09,6.730148143372308e-07,0.39343,1.170144,PRT,291521
7744491,179,6186,1996,4.08918180221649e-09,5.620076274811985e-08,0.39343,1.170144,PRT,291522
7751017,179,6187,1996,0.0,2.5299938222067294e-08,0.39343,1.170144,PRT,291523
7757543,179,6188,1996,0.0,3.0140517219031897e-09,0.39343,1.170144,PRT,291524
7764069,179,6189,1996,4.5253127085267e-08,4.0411526526956164e-07,0.39343,1.170144,PRT,291529
7770595,179,6190,1996,7.941449247461523e-08,9.908424917859953e-07,0.39343,1.170144,PRT,291531
7777121,179,6191,1996,1.3849429053140525e-07,2.7833183402025494e-06,0.39343,1.170144,PRT,291532
7783647,179,6192,1996,2.613603548953354e-08,1.0798087211304808e-06,0.39343,1.170144,PRT,291533
7790173,179,6193,1996,0.0,7.100090346085209e-08,0.39343,1.170144,PRT,291534
7796699,179,6194,1996,6.386808630762913e-09,8.352542518055735e-08,0.39343,1.170144,PRT,291535
7803225,179,6195,1996,6.227744489071535e-08,6.612091707992726e-07,0.39343,1.170144,PRT,291539
7809751,179,6196,1996,9.733549687801515e-10,1.9889957327342666e-08,0.39343,1.170144,PRT,291540
7816277,179,6197,1996,2.0658034938276133e-09,1.1148743327620353e-07,0.39343,1.170144,PRT,291550
7822803,179,6198,1996,5.839523738603214e-10,2.2897413532502304e-07,0.39343,1.170144,PRT,291560
7829329,179,6199,1996,6.458949628231095e-07,6.972419039312136e-07,0.39343,1.170144,PRT,291570
7835855,179,6200,1996,2.851487624449126e-08,1.6416579236366332e-06,0.39343,1.170144,PRT,291590
7842381,179,6201,1996,0.0,9.379520818637352e-08,0.39343,1.170144,PRT,291611
7848907,179,6202,1996,1.9776197155228114e-09,1.4401897445962448e-06,0.39343,1.170144,PRT,291612
7855433,179,6203,1996,0.0,6.942493953544527e-08,0.39343,1.170144,PRT,291613
7861959,179,6204,1996,6.652966061983213e-08,1.1380245965319073e-06,0.39343,1.170144,PRT,291614
7868485,179,6205,1996,1.1054791177179307e-09,1.9036185913704815e-08,0.39343,1.170144,PRT,291615
7875011,179,6206,1996,4.008876986921739e-09,2.197709037202498e-07,0.39343,1.170144,PRT,291619
7881537,179,6207,1996,4.2561855143256873e-08,2.3915874004927674e-08,0.39343,1.170144,PRT,291620
7888063,179,6208,1996,1.1039942362275748e-08,4.185203378436851e-08,0.39343,1.170144,PRT,291631
7894589,179,6209,1996,0.0,9.592234519442e-08,0.39343,1.170144,PRT,291632
7901115,179,6210,1996,1.1859354515321057e-08,6.277377519082452e-07,0.39343,1.170144,PRT,291633
7907641,179,6211,1996,5.070718771045541e-09,1.2696535447841147e-07,0.39343,1.170144,PRT,291639
7914167,179,6212,1996,0.0,1.9421112202446664e-07,0.39343,1.170144,PRT,291711
7920693,179,6213,1996,0.0,1.9974737889302513e-07,0.39343,1.170144,PRT,291712
7927219,179,6214,1996,0.0,8.38525495537175e-10,0.39343,1.170144,PRT,291713
7933745,179,6215,1996,1.9025877447040175e-08,2.2663587549458242e-07,0.39343,1.170144,PRT,291714
7940271,179,6216,1996,2.855821054104654e-09,4.4678660143534036e-07,0.39343,1.170144,PRT,291719
7946797,179,6217,1996,0.0,1.4332820179646299e-08,0.39343,1.170144,PRT,291720
7953323,179,6218,1996,3.068331838337673e-07,1.2915281229285627e-08,0.39343,1.170144,PRT,291731
7959849,179,6219,1996,9.352026055891737e-07,7.760056311693272e-07,0.39343,1.170144,PRT,291732
7966375,179,6220,1996,1.415849652906172e-08,8.755399332215987e-08,0.39343,1.170144,PRT,291733
7972901,179,6221,1996,6.490780638791701e-08,1.4606756184615225e-06,0.39343,1.170144,PRT,291734
7979427,179,6222,1996,1.253388162972269e-06,7.092997679838372e-08,0.39343,1.170144,PRT,291735
7985953,179,6223,1996,0.0,7.018534958669661e-06,0.39343,1.170144,PRT,291736
7992479,179,6224,1996,0.0,0.0,0.39343,1.170144,PRT,291737
7999005,179,6225,1996,5.4627880919072344e-08,6.670486888648337e-07,0.39343,1.170144,PRT,291739
8005531,179,6226,1996,3.0334007588696507e-10,3.72058070998873e-07,0.39343,1.170144,PRT,291811
8012057,179,6227,1996,2.7822163877388347e-07,1.3111612196792093e-06,0.39343,1.170144,PRT,291812
8018583,179,6228,1996,2.4392663405040326e-08,9.706612048497287e-08,0.39343,1.170144,PRT,291813
8025109,179,6229,1996,1.2904226225269364e-08,6.004512042710595e-07,0.39343,1.170144,PRT,291814
8031635,179,6230,1996,3.915238541917671e-10,5.4352360894914e-08,0.39343,1.170144,PRT,291815
8038161,179,6231,1996,0.0,8.047723585942874e-08,0.39343,1.170144,PRT,291816
8044687,179,6232,1996,0.0,0.0,0.39343,1.170144,PRT,291817
8051213,179,6233,1996,3.821297059874755e-10,2.093042495111336e-07,0.39343,1.170144,PRT,291819
8057739,179,6234,1996,0.0,1.2982562128729914e-08,0.39343,1.170144,PRT,291821
8064265,179,6235,1996,0.0,1.8370900448411626e-07,0.39343,1.170144,PRT,291822
8070791,179,6236,1996,0.0,2.7314056576367457e-08,0.39343,1.170144,PRT,291823
8077317,179,6237,1996,0.0,2.7974867696131105e-07,0.39343,1.170144,PRT,291829
8083843,179,6238,1996,2.589451496957159e-09,2.686715231621634e-07,0.39343,1.170144,PRT,291830
8090369,179,6239,1996,5.367695069116696e-09,5.950007885500678e-07,0.39343,1.170144,PRT,291890
8096895,179,6240,1996,1.8699203519161905e-08,4.485856197712201e-07,0.39343,1.170144,PRT,291900
8103421,179,6241,1996,0.0,5.2861575251069645e-08,0.39343,1.170144,PRT,292010
8109947,179,6242,1996,1.4448927227093754e-07,5.518429087370762e-07,0.39343,1.170144,PRT,292090
8116473,179,6243,1996,0.0,1.2524057713502195e-07,0.39343,1.170144,PRT,292111
8122999,179,6244,1996,9.10989946185209e-09,5.2007803837431794e-08,0.39343,1.170144,PRT,292112
8129525,179,6245,1996,0.0,9.81988921998531e-07,0.39343,1.170144,PRT,292119
8136051,179,6246,1996,0.0,5.744065360930744e-09,0.39343,1.170144,PRT,292121
8142577,179,6247,1996,0.0,7.060517245623889e-09,0.39343,1.170144,PRT,292122
8149103,179,6248,1996,0.0,2.9229838758918263e-07,0.39343,1.170144,PRT,292129
8155629,179,6249,1996,0.0,2.3446332870727074e-07,0.39343,1.170144,PRT,292130
8162155,179,6250,1996,2.2537007006542717e-06,5.021418785948771e-07,0.39343,1.170144,PRT,292141
8168681,179,6251,1996,0.0,8.405472368505255e-09,0.39343,1.170144,PRT,292142
8175207,179,6252,1996,0.0,5.796431775276543e-09,0.39343,1.170144,PRT,292143
8181733,179,6253,1996,0.0,6.235580503176447e-09,0.39343,1.170144,PRT,292144
8188259,179,6254,1996,0.0,0.0,0.39343,1.170144,PRT,292145
8194785,179,6255,1996,0.0,1.2684852434514e-06,0.39343,1.170144,PRT,292149
8201311,179,6256,1996,4.284034618195829e-09,4.879234028009859e-07,0.39343,1.170144,PRT,292151
8207837,179,6257,1996,0.0,1.0710025462623295e-07,0.39343,1.170144,PRT,292159
8214363,179,6258,1996,4.170092691588937e-09,4.500363020217997e-08,0.39343,1.170144,PRT,292211
8220889,179,6259,1996,0.0,7.620440159521321e-08,0.39343,1.170144,PRT,292212
8227415,179,6260,1996,1.947012974599151e-09,1.507602554375403e-07,0.39343,1.170144,PRT,292213
8233941,179,6261,1996,2.0446515085160145e-08,8.816687922980704e-07,0.39343,1.170144,PRT,292219
8240467,179,6262,1996,0.0,0.0,0.39343,1.170144,PRT,292221
8246993,179,6263,1996,0.0,0.0,0.39343,1.170144,PRT,292222
8253519,179,6264,1996,0.0,5.004737762948618e-08,0.39343,1.170144,PRT,292229
8260045,179,6265,1996,0.0,7.701508671856654e-09,0.39343,1.170144,PRT,292230
8266571,179,6266,1996,1.0920666983785129e-07,2.655857493385866e-06,0.39343,1.170144,PRT,292241
8273097,179,6267,1996,6.667117891697421e-09,7.063427227383105e-07,0.39343,1.170144,PRT,292242
8279623,179,6268,1996,2.3959623476526366e-08,4.676129564237665e-06,0.39343,1.170144,PRT,292249
8286149,179,6269,1996,2.6792110678639715e-08,7.776899736864497e-07,0.39343,1.170144,PRT,292250
8292675,179,6270,1996,6.521963150089173e-09,2.1693715155153722e-07,0.39343,1.170144,PRT,292310
8299201,179,6271,1996,2.3176272731103985e-09,1.352024588818049e-07,0.39343,1.170144,PRT,292320
8305727,179,6272,1996,3.845691541502028e-08,3.715609214955901e-07,0.39343,1.170144,PRT,292390
8312253,179,6273,1996,5.952708072612985e-08,1.0119720085415233e-06,0.39343,1.170144,PRT,292410
8318779,179,6274,1996,0.0,1.312753092388721e-07,0.39343,1.170144,PRT,292421
8325305,179,6275,1996,3.0762338321626767e-06,2.2430454261388755e-06,0.39343,1.170144,PRT,292429
8331831,179,6276,1996,8.76080079309906e-10,1.2319828697553575e-07,0.39343,1.170144,PRT,292511
8338357,179,6277,1996,0.0,1.2857744460105685e-07,0.39343,1.170144,PRT,292519
8344883,179,6278,1996,1.3854853416135906e-09,3.814227104757121e-07,0.39343,1.170144,PRT,292520
8351409,179,6279,1996,0.0,1.2987756015307213e-05,0.39343,1.170144,PRT,292610
8357935,179,6280,1996,0.0,7.794309912469465e-09,0.39343,1.170144,PRT,292620
8364461,179,6281,1996,2.594330393282614e-08,1.4944181495483402e-07,0.39343,1.170144,PRT,292690
8370987,179,6282,1996,0.0,1.6167898426164175e-07,0.39343,1.170144,PRT,292700
8377513,179,6283,1996,5.957708183753979e-10,3.0228214391411004e-07,0.39343,1.170144,PRT,292800
8384039,179,6284,1996,1.1082943318088296e-07,3.2083251533320678e-06,0.39343,1.170144,PRT,292910
8390565,179,6285,1996,0.0,6.171249357451638e-08,0.39343,1.170144,PRT,292990
8397091,179,6286,1996,0.0,3.8382791977259483e-07,0.39343,1.170144,PRT,293010
8403617,179,6287,1996,6.076104754831939e-08,2.1651192300972924e-07,0.39343,1.170144,PRT,293020
8410143,179,6288,1996,0.0,6.560119698919531e-08,0.39343,1.170144,PRT,293030
8416669,179,6289,1996,3.0100335728040725e-07,1.924437555402959e-06,0.39343,1.170144,PRT,293040
8423195,179,6290,1996,1.3037198877915917e-07,2.7753192046947277e-06,0.39343,1.170144,PRT,293090
8429721,179,6291,1996,2.8220475761250315e-07,1.5676943405692172e-06,0.39343,1.170144,PRT,293100
8436247,179,6292,1996,0.0,8.11619764419504e-08,0.39343,1.170144,PRT,293211
8442773,179,6293,1996,0.0,2.271217562757909e-07,0.39343,1.170144,PRT,293212
8449299,179,6294,1996,0.0,3.1957764370032026e-08,0.39343,1.170144,PRT,293213
8455825,179,6295,1996,1.2398457407431857e-08,6.051366726229998e-07,0.39343,1.170144,PRT,293219
8462351,179,6296,1996,0.0,0.0,0.39343,1.170144,PRT,293221
8468877,179,6297,1996,5.697702404422295e-09,1.8221765540416818e-06,0.39343,1.170144,PRT,293229
8475403,179,6298,1996,2.2583592890524837e-07,4.3641672566286323e-07,0.39343,1.170144,PRT,293290
8481929,179,6299,1996,0.0,1.4121465354150623e-07,0.39343,1.170144,PRT,293311
8488455,179,6300,1996,3.70614298511247e-10,4.388348608468313e-07,0.39343,1.170144,PRT,293319
8494981,179,6301,1996,2.1615025906958487e-08,4.662168611886475e-08,0.39343,1.170144,PRT,293321
8501507,179,6302,1996,3.7543258742893205e-09,6.520960889710947e-07,0.39343,1.170144,PRT,293329
8508033,179,6303,1996,0.0,5.423238214812172e-09,0.39343,1.170144,PRT,293331
8514559,179,6304,1996,3.009575986875412e-07,6.236181391209415e-06,0.39343,1.170144,PRT,293339
8521085,179,6305,1996,0.0,1.4388699783815298e-07,0.39343,1.170144,PRT,293340
8527611,179,6306,1996,0.0,5.383035391646694e-08,0.39343,1.170144,PRT,293351
8534137,179,6307,1996,1.4711175480512915e-07,5.1893041846093965e-06,0.39343,1.170144,PRT,293359
8540663,179,6308,1996,2.5590265782568083e-08,1.0200662653209735e-06,0.39343,1.170144,PRT,293361
8547189,179,6309,1996,1.0512960951718873e-08,1.3116958211117394e-06,0.39343,1.170144,PRT,293369
8553715,179,6310,1996,0.0,6.440406098529006e-09,0.39343,1.170144,PRT,293371
8560241,179,6311,1996,1.562458972300891e-09,1.0546042356130437e-06,0.39343,1.170144,PRT,293379
8566767,179,6312,1996,5.21012490002684e-07,9.17186147111608e-06,0.39343,1.170144,PRT,293390
8573293,179,6313,1996,0.0,2.3779323608025968e-07,0.39343,1.170144,PRT,293410
8579819,179,6314,1996,0.0,1.3836794234240808e-06,0.39343,1.170144,PRT,293420
8586345,179,6315,1996,0.0,3.4896216224135995e-07,0.39343,1.170144,PRT,293430
8592871,179,6316,1996,7.3200396773773405e-06,7.184901068448254e-06,0.39343,1.170144,PRT,293490
8599397,179,6317,1996,1.3772427341569219e-08,4.419960688217062e-06,0.39343,1.170144,PRT,293500
8605923,179,6318,1996,2.4242660070810507e-08,2.2931882564729918e-07,0.39343,1.170144,PRT,293610
8612449,179,6319,1996,2.9185497211462143e-09,2.9396118696116284e-07,0.39343,1.170144,PRT,293621
8618975,179,6320,1996,2.9243074248843285e-10,1.3421777143230257e-07,0.39343,1.170144,PRT,293622
8625501,179,6321,1996,0.0,1.91885125215107e-07,0.39343,1.170144,PRT,293623
8632027,179,6322,1996,0.0,1.7047389040771864e-07,0.39343,1.170144,PRT,293624
8638553,179,6323,1996,6.315291889594758e-10,1.045124257451443e-07,0.39343,1.170144,PRT,293625
8645079,179,6324,1996,9.582031168377457e-10,3.5739613784805344e-07,0.39343,1.170144,PRT,293626
8651605,179,6325,1996,2.0518637900406e-08,6.55203604799615e-07,0.39343,1.170144,PRT,293627
8658131,179,6326,1996,0.0,9.372729756422507e-07,0.39343,1.170144,PRT,293628
8664657,179,6327,1996,2.2044732428045116e-08,1.1553462795252905e-06,0.39343,1.170144,PRT,293629
8671183,179,6328,1996,1.2898377610419595e-07,2.347915136660379e-06,0.39343,1.170144,PRT,293690
8677709,179,6329,1996,0.0,4.9658606717918944e-09,0.39343,1.170144,PRT,293710
8684235,179,6330,1996,5.8232506496170696e-08,7.867656035853804e-08,0.39343,1.170144,PRT,293721
8690761,179,6331,1996,2.2744111610002684e-07,4.642484805886493e-07,0.39343,1.170144,PRT,293722
8697287,179,6332,1996,1.3747184356233172e-07,3.2256385505003964e-07,0.39343,1.170144,PRT,293729
8703813,179,6333,1996,5.060718548763553e-10,5.459914590834363e-07,0.39343,1.170144,PRT,293791
8710339,179,6334,1996,6.818333374082631e-09,2.6561372228397132e-08,0.39343,1.170144,PRT,293792
8716865,179,6335,1996,2.6267553564393624e-08,1.8916538599914729e-07,0.39343,1.170144,PRT,293799
8723391,179,6336,1996,0.0,2.9254663090782187e-07,0.39343,1.170144,PRT,293810
8729917,179,6337,1996,6.672875595435535e-09,2.092622569497563e-06,0.39343,1.170144,PRT,293890
8736443,179,6338,1996,1.8951936409561235e-08,2.064042107419833e-07,0.39343,1.170144,PRT,293910
8742969,179,6339,1996,2.018529715767307e-09,1.2595779815175811e-08,0.39343,1.170144,PRT,293921
8749495,179,6340,1996,0.0,2.3499925587180972e-08,0.39343,1.170144,PRT,293929
8756021,179,6341,1996,0.0,4.521475302457411e-08,0.39343,1.170144,PRT,293930
8762547,179,6342,1996,0.0,2.1471555613786698e-08,0.39343,1.170144,PRT,293940
8769073,179,6343,1996,0.0,8.995754545403164e-08,0.39343,1.170144,PRT,293950
8775599,179,6344,1996,0.0,1.486891306068637e-06,0.39343,1.170144,PRT,293960
8782125,179,6345,1996,0.0,1.6104329576344402e-09,0.39343,1.170144,PRT,293970
8788651,179,6346,1996,4.628648338773908e-08,4.130828480097788e-07,0.39343,1.170144,PRT,293990
8795177,179,6347,1996,5.891040035207394e-10,4.152408082870288e-07,0.39343,1.170144,PRT,294000
8801703,179,6348,1996,1.5906414169137657e-07,4.769387850960493e-06,0.39343,1.170144,PRT,294110
8808229,179,6349,1996,2.151108420263358e-08,2.7404537785964946e-08,0.39343,1.170144,PRT,294120
8814755,179,6350,1996,6.046203181097678e-06,1.1548872448172594e-06,0.39343,1.170144,PRT,294130
8821281,179,6351,1996,0.0,3.441235718424085e-08,0.39343,1.170144,PRT,294140
8827807,179,6352,1996,8.315821205254485e-08,4.2349183287651416e-08,0.39343,1.170144,PRT,294150
8834333,179,6353,1996,9.9566455558015e-07,5.0459693541528895e-06,0.39343,1.170144,PRT,294190
8840859,179,6354,1996,5.3462703504701334e-08,5.163424570066502e-07,0.39343,1.170144,PRT,294200
8847385,179,6355,1996,4.758802746959174e-08,2.46801585079746e-08,0.39343,1.170144,PRT,300110
8853911,179,6356,1996,3.027491536612112e-07,1.7837160741687093e-06,0.39343,1.170144,PRT,300120
8860437,179,6357,1996,3.098856759260844e-09,1.3830798611231215e-07,0.39343,1.170144,PRT,300190
8866963,179,6358,1996,1.0052829511931892e-07,1.5776008730046345e-05,0.39343,1.170144,PRT,300210
8873489,179,6359,1996,2.4564485406067208e-08,9.243582247057686e-06,0.39343,1.170144,PRT,300220
8880015,179,6360,1996,0.0,0.0,0.39343,1.170144,PRT,300231
8886541,179,6361,1996,1.8652232778140447e-08,2.13981398894719e-06,0.39343,1.170144,PRT,300239
8893067,179,6362,1996,4.136758617315644e-08,4.229393340618657e-06,0.39343,1.170144,PRT,300290
8899593,179,6363,1996,1.1467527624090441e-07,1.824773994479834e-07,0.39343,1.170144,PRT,300310
8906119,179,6364,1996,1.1190149034358633e-05,7.485069664107407e-07,0.39343,1.170144,PRT,300320
8912645,179,6365,1996,0.0,0.0,0.39343,1.170144,PRT,300331
8919171,179,6366,1996,1.033810858030351e-07,1.8658054001507835e-07,0.39343,1.170144,PRT,300339
8925697,179,6367,1996,0.0,2.565304694259904e-07,0.39343,1.170144,PRT,300340
8932223,179,6368,1996,7.636230341933699e-07,9.265453510872113e-06,0.39343,1.170144,PRT,300390
8938749,179,6369,1996,5.611973226132162e-07,6.67145500444773e-06,0.39343,1.170144,PRT,300410
8945275,179,6370,1996,1.925873110769107e-06,1.696784976030863e-05,0.39343,1.170144,PRT,300420
8951801,179,6371,1996,7.011974041906578e-09,2.3385975606698506e-06,0.39343,1.170144,PRT,300431
8958327,179,6372,1996,6.090105066026722e-08,3.2304698493732997e-06,0.39343,1.170144,PRT,300432
8964853,179,6373,1996,8.405601988754018e-07,1.3254312333049408e-05,0.39343,1.170144,PRT,300439
8971379,179,6374,1996,2.783595206265594e-07,2.983966553995523e-06,0.39343,1.170144,PRT,300440
8977905,179,6375,1996,2.136489610472286e-06,6.185652109994747e-06,0.39343,1.170144,PRT,300450
8984431,179,6376,1996,1.8646840234034145e-05,0.00010554329805206864,0.39343,1.170144,PRT,300490
8990957,179,6377,1996,1.0597265855926419e-07,1.321774698708295e-05,0.39343,1.170144,PRT,300510
8997483,179,6378,1996,5.737556320586405e-06,1.149493835572644e-06,0.39343,1.170144,PRT,300590
9004009,179,6379,1996,1.7657362179602077e-08,1.766646943122994e-06,0.39343,1.170144,PRT,300610
9010535,179,6380,1996,1.4648810457917974e-09,5.350511871141926e-07,0.39343,1.170144,PRT,300620
9017061,179,6381,1996,3.854297793405315e-08,2.381631484540024e-06,0.39343,1.170144,PRT,300630
9023587,179,6382,1996,1.7891306773592825e-09,9.427512317354262e-07,0.39343,1.170144,PRT,300640
9030113,179,6383,1996,1.3637575859281806e-08,4.129820923771134e-08,0.39343,1.170144,PRT,300650
9036639,179,6384,1996,3.792244898960386e-07,4.927664012588665e-06,0.39343,1.170144,PRT,300660
9043165,179,6385,1996,2.206964207263843e-07,7.949904449676928e-07,0.39343,1.170144,PRT,310100
9049691,179,6386,1996,5.729742510539707e-07,3.6411733398603664e-06,0.39343,1.170144,PRT,310210
9056217,179,6387,1996,1.4301802744732994e-07,1.9866283067996336e-06,0.39343,1.170144,PRT,310221
9062743,179,6388,1996,0.0,2.1130179621532433e-08,0.39343,1.170144,PRT,310229
9069269,179,6389,1996,9.310055426011273e-08,7.431321174142481e-07,0.39343,1.170144,PRT,310230
9075795,179,6390,1996,2.974541874814181e-06,2.6195231562219334e-06,0.39343,1.170144,PRT,310240
9082321,179,6391,1996,0.0,1.264526276240257e-07,0.39343,1.170144,PRT,310250
9088847,179,6392,1996,4.887472273654084e-07,1.083089907852148e-08,0.39343,1.170144,PRT,310260
9095373,179,6393,1996,0.0,3.243966795521426e-08,0.39343,1.170144,PRT,310270
9101899,179,6394,1996,1.4599506331697383e-07,1.6574997582752443e-07,0.39343,1.170144,PRT,310280
9108425,179,6395,1996,4.421007359755178e-08,6.503882147108168e-07,0.39343,1.170144,PRT,310290
9114951,179,6396,1996,3.690630519093835e-07,5.765243929770595e-08,0.39343,1.170144,PRT,310310
9121477,179,6397,1996,0.0,0.0,0.39343,1.170144,PRT,310320
9128003,179,6398,1996,1.777918306921902e-08,4.788759447072412e-07,0.39343,1.170144,PRT,310390
9134529,179,6399,1996,0.0,8.002025603601108e-07,0.39343,1.170144,PRT,310410
9141055,179,6400,1996,1.2590279853022714e-08,2.7935970718994248e-06,0.39343,1.170144,PRT,310420
9147581,179,6401,1996,1.0122649245682498e-08,1.1896191034156099e-07,0.39343,1.170144,PRT,310430
9154107,179,6402,1996,1.013052820869255e-09,8.78852937511476e-07,0.39343,1.170144,PRT,310490
9160633,179,6403,1996,8.31836671638081e-10,7.954358909226343e-08,0.39343,1.170144,PRT,310510
9167159,179,6404,1996,4.91652534367957e-06,5.827825772109853e-06,0.39343,1.170144,PRT,310520
9173685,179,6405,1996,0.0,3.761749660355588e-06,0.39343,1.170144,PRT,310530
9180211,179,6406,1996,8.018360047921174e-10,1.636160775862333e-06,0.39343,1.170144,PRT,310540
9186737,179,6407,1996,5.3200879503136564e-08,1.8235181948345415e-06,0.39343,1.170144,PRT,310551
9193263,179,6408,1996,0.0,4.029734785770219e-07,0.39343,1.170144,PRT,310559
9199789,179,6409,1996,1.4313954529990804e-07,1.6670848006985386e-07,0.39343,1.170144,PRT,310560
9206315,179,6410,1996,1.4970726704286328e-07,3.974750050707129e-07,0.39343,1.170144,PRT,310590
9212841,179,6411,1996,0.0,2.060141140984073e-07,0.39343,1.170144,PRT,320110
9219367,179,6412,1996,0.0,3.1162623454481343e-07,0.39343,1.170144,PRT,320120
9225893,179,6413,1996,0.0,0.0,0.39343,1.170144,PRT,320130
9232419,179,6414,1996,0.0,3.2503402521535133e-07,0.39343,1.170144,PRT,320190
9238945,179,6415,1996,1.4434563271452354e-08,1.934208200307479e-06,0.39343,1.170144,PRT,320210
9245471,179,6416,1996,6.869849670686811e-10,1.6479365904300942e-06,0.39343,1.170144,PRT,320290
9251997,179,6417,1996,2.54102617814923e-08,8.75333119028233e-07,0.39343,1.170144,PRT,320300
9258523,179,6418,1996,6.319837445177479e-09,3.1207758000719386e-06,0.39343,1.170144,PRT,320411
9265049,179,6419,1996,1.9739499369823605e-07,5.616135867848965e-06,0.39343,1.170144,PRT,320412
9271575,179,6420,1996,1.9458614338515286e-08,6.943915801123916e-07,0.39343,1.170144,PRT,320413
9278101,179,6421,1996,5.502849588442956e-09,1.602222699304224e-06,0.39343,1.170144,PRT,320414
9284627,179,6422,1996,6.213168407502942e-09,1.9418735827820974e-06,0.39343,1.170144,PRT,320415
9291153,179,6423,1996,2.867912231954694e-08,1.5739475864514104e-05,0.39343,1.170144,PRT,320416
9297679,179,6424,1996,5.949841342225482e-07,4.899174031720532e-06,0.39343,1.170144,PRT,320417
9304205,179,6425,1996,2.61993702306528e-08,1.7237138080287863e-05,0.39343,1.170144,PRT,320419
9310731,179,6426,1996,6.833067034911427e-07,3.0879486869371656e-06,0.39343,1.170144,PRT,320420
9317257,179,6427,1996,6.062983251049815e-08,5.213941588260088e-07,0.39343,1.170144,PRT,320490
9323783,179,6428,1996,3.2424963156748515e-08,1.787504353383725e-07,0.39343,1.170144,PRT,320500
9330309,179,6429,1996,6.009588124804776e-08,1.0205469757473478e-05,0.39343,1.170144,PRT,320610
9336835,179,6430,1996,1.931285352282934e-08,6.145901361444254e-07,0.39343,1.170144,PRT,320620
9343361,179,6431,1996,5.36375558761167e-10,8.688781298776077e-08,0.39343,1.170144,PRT,320630
9349887,179,6432,1996,0.0,7.399639493463272e-08,0.39343,1.170144,PRT,320641
9356413,179,6433,1996,1.1793595477891015e-08,7.643256007391985e-07,0.39343,1.170144,PRT,320642
9362939,179,6434,1996,0.0,5.379489058523276e-08,0.39343,1.170144,PRT,320643
9369465,179,6435,1996,1.088678744284191e-07,1.8052353561348112e-06,0.39343,1.170144,PRT,320649
9375991,179,6436,1996,1.1742639799808705e-06,6.10224500639597e-08,0.39343,1.170144,PRT,320650
9382517,179,6437,1996,2.929177230098618e-07,4.8858285504544055e-06,0.39343,1.170144,PRT,320710
9389043,179,6438,1996,9.056292209679859e-08,5.043359650693656e-07,0.39343,1.170144,PRT,320720
9395569,179,6439,1996,1.6211905808000445e-07,9.453675638547031e-07,0.39343,1.170144,PRT,320730
9402095,179,6440,1996,2.1080138260058064e-06,5.897878777184445e-06,0.39343,1.170144,PRT,320740
9408621,179,6441,1996,4.535407781401848e-06,3.3346886254785047e-06,0.39343,1.170144,PRT,320810
9415147,179,6442,1996,2.3084994944632543e-06,5.642363155611156e-06,0.39343,1.170144,PRT,320820
9421673,179,6443,1996,1.987006893875209e-06,1.326184812522017e-05,0.39343,1.170144,PRT,320890
9428199,179,6444,1996,4.5659136109915707e-07,5.18451630345978e-06,0.39343,1.170144,PRT,320910
9434725,179,6445,1996,1.5800472420356357e-06,5.882539726410154e-06,0.39343,1.170144,PRT,320990
9441251,179,6446,1996,8.602057870668863e-07,2.038754432218847e-06,0.39343,1.170144,PRT,321000
9447777,179,6447,1996,1.9824986118482657e-08,1.6043743623544325e-07,0.39343,1.170144,PRT,321100
9454303,179,6448,1996,2.5893908895493896e-08,7.876999132185501e-07,0.39343,1.170144,PRT,321210
9460829,179,6449,1996,1.477078286605434e-07,1.1418944082654615e-06,0.39343,1.170144,PRT,321290
9467355,179,6450,1996,2.4832370148408943e-08,3.4349650060226767e-07,0.39343,1.170144,PRT,321310
9473881,179,6451,1996,8.892015830920295e-09,6.970198438197472e-07,0.39343,1.170144,PRT,321390
9480407,179,6452,1996,4.6202390609458725e-07,6.720825927319749e-06,0.39343,1.170144,PRT,321410
9486933,179,6453,1996,1.1333888289958422e-07,3.278665510819558e-06,0.39343,1.170144,PRT,321490
9493459,179,6454,1996,1.8026794633661817e-07,1.1763979095253042e-06,0.39343,1.170144,PRT,321511
9499985,179,6455,1996,7.725050498020082e-08,5.2296664270489275e-06,0.39343,1.170144,PRT,321519
9506511,179,6456,1996,2.0866706243226946e-07,1.4149673616966896e-06,0.39343,1.170144,PRT,321590
9513037,179,6457,1996,0.0,2.3879747807689117e-09,0.39343,1.170144,PRT,330111
9519563,179,6458,1996,0.0,4.856288921268341e-08,0.39343,1.170144,PRT,330112
9526089,179,6459,1996,0.0,1.5946236034300436e-08,0.39343,1.170144,PRT,330113
9532615,179,6460,1996,0.0,0.0,0.39343,1.170144,PRT,330114
9539141,179,6461,1996,0.0,3.017266622024419e-08,0.39343,1.170144,PRT,330119
9545667,179,6462,1996,0.0,0.0,0.39343,1.170144,PRT,330121
9552193,179,6463,1996,0.0,4.875379462194405e-10,0.39343,1.170144,PRT,330122
9558719,179,6464,1996,1.090630302814373e-09,9.749101759377868e-09,0.39343,1.170144,PRT,330123
9565245,179,6465,1996,0.0,1.6938546442853125e-08,0.39343,1.170144,PRT,330124
9571771,179,6466,1996,0.0,1.3012059665924701e-09,0.39343,1.170144,PRT,330125
9578297,179,6467,1996,0.0,0.0,0.39343,1.170144,PRT,330126
9584823,179,6468,1996,1.883144888291522e-07,2.315437353909913e-07,0.39343,1.170144,PRT,330129
9591349,179,6469,1996,1.8148888256613724e-09,8.539371301389452e-09,0.39343,1.170144,PRT,330130
9597875,179,6470,1996,7.745657016661754e-08,1.141501660157868e-07,0.39343,1.170144,PRT,330190
9604401,179,6471,1996,1.620708751908276e-07,5.522414237789078e-06,0.39343,1.170144,PRT,330210
9610927,179,6472,1996,1.1932022797236835e-07,6.169059579606178e-06,0.39343,1.170144,PRT,330290
9617453,179,6473,1996,2.205926911479866e-06,1.7657171078353538e-05,0.39343,1.170144,PRT,330300
9623979,179,6474,1996,6.40026347528777e-08,1.682732084164865e-06,0.39343,1.170144,PRT,330410
9630505,179,6475,1996,4.834501399263434e-08,1.1997032839402005e-06,0.39343,1.170144,PRT,330420
9637031,179,6476,1996,1.6410970838819773e-08,7.693444906913406e-07,0.39343,1.170144,PRT,330430
9643557,179,6477,1996,3.0072789661209426e-08,8.355591701675871e-07,0.39343,1.170144,PRT,330491
9650083,179,6478,1996,6.973939863160751e-07,1.8132080432890585e-05,0.39343,1.170144,PRT,330499
9656609,179,6479,1996,3.6958645748288197e-06,7.141148929262338e-06,0.39343,1.170144,PRT,330510
9663135,179,6480,1996,3.6358262706181533e-07,2.5776837168916483e-07,0.39343,1.170144,PRT,330520
9669661,179,6481,1996,1.6713353317663979e-06,1.0464181718919873e-06,0.39343,1.170144,PRT,330530
9676187,179,6482,1996,1.9170153381235762e-07,6.311364979157887e-06,0.39343,1.170144,PRT,330590
9682713,179,6483,1996,5.838490382300741e-07,3.2000844031656504e-06,0.39343,1.170144,PRT,330610
9689239,179,6484,1996,5.458212232620628e-08,7.606997236952552e-07,0.39343,1.170144,PRT,330690
9695765,179,6485,1996,2.9097586166492303e-06,2.5249507376454276e-06,0.39343,1.170144,PRT,330710
9702291,179,6486,1996,6.705224799332572e-07,3.2575303597029927e-06,0.39343,1.170144,PRT,330720
9708817,179,6487,1996,1.4164102714280409e-06,2.334640582056721e-06,0.39343,1.170144,PRT,330730
9715343,179,6488,1996,3.5358361692798286e-09,4.6190491783017367e-08,0.39343,1.170144,PRT,330741
9721869,179,6489,1996,1.0301713831937851e-07,2.205593828324565e-06,0.39343,1.170144,PRT,330749
9728395,179,6490,1996,1.1446830194337115e-07,2.461473694767259e-06,0.39343,1.170144,PRT,330790
9734921,179,6491,1996,8.17712721331448e-07,4.221464137474297e-06,0.39343,1.170144,PRT,340111
9741447,179,6492,1996,3.325786954913373e-06,1.5704816921176234e-06,0.39343,1.170144,PRT,340119
9747973,179,6493,1996,5.357534237204118e-07,1.5519870677294948e-06,0.39343,1.170144,PRT,340120
9754499,179,6494,1996,3.0750744124520435e-07,2.5354359521026666e-06,0.39343,1.170144,PRT,340211
9761025,179,6495,1996,1.8694354926540335e-09,1.6978848695919258e-06,0.39343,1.170144,PRT,340212
9767551,179,6496,1996,1.691704269369613e-08,4.812042946909165e-06,0.39343,1.170144,PRT,340213
9774077,179,6497,1996,5.512183129239478e-08,7.256215176096175e-07,0.39343,1.170144,PRT,340219
9780603,179,6498,1996,2.574909355536916e-06,2.077753855296678e-05,0.39343,1.170144,PRT,340220
9787129,179,6499,1996,5.406293805865897e-06,9.054669413006206e-06,0.39343,1.170144,PRT,340290
9793655,179,6500,1996,2.9194588322627585e-09,7.446351660791734e-07,0.39343,1.170144,PRT,340311
9800181,179,6501,1996,1.1123762407221138e-07,2.784081961839592e-06,0.39343,1.170144,PRT,340319
9806707,179,6502,1996,5.5100315662636556e-08,3.6042178972503323e-06,0.39343,1.170144,PRT,340391
9813233,179,6503,1996,6.402960504933518e-08,2.033437583997737e-06,0.39343,1.170144,PRT,340399
9819759,179,6504,1996,2.790001409266843e-08,1.2018986961466978e-07,0.39343,1.170144,PRT,340410
9826285,179,6505,1996,0.0,7.231834964455181e-08,0.39343,1.170144,PRT,340420
9832811,179,6506,1996,1.0151195334741991e-07,2.5423648904464214e-06,0.39343,1.170144,PRT,340490
9839337,179,6507,1996,1.7870185091985112e-07,4.818021666835645e-07,0.39343,1.170144,PRT,340510
9845863,179,6508,1996,3.5636549694460855e-08,7.933505144728636e-07,0.39343,1.170144,PRT,340520
9852389,179,6509,1996,4.012210394349068e-10,3.220063847403584e-07,0.39343,1.170144,PRT,340530
9858915,179,6510,1996,2.1277897201239956e-07,4.505009710908681e-07,0.39343,1.170144,PRT,340540
9865441,179,6511,1996,1.511094194216135e-08,8.814212118454355e-07,0.39343,1.170144,PRT,340590
9871967,179,6512,1996,8.457306774396361e-06,1.0782314314730652e-06,0.39343,1.170144,PRT,340600
9878493,179,6513,1996,6.2989278894969586e-09,3.194871624907228e-07,0.39343,1.170144,PRT,340700
9885019,179,6514,1996,3.723782771143819e-07,4.6836056984680334e-07,0.39343,1.170144,PRT,350110
9891545,179,6515,1996,1.925176125579756e-07,7.142009992202024e-07,0.39343,1.170144,PRT,350190
9898071,179,6516,1996,8.375943753761953e-10,1.0486208756245329e-07,0.39343,1.170144,PRT,350210
9904597,179,6517,1996,0.0,5.724345097300521e-08,0.39343,1.170144,PRT,350290
9911123,179,6518,1996,3.594655658520248e-08,1.1458291808674446e-06,0.39343,1.170144,PRT,350300
9917649,179,6519,1996,6.062104443637156e-08,9.666863288544809e-07,0.39343,1.170144,PRT,350400
9924175,179,6520,1996,4.8317740659138004e-08,6.459206635578155e-06,0.39343,1.170144,PRT,350510
9930701,179,6521,1996,2.154199398059609e-08,1.7741376604054585e-07,0.39343,1.170144,PRT,350520
9937227,179,6522,1996,1.2305061392058866e-07,1.1458921531378605e-06,0.39343,1.170144,PRT,350610
9943753,179,6523,1996,4.085915062937707e-07,3.01985776523553e-06,0.39343,1.170144,PRT,350691
9950279,179,6524,1996,7.648645769415306e-07,2.071044955323076e-06,0.39343,1.170144,PRT,350699
9956805,179,6525,1996,4.5667681754411226e-10,2.9453688608596444e-07,0.39343,1.170144,PRT,350710
9963331,179,6526,1996,8.555705325206655e-08,3.830545540052879e-06,0.39343,1.170144,PRT,350790
9969857,179,6527,1996,6.313564578473322e-08,7.657713114947452e-07,0.39343,1.170144,PRT,360100
9976383,179,6528,1996,5.973072161623578e-08,7.27372809593182e-07,0.39343,1.170144,PRT,360200
9982909,179,6529,1996,1.5658196530617165e-07,6.710815656354646e-07,0.39343,1.170144,PRT,360300
9989435,179,6530,1996,5.9275863020924765e-08,1.1755232578325284e-07,0.39343,1.170144,PRT,360410
9995961,179,6531,1996,2.759455275750953e-09,4.178723863244063e-07,0.39343,1.170144,PRT,360490
10002487,179,6532,1996,1.1319100082462634e-07,1.0132062650416737e-06,0.39343,1.170144,PRT,360500
10009013,179,6533,1996,0.0,2.8313989943970486e-08,0.39343,1.170144,PRT,360610
10015539,179,6534,1996,1.7303414918227478e-09,5.486860093912297e-07,0.39343,1.170144,PRT,360690
10022065,179,6535,1996,3.648414429211904e-08,2.8061557312183553e-06,0.39343,1.170144,PRT,370110
10028591,179,6536,1996,5.5977001816024165e-09,8.078861716498493e-07,0.39343,1.170144,PRT,370120
10035117,179,6537,1996,1.814828218253603e-08,3.3490254228541774e-06,0.39343,1.170144,PRT,370130
10041643,179,6538,1996,5.378604402515227e-09,1.221966964429218e-07,0.39343,1.170144,PRT,370191
10048169,179,6539,1996,2.613815674880548e-08,1.2778866719914818e-06,0.39343,1.170144,PRT,370199
10054695,179,6540,1996,0.0,9.408322346527542e-08,0.39343,1.170144,PRT,370210
10061221,179,6541,1996,5.206479364449497e-09,9.992671872686274e-08,0.39343,1.170144,PRT,370220
10067747,179,6542,1996,5.980738998706436e-09,2.4318730819087927e-07,0.39343,1.170144,PRT,370231
10074273,179,6543,1996,4.7518328950656676e-08,9.26396007376425e-07,0.39343,1.170144,PRT,370232
10080799,179,6544,1996,1.2191483109898592e-08,2.3213898906292205e-08,0.39343,1.170144,PRT,370239
10087325,179,6545,1996,0.0,0.0,0.39343,1.170144,PRT,370241
10093851,179,6546,1996,0.0,0.0,0.39343,1.170144,PRT,370242
10100377,179,6547,1996,1.0693267989833503e-08,3.608450296688281e-07,0.39343,1.170144,PRT,370243
10106903,179,6548,1996,1.970377130294341e-08,8.541558759203897e-07,0.39343,1.170144,PRT,370244
10113429,179,6549,1996,1.9466341783005913e-07,3.1560707633410076e-08,0.39343,1.170144,PRT,370251
10119955,179,6550,1996,1.6742796396358461e-09,3.087364701987309e-08,0.39343,1.170144,PRT,370252
10126481,179,6551,1996,0.0,3.3236532322376327e-07,0.39343,1.170144,PRT,370253
10133007,179,6552,1996,1.2483610815348177e-08,4.0907661845252375e-06,0.39343,1.170144,PRT,370254
10139533,179,6553,1996,1.9585283820753797e-09,2.2344417568350614e-07,0.39343,1.170144,PRT,370255
10146059,179,6554,1996,1.4165466380955226e-08,2.7583147030844386e-07,0.39343,1.170144,PRT,370256
10152585,179,6555,1996,0.0,3.17695104247889e-08,0.39343,1.170144,PRT,370291
10159111,179,6556,1996,1.3906369712740087e-09,2.3694145326463495e-08,0.39343,1.170144,PRT,370292
10165637,179,6557,1996,0.0,2.098713313778783e-07,0.39343,1.170144,PRT,370293
10172163,179,6558,1996,4.302216840526716e-09,5.291261593340669e-08,0.39343,1.170144,PRT,370294
10178689,179,6559,1996,5.156781290078406e-09,4.303707248369387e-07,0.39343,1.170144,PRT,370295
10185215,179,6560,1996,8.12860492265412e-08,1.4614737091307927e-07,0.39343,1.170144,PRT,370310
10191741,179,6561,1996,8.228758663993422e-08,4.200818844334967e-06,0.39343,1.170144,PRT,370320
10198267,179,6562,1996,3.856085711934518e-08,7.217639688971442e-07,0.39343,1.170144,PRT,370390
10204793,179,6563,1996,6.495598927709386e-08,6.579707389348878e-08,0.39343,1.170144,PRT,370400
10211319,179,6564,1996,9.864643510807211e-08,1.3327186164405627e-07,0.39343,1.170144,PRT,370510
10217845,179,6565,1996,0.0,5.8595697621934726e-08,0.39343,1.170144,PRT,370520
10224371,179,6566,1996,3.7428407705169775e-08,2.59339695552541e-07,0.39343,1.170144,PRT,370590
10230897,179,6567,1996,3.435712731644411e-08,3.6071676509698107e-07,0.39343,1.170144,PRT,370610
10237423,179,6568,1996,3.9208750308402456e-08,9.560450094532112e-08,0.39343,1.170144,PRT,370690
10243949,179,6569,1996,3.726143429676446e-09,2.5722747302959303e-07,0.39343,1.170144,PRT,370710
10250475,179,6570,1996,5.564002462882505e-07,6.035352214997246e-06,0.39343,1.170144,PRT,370790
10257001,179,6571,1996,1.414728415862434e-08,6.515492245174835e-07,0.39343,1.170144,PRT,380110
10263527,179,6572,1996,0.0,4.82927713158997e-08,0.39343,1.170144,PRT,380120
10270053,179,6573,1996,0.0,7.52220341767262e-09,0.39343,1.170144,PRT,380130
10276579,179,6574,1996,5.383149958097949e-09,5.45996099145467e-08,0.39343,1.170144,PRT,380190
10283105,179,6575,1996,1.3186959782514657e-08,2.838594404874563e-07,0.39343,1.170144,PRT,380210
10289631,179,6576,1996,1.9082242336265925e-09,4.917550997392883e-07,0.39343,1.170144,PRT,380290
10296157,179,6577,1996,6.804666403630582e-08,8.938748069026724e-08,0.39343,1.170144,PRT,380300
10302683,179,6578,1996,3.2051015450809935e-08,4.861482476412636e-07,0.39343,1.170144,PRT,380400
10309209,179,6579,1996,1.5183019301851376e-06,1.2010535419911168e-07,0.39343,1.170144,PRT,380510
10315735,179,6580,1996,6.921365967290991e-10,7.996484043804515e-09,0.39343,1.170144,PRT,380520
10322261,179,6581,1996,5.093770798590717e-07,4.215993504340172e-08,0.39343,1.170144,PRT,380590
10328787,179,6582,1996,5.579420684382059e-06,1.3358506583112452e-06,0.39343,1.170144,PRT,380610
10335313,179,6583,1996,3.708955168832981e-07,8.483955703423517e-08,0.39343,1.170144,PRT,380620
10341839,179,6584,1996,1.481399897816447e-06,3.6218335613166566e-08,0.39343,1.170144,PRT,380630
10348365,179,6585,1996,2.9010478169675412e-06,1.9773060907470746e-07,0.39343,1.170144,PRT,380690
10354891,179,6586,1996,2.1054710422128318e-08,3.243734792419894e-09,0.39343,1.170144,PRT,380700
10361417,179,6587,1996,4.433844008720784e-07,8.382586256838128e-06,0.39343,1.170144,PRT,380810
10367943,179,6588,1996,5.066542920650214e-07,1.0512994177183205e-05,0.39343,1.170144,PRT,380820
10374469,179,6589,1996,1.3818504123326076e-06,9.26155353873536e-06,0.39343,1.170144,PRT,380830
10380995,179,6590,1996,6.459779949717539e-08,9.11829858363238e-07,0.39343,1.170144,PRT,380840
10387521,179,6591,1996,1.38881874904092e-07,3.0584647384954696e-06,0.39343,1.170144,PRT,380890
10394047,179,6592,1996,1.1397829105155374e-08,9.321016265091019e-07,0.39343,1.170144,PRT,380910
10400573,179,6593,1996,1.4143253766007658e-07,7.579520778205111e-06,0.39343,1.170144,PRT,380991
10407099,179,6594,1996,1.1054488140140457e-08,1.636394436128876e-06,0.39343,1.170144,PRT,380992
10413625,179,6595,1996,0.0,0.0,0.39343,1.170144,PRT,380993
10420151,179,6596,1996,1.415237518087699e-07,2.0973358782216873e-06,0.39343,1.170144,PRT,380999
10426677,179,6597,1996,2.8188505353651837e-09,7.180486049426099e-07,0.39343,1.170144,PRT,381010
10433203,179,6598,1996,1.2356335259031969e-08,6.077705706913927e-07,0.39343,1.170144,PRT,381090
10439729,179,6599,1996,0.0,1.360881141502533e-06,0.39343,1.170144,PRT,381111
10446255,179,6600,1996,2.0707429975608376e-07,2.2607045079284865e-09,0.39343,1.170144,PRT,381119
10452781,179,6601,1996,1.0550052685273883e-07,4.114839489206205e-06,0.39343,1.170144,PRT,381121
10459307,179,6602,1996,1.1985114886443025e-09,3.89704558334401e-07,0.39343,1.170144,PRT,381129
10465833,179,6603,1996,2.9465806472396652e-08,7.123244255618105e-07,0.39343,1.170144,PRT,381190
10472359,179,6604,1996,1.588004994675787e-08,6.628159579938829e-07,0.39343,1.170144,PRT,381210
10478885,179,6605,1996,1.9746196488382147e-08,5.308297249653163e-07,0.39343,1.170144,PRT,381220
10485411,179,6606,1996,6.487644205439624e-07,2.9279563652236618e-06,0.39343,1.170144,PRT,381230
10491937,179,6607,1996,2.702484312447507e-09,1.782095366788007e-07,0.39343,1.170144,PRT,381300
10498463,179,6608,1996,2.893709775071834e-07,1.8805332884690387e-06,0.39343,1.170144,PRT,381400
10504989,179,6609,1996,0.0,1.7068899042613904e-07,0.39343,1.170144,PRT,381511
10511515,179,6610,1996,5.663762256071306e-10,3.2985272963417146e-07,0.39343,1.170144,PRT,381512
10518041,179,6611,1996,0.0,2.5543544793005944e-06,0.39343,1.170144,PRT,381519
10524567,179,6612,1996,3.314958532404213e-07,1.027945090649001e-06,0.39343,1.170144,PRT,381590
10531093,179,6613,1996,8.06008824817056e-08,1.7271736039953332e-06,0.39343,1.170144,PRT,381600
10537619,179,6614,1996,0.0,2.7836991567220644e-07,0.39343,1.170144,PRT,381710
10544145,179,6615,1996,0.0,6.018823319745098e-10,0.39343,1.170144,PRT,381720
10550671,179,6616,1996,4.572222842140388e-09,3.389101307179817e-08,0.39343,1.170144,PRT,381800
10557197,179,6617,1996,3.0403706107631574e-08,8.383733677891705e-07,0.39343,1.170144,PRT,381900
10563723,179,6618,1996,2.8880035876303242e-08,1.035007596492638e-06,0.39343,1.170144,PRT,382000
10570249,179,6619,1996,3.710476414767998e-08,8.836590474762129e-07,0.39343,1.170144,PRT,382100
10576775,179,6620,1996,3.168273453749782e-07,1.1865464874822201e-05,0.39343,1.170144,PRT,382200
10583301,179,6621,1996,5.983951191318226e-08,4.1660332935902616e-07,0.39343,1.170144,PRT,382310
10589827,179,6622,1996,0.0,2.036291222146581e-08,0.39343,1.170144,PRT,382320
10596353,179,6623,1996,2.074894604993057e-09,7.887011723181618e-08,0.39343,1.170144,PRT,382330
10602879,179,6624,1996,2.744970105294013e-08,2.5854133973686906e-06,0.39343,1.170144,PRT,382340
10609405,179,6625,1996,4.199002425095047e-08,1.0543384263452886e-06,0.39343,1.170144,PRT,382350
10615931,179,6626,1996,0.0,2.5119837528678006e-07,0.39343,1.170144,PRT,382360
10622457,179,6627,1996,3.913831995501857e-05,1.69116625863136e-05,0.39343,1.170144,PRT,382390
10628983,179,6628,1996,1.4823720406370717e-05,1.3523495920199953e-05,0.39343,1.170144,PRT,390110
10635509,179,6629,1996,1.4027470889389765e-05,1.0589488914088336e-05,0.39343,1.170144,PRT,390120
10642035,179,6630,1996,6.66951188430432e-08,7.999390711233709e-07,0.39343,1.170144,PRT,390130
10648561,179,6631,1996,1.2645281075573648e-07,2.3201831430682516e-06,0.39343,1.170144,PRT,390190
10655087,179,6632,1996,8.199788323079541e-07,1.831807301075978e-05,0.39343,1.170144,PRT,390210
10661613,179,6633,1996,7.78896100951315e-09,2.8433677029720835e-06,0.39343,1.170144,PRT,390220
10668139,179,6634,1996,2.262738174263839e-07,6.634845577891981e-06,0.39343,1.170144,PRT,390230
10674665,179,6635,1996,8.477036909921685e-08,4.944496500470817e-07,0.39343,1.170144,PRT,390290
10681191,179,6636,1996,3.151979152170919e-08,2.476157502496223e-06,0.39343,1.170144,PRT,390311
10687717,179,6637,1996,3.819951575422269e-07,7.656575636883941e-06,0.39343,1.170144,PRT,390319
10694243,179,6638,1996,1.967619493240823e-09,3.619218554929389e-07,0.39343,1.170144,PRT,390320
10700769,179,6639,1996,3.404499916643055e-08,4.238296293923448e-06,0.39343,1.170144,PRT,390330
10707295,179,6640,1996,1.7569935993894396e-07,4.3966099074808665e-06,0.39343,1.170144,PRT,390390
10713821,179,6641,1996,1.1133318983278251e-05,1.2722040874524571e-05,0.39343,1.170144,PRT,390410
10720347,179,6642,1996,1.0742008467161834e-06,1.5952198514009808e-06,0.39343,1.170144,PRT,390421
10726873,179,6643,1996,7.50322738558326e-07,8.256801466713512e-07,0.39343,1.170144,PRT,390422
10733399,179,6644,1996,5.511152803307394e-08,7.338695593020831e-07,0.39343,1.170144,PRT,390430
10739925,179,6645,1996,3.38507524245289e-08,5.300548346061993e-07,0.39343,1.170144,PRT,390440
10746451,179,6646,1996,1.5986749288136295e-07,4.09475531213958e-08,0.39343,1.170144,PRT,390450
10752977,179,6647,1996,0.0,3.998871744606416e-08,0.39343,1.170144,PRT,390461
10759503,179,6648,1996,0.0,2.160214021664901e-08,0.39343,1.170144,PRT,390469
10766029,179,6649,1996,2.711145111017786e-07,9.650500441226756e-08,0.39343,1.170144,PRT,390490
10772555,179,6650,1996,2.8619211896966665e-07,1.4765002185840198e-06,0.39343,1.170144,PRT,390511
10779081,179,6651,1996,3.392196612865821e-08,4.572267410042815e-07,0.39343,1.170144,PRT,390519
10785607,179,6652,1996,1.000628302276482e-09,1.0931860199648173e-06,0.39343,1.170144,PRT,390520
10792133,179,6653,1996,1.3312417116597777e-08,1.3321223684696255e-06,0.39343,1.170144,PRT,390590
10798659,179,6654,1996,3.954057586594115e-08,8.634343428166597e-07,0.39343,1.170144,PRT,390610
10805185,179,6655,1996,1.1445587742477837e-07,9.873705653715685e-06,0.39343,1.170144,PRT,390690
10811711,179,6656,1996,1.1582984735891574e-08,1.114640009629488e-06,0.39343,1.170144,PRT,390710
10818237,179,6657,1996,8.825284044595551e-07,8.8040424282152e-06,0.39343,1.170144,PRT,390720
10824763,179,6658,1996,1.462517356888782e-07,4.257776268627083e-06,0.39343,1.170144,PRT,390730
10831289,179,6659,1996,4.1308796987619906e-08,2.0562806093745804e-06,0.39343,1.170144,PRT,390740
10837815,179,6660,1996,5.882333781081287e-07,2.2324147125936757e-06,0.39343,1.170144,PRT,390750
10844341,179,6661,1996,5.725890606738908e-06,2.2744390915391824e-06,0.39343,1.170144,PRT,390760
10850867,179,6662,1996,3.4083030314805983e-07,2.1662142847365234e-06,0.39343,1.170144,PRT,390791
10857393,179,6663,1996,1.9177153536833155e-07,5.719797505077491e-06,0.39343,1.170144,PRT,390799
10863919,179,6664,1996,5.540911040522279e-08,5.1807462530598846e-06,0.39343,1.170144,PRT,390810
10870445,179,6665,1996,3.340680316261641e-08,1.8732583340709987e-06,0.39343,1.170144,PRT,390890
10876971,179,6666,1996,4.731499109758959e-08,2.6133661253402757e-06,0.39343,1.170144,PRT,390910
10883497,179,6667,1996,1.917921418869732e-09,3.815506436145569e-07,0.39343,1.170144,PRT,390920
10890023,179,6668,1996,5.631337292914557e-09,4.896442029483491e-07,0.39343,1.170144,PRT,390930
10896549,179,6669,1996,1.7973120713341039e-06,1.6640385999754233e-06,0.39343,1.170144,PRT,390940
10903075,179,6670,1996,5.912746578300084e-07,7.311999658993545e-06,0.39343,1.170144,PRT,390950
10909601,179,6671,1996,1.133103974179325e-07,3.0962335176928743e-06,0.39343,1.170144,PRT,391000
10916127,179,6672,1996,7.795930861406656e-09,7.761315757101589e-07,0.39343,1.170144,PRT,391110
10922653,179,6673,1996,6.389808697447509e-07,9.788736506377594e-06,0.39343,1.170144,PRT,391190
10929179,179,6674,1996,9.020806572430745e-09,2.191766443473256e-09,0.39343,1.170144,PRT,391211
10935705,179,6675,1996,1.7918580107089156e-09,7.324503631867115e-08,0.39343,1.170144,PRT,391212
10942231,179,6676,1996,2.2761111987882063e-09,4.194934251381108e-07,0.39343,1.170144,PRT,391220
10948757,179,6677,1996,8.951714127573375e-10,7.996059809561714e-07,0.39343,1.170144,PRT,391231
10955283,179,6678,1996,1.91162127883208e-07,2.2712742378012832e-06,0.39343,1.170144,PRT,391239
10961809,179,6679,1996,4.0441504982436597e-08,1.4729910059568467e-07,0.39343,1.170144,PRT,391290
10968335,179,6680,1996,1.3418480080194618e-08,1.5817971462453446e-07,0.39343,1.170144,PRT,391310
10974861,179,6681,1996,4.635981835114032e-08,2.4782438732450005e-07,0.39343,1.170144,PRT,391390
10981387,179,6682,1996,0.0,1.0828327158424497e-06,0.39343,1.170144,PRT,391400
10987913,179,6683,1996,1.4285681174266273e-07,2.3492534631232167e-07,0.39343,1.170144,PRT,391510
10994439,179,6684,1996,1.8791326778971733e-08,1.2297423826605627e-07,0.39343,1.170144,PRT,391520
11000965,179,6685,1996,4.362521211257492e-08,2.0480007501139044e-07,0.39343,1.170144,PRT,391530
11007491,179,6686,1996,5.969344806045747e-07,3.404360482600581e-07,0.39343,1.170144,PRT,391590
11014017,179,6687,1996,9.272024277635833e-09,1.7462641449213968e-07,0.39343,1.170144,PRT,391610
11020543,179,6688,1996,4.3756396846692263e-07,2.441440889815973e-06,0.39343,1.170144,PRT,391620
11027069,179,6689,1996,8.292235832520937e-07,1.3787917809408053e-06,0.39343,1.170144,PRT,391690
11033595,179,6690,1996,1.9834562088910258e-07,1.3097519665539032e-06,0.39343,1.170144,PRT,391710
11040121,179,6691,1996,1.0791530780050392e-06,1.0458931820165206e-06,0.39343,1.170144,PRT,391721
11046647,179,6692,1996,1.4943465492271552e-06,7.18899393459228e-07,0.39343,1.170144,PRT,391722
11053173,179,6693,1996,3.0454325414600764e-06,1.0422255444143015e-06,0.39343,1.170144,PRT,391723
11059699,179,6694,1996,3.010176000212331e-07,7.130598753936671e-07,0.39343,1.170144,PRT,391729
11066225,179,6695,1996,5.675038264286844e-07,1.455308060991078e-06,0.39343,1.170144,PRT,391731
11072751,179,6696,1996,1.508075642272169e-06,4.261322933183503e-06,0.39343,1.170144,PRT,391732
11079277,179,6697,1996,4.4622507007424065e-08,6.059877925726201e-07,0.39343,1.170144,PRT,391733
11085803,179,6698,1996,7.945479640078202e-07,1.4072459670447016e-06,0.39343,1.170144,PRT,391739
11092329,179,6699,1996,1.0895957343637455e-06,5.573012457068201e-06,0.39343,1.170144,PRT,391740
11098855,179,6700,1996,1.288210452143345e-07,4.074239609304105e-06,0.39343,1.170144,PRT,391810
11105381,179,6701,1996,3.082695793979074e-07,4.7466111121840877e-07,0.39343,1.170144,PRT,391890
11111907,179,6702,1996,1.6582580713919462e-06,7.641464612015156e-06,0.39343,1.170144,PRT,391910
11118433,179,6703,1996,9.929681320084795e-07,4.9960197492590494e-06,0.39343,1.170144,PRT,391990
11124959,179,6704,1996,1.6168710908483034e-06,8.769641339753033e-06,0.39343,1.170144,PRT,392010
11131485,179,6705,1996,2.0085525243002713e-06,8.341480278741685e-06,0.39343,1.170144,PRT,392020
11138011,179,6706,1996,2.3141987120528707e-06,1.7931539603390322e-06,0.39343,1.170144,PRT,392030
11144537,179,6707,1996,2.5127558527950894e-07,3.1239088362416273e-06,0.39343,1.170144,PRT,392041
11151063,179,6708,1996,4.887929859582745e-06,7.355366010164913e-06,0.39343,1.170144,PRT,392042
11157589,179,6709,1996,1.1716502855208055e-06,1.7238973887686987e-06,0.39343,1.170144,PRT,392051
11164115,179,6710,1996,1.8728295074891323e-08,9.504365001901756e-07,0.39343,1.170144,PRT,392059
11170641,179,6711,1996,6.386717719651259e-08,7.512134483066129e-07,0.39343,1.170144,PRT,392061
11177167,179,6712,1996,1.316777753795557e-07,2.594108210748107e-06,0.39343,1.170144,PRT,392062
11183693,179,6713,1996,0.0,4.869910817658293e-08,0.39343,1.170144,PRT,392063
11190219,179,6714,1996,7.20841780233987e-07,4.332581691520058e-07,0.39343,1.170144,PRT,392069
11196745,179,6715,1996,8.124695744852978e-08,4.36249351996758e-07,0.39343,1.170144,PRT,392071
11203271,179,6716,1996,0.0,6.797690874888324e-09,0.39343,1.170144,PRT,392072
11209797,179,6717,1996,1.3619181511023726e-07,1.820206847709675e-07,0.39343,1.170144,PRT,392073
11216323,179,6718,1996,6.403172630860711e-10,8.56389734355141e-09,0.39343,1.170144,PRT,392079
11222849,179,6719,1996,3.565533799086944e-09,8.535914455176626e-07,0.39343,1.170144,PRT,392091
11229375,179,6720,1996,8.940744186767073e-08,1.1347142437060475e-06,0.39343,1.170144,PRT,392092
11235901,179,6721,1996,1.0366472847139693e-07,0.0,0.39343,1.170144,PRT,392093
11242427,179,6722,1996,1.0552961840846825e-08,1.1193983932419099e-07,0.39343,1.170144,PRT,392094
11248953,179,6723,1996,1.5339043982043106e-06,1.3134368386722363e-06,0.39343,1.170144,PRT,392099
11255479,179,6724,1996,4.393352199589899e-07,1.88276714690379e-06,0.39343,1.170144,PRT,392111
11262005,179,6725,1996,4.4190951960400466e-07,1.2308927866111593e-06,0.39343,1.170144,PRT,392112
11268531,179,6726,1996,9.563636820119377e-07,2.9590209176527955e-06,0.39343,1.170144,PRT,392113
11275057,179,6727,1996,5.212237068187611e-10,7.328248824791846e-08,0.39343,1.170144,PRT,392114
11281583,179,6728,1996,2.7986076611701294e-07,2.4146147026188273e-06,0.39343,1.170144,PRT,392119
11288109,179,6729,1996,3.171747167326098e-06,1.0062829279156556e-05,0.39343,1.170144,PRT,392190
11294635,179,6730,1996,1.0324465852814567e-06,3.146330278839687e-06,0.39343,1.170144,PRT,392210
11301161,179,6731,1996,5.799765279106341e-08,9.062538295344168e-07,0.39343,1.170144,PRT,392220
11307687,179,6732,1996,2.1946687824496195e-06,1.1861334225315924e-06,0.39343,1.170144,PRT,392290
11314213,179,6733,1996,2.0163705768655142e-06,3.601507769591436e-06,0.39343,1.170144,PRT,392310
11320739,179,6734,1996,1.4060085250695794e-06,4.963057742892386e-06,0.39343,1.170144,PRT,392321
11327265,179,6735,1996,1.6967322599181808e-06,2.7464096296458243e-06,0.39343,1.170144,PRT,392329
11333791,179,6736,1996,1.5489071559236032e-06,5.327019568513796e-06,0.39343,1.170144,PRT,392330
11340317,179,6737,1996,3.961491085157059e-07,8.819713906290686e-07,0.39343,1.170144,PRT,392340
11346843,179,6738,1996,1.225299962878476e-06,4.458935883542434e-06,0.39343,1.170144,PRT,392350
11353369,179,6739,1996,9.982297641139992e-07,2.7352320516470133e-06,0.39343,1.170144,PRT,392390
11359895,179,6740,1996,1.2772273595295573e-05,4.532927969848038e-06,0.39343,1.170144,PRT,392410
11366421,179,6741,1996,2.2016653016025448e-06,3.7151233341746925e-06,0.39343,1.170144,PRT,392490
11372947,179,6742,1996,1.6802888641162044e-07,7.625103421862116e-07,0.39343,1.170144,PRT,392510
11379473,179,6743,1996,4.872259814303909e-08,1.0481512350604316e-06,0.39343,1.170144,PRT,392520
11385999,179,6744,1996,1.4510171012644958e-07,1.5134122434707672e-06,0.39343,1.170144,PRT,392530
11392525,179,6745,1996,2.1202065212638604e-06,3.751531580898113e-06,0.39343,1.170144,PRT,392590
11399051,179,6746,1996,5.671144238337646e-07,3.1327730118851616e-06,0.39343,1.170144,PRT,392610
11405577,179,6747,1996,3.2482318977091297e-06,2.3485614310146467e-06,0.39343,1.170144,PRT,392620
11412103,179,6748,1996,2.157197646521972e-06,7.1557243583995865e-06,0.39343,1.170144,PRT,392630
11418629,179,6749,1996,3.670545224158982e-07,1.8188963616190213e-06,0.39343,1.170144,PRT,392640
11425155,179,6750,1996,1.596333391918154e-05,5.022983282292302e-05,0.39343,1.170144,PRT,392690
11431681,179,6751,1996,3.249466167568358e-09,1.2247055953263025e-06,0.39343,1.170144,PRT,400110
11438207,179,6752,1996,0.0,8.802495961826987e-08,0.39343,1.170144,PRT,400121
11444733,179,6753,1996,1.491645277062863e-07,3.626792793328405e-06,0.39343,1.170144,PRT,400122
11451259,179,6754,1996,8.655586333210995e-08,8.331291033955402e-07,0.39343,1.170144,PRT,400129
11457785,179,6755,1996,0.0,1.3445905465789586e-08,0.39343,1.170144,PRT,400130
11464311,179,6756,1996,7.480984466931809e-08,1.2897526363358385e-06,0.39343,1.170144,PRT,400211
11470837,179,6757,1996,1.2790557031997435e-07,6.309772112149369e-06,0.39343,1.170144,PRT,400219
11477363,179,6758,1996,3.2464357971798767e-09,1.6788761926174027e-06,0.39343,1.170144,PRT,400220
11483889,179,6759,1996,0.0,6.737966647893937e-08,0.39343,1.170144,PRT,400231
11490415,179,6760,1996,3.238314404538747e-08,1.034680472119478e-06,0.39343,1.170144,PRT,400239
11496941,179,6761,1996,1.3796973341715917e-08,1.2846343164830396e-07,0.39343,1.170144,PRT,400241
11503467,179,6762,1996,4.098030483750855e-08,6.77698294091158e-07,0.39343,1.170144,PRT,400249
11509993,179,6763,1996,0.0,8.952668255118645e-09,0.39343,1.170144,PRT,400251
11516519,179,6764,1996,1.1163884511164629e-09,6.199311789746948e-07,0.39343,1.170144,PRT,400259
11523045,179,6765,1996,0.0,1.0578015697851573e-08,0.39343,1.170144,PRT,400260
11529571,179,6766,1996,7.723201972083108e-09,1.792512306046795e-07,0.39343,1.170144,PRT,400270
11536097,179,6767,1996,4.221305951154269e-10,1.8524453358325608e-08,0.39343,1.170144,PRT,400280
11542623,179,6768,1996,0.0,9.050875167997151e-07,0.39343,1.170144,PRT,400291
11549149,179,6769,1996,2.414296088502948e-07,2.087179776735622e-06,0.39343,1.170144,PRT,400299
11555675,179,6770,1996,2.032472449924709e-07,2.4993230121841957e-07,0.39343,1.170144,PRT,400300
11562201,179,6771,1996,1.1950386841791031e-07,1.3169622915165164e-07,0.39343,1.170144,PRT,400400
11568727,179,6772,1996,3.070371277609121e-08,1.146717089880308e-06,0.39343,1.170144,PRT,400510
11575253,179,6773,1996,5.4780914623690647e-08,4.618860261490489e-07,0.39343,1.170144,PRT,400520
11581779,179,6774,1996,5.438214818427041e-07,3.7678284730487294e-06,0.39343,1.170144,PRT,400591
11588305,179,6775,1996,1.263534146069943e-07,1.4546001200984032e-06,0.39343,1.170144,PRT,400599
11594831,179,6776,1996,7.845359232813173e-07,1.530628199336452e-06,0.39343,1.170144,PRT,400610
11601357,179,6777,1996,2.2657655142819317e-07,1.2814973031173246e-06,0.39343,1.170144,PRT,400690
11607883,179,6778,1996,1.5510314455659284e-07,1.2585661165618992e-06,0.39343,1.170144,PRT,400700
11614409,179,6779,1996,1.0446020069837323e-07,1.3767047473260237e-06,0.39343,1.170144,PRT,400811
11620935,179,6780,1996,1.0672964508230678e-08,2.513786748399707e-07,0.39343,1.170144,PRT,400819
11627461,179,6781,1996,1.052659458809665e-06,3.924542590937586e-06,0.39343,1.170144,PRT,400821
11633987,179,6782,1996,2.0117871416529363e-07,5.4695165363407696e-06,0.39343,1.170144,PRT,400829
11640513,179,6783,1996,1.649848793563911e-07,2.2713779763309685e-06,0.39343,1.170144,PRT,400910
11647039,179,6784,1996,2.586563553976937e-07,1.0224250739975498e-06,0.39343,1.170144,PRT,400920
11653565,179,6785,1996,2.6828262997374296e-07,4.6633117243110225e-06,0.39343,1.170144,PRT,400930
11660091,179,6786,1996,1.4145768973430099e-08,6.167732853298418e-07,0.39343,1.170144,PRT,400940
11666617,179,6787,1996,4.203344945861741e-07,4.59941608155109e-06,0.39343,1.170144,PRT,400950
11673143,179,6788,1996,1.0207499616559971e-08,1.5291755284878595e-06,0.39343,1.170144,PRT,401010
11679669,179,6789,1996,1.5386008662323787e-07,1.2914860309372847e-06,0.39343,1.170144,PRT,401091
11686195,179,6790,1996,2.8296568361705075e-07,1.1788491880094912e-06,0.39343,1.170144,PRT,401099
11692721,179,6791,1996,3.743930491708675e-05,3.893500178232998e-05,0.39343,1.170144,PRT,401110
11699247,179,6792,1996,5.685532436942154e-07,2.6218870358234433e-05,0.39343,1.170144,PRT,401120
11705773,179,6793,1996,1.6784342774384537e-07,2.695856153821996e-07,0.39343,1.170144,PRT,401130
11712299,179,6794,1996,2.4629335332380704e-08,1.79497087605703e-06,0.39343,1.170144,PRT,401140
11718825,179,6795,1996,4.1235765061257516e-08,8.439934772072827e-07,0.39343,1.170144,PRT,401150
11725351,179,6796,1996,2.1386232942628157e-07,3.5864418196109486e-06,0.39343,1.170144,PRT,401191
11731877,179,6797,1996,6.708164258609398e-07,1.9432901274334513e-06,0.39343,1.170144,PRT,401199
11738403,179,6798,1996,9.924487265238939e-07,9.534628149331597e-07,0.39343,1.170144,PRT,401210
11744929,179,6799,1996,1.706480355383847e-07,1.0568122422736242e-06,0.39343,1.170144,PRT,401220
11751455,179,6800,1996,2.6160429971160815e-07,4.65072091599088e-07,0.39343,1.170144,PRT,401290
11757981,179,6801,1996,1.8208404731043494e-07,1.2063200123958938e-06,0.39343,1.170144,PRT,401310
11764507,179,6802,1996,5.9683144801136634e-09,3.907638182093958e-07,0.39343,1.170144,PRT,401320
11771033,179,6803,1996,2.1135318274461918e-08,5.942928476573929e-07,0.39343,1.170144,PRT,401390
11777559,179,6804,1996,4.360399951985554e-09,6.075839739111604e-07,0.39343,1.170144,PRT,401410
11784085,179,6805,1996,5.476255057913645e-07,1.199027492048738e-06,0.39343,1.170144,PRT,401490
11790611,179,6806,1996,4.33700549258648e-08,9.652293493768597e-07,0.39343,1.170144,PRT,401511
11797137,179,6807,1996,3.4859199082407665e-07,1.7016164737635675e-06,0.39343,1.170144,PRT,401519
11803663,179,6808,1996,5.1381748158931315e-08,2.727819552553065e-07,0.39343,1.170144,PRT,401590
11810189,179,6809,1996,3.323919337642952e-07,2.691060318280327e-07,0.39343,1.170144,PRT,401610
11816715,179,6810,1996,4.035616975229697e-07,5.796753265288666e-07,0.39343,1.170144,PRT,401691
11823241,179,6811,1996,7.902902936120041e-09,1.824595020658652e-07,0.39343,1.170144,PRT,401692
11829767,179,6812,1996,4.539494841944792e-07,7.49109279605618e-06,0.39343,1.170144,PRT,401693
11836293,179,6813,1996,1.3228172819798e-08,8.260603003248616e-08,0.39343,1.170144,PRT,401694
11842819,179,6814,1996,1.4973363126524307e-08,1.719411443084076e-07,0.39343,1.170144,PRT,401695
11849345,179,6815,1996,2.724307221763115e-06,1.602068085808703e-05,0.39343,1.170144,PRT,401699
11855871,179,6816,1996,3.313025156096362e-07,1.0193132495400009e-06,0.39343,1.170144,PRT,401700
11862397,179,6817,1996,9.328964937235396e-08,2.081857294153475e-06,0.39343,1.170144,PRT,410110
11868923,179,6818,1996,1.9441795782859216e-07,1.0748555211993725e-05,0.39343,1.170144,PRT,410121
11875449,179,6819,1996,4.176759506443596e-09,6.28696919016579e-07,0.39343,1.170144,PRT,410122
11881975,179,6820,1996,1.3435450154370112e-08,8.431529631137324e-07,0.39343,1.170144,PRT,410129
11888501,179,6821,1996,1.0680237397163033e-08,8.547435066332701e-07,0.39343,1.170144,PRT,410130
11895027,179,6822,1996,0.0,5.8617240767076986e-08,0.39343,1.170144,PRT,410140
11901553,179,6823,1996,1.7137862753534362e-06,3.298580657055067e-06,0.39343,1.170144,PRT,410210
11908079,179,6824,1996,0.0,2.0640321644297673e-07,0.39343,1.170144,PRT,410221
11914605,179,6825,1996,5.503152625481803e-10,2.1065550186105656e-08,0.39343,1.170144,PRT,410229
11921131,179,6826,1996,4.1699593552918443e-07,1.9016929656277658e-07,0.39343,1.170144,PRT,410310
11927657,179,6827,1996,0.0,9.105127436125405e-09,0.39343,1.170144,PRT,410320
11934183,179,6828,1996,4.4209467523474086e-08,9.312405635694159e-08,0.39343,1.170144,PRT,410390
11940709,179,6829,1996,2.0865406214330288e-06,4.298497121574982e-06,0.39343,1.170144,PRT,410410
11947235,179,6830,1996,4.4790389526945926e-07,7.459446578708206e-07,0.39343,1.170144,PRT,410421
11953761,179,6831,1996,4.58804137556826e-07,1.0724845489316159e-05,0.39343,1.170144,PRT,410422
11960287,179,6832,1996,1.3981553202078305e-07,2.1491156561536133e-05,0.39343,1.170144,PRT,410429
11966813,179,6833,1996,6.728591682361111e-06,6.0460752326335554e-05,0.39343,1.170144,PRT,410431
11973339,179,6834,1996,1.934194507855876e-06,1.4790032337598483e-05,0.39343,1.170144,PRT,410439
11979865,179,6835,1996,6.391051149306787e-10,2.798192721907772e-07,0.39343,1.170144,PRT,410511
11986391,179,6836,1996,1.9821046636977634e-08,3.7537405818577e-07,0.39343,1.170144,PRT,410512
11992917,179,6837,1996,3.4914109393846944e-08,4.2676506520612885e-07,0.39343,1.170144,PRT,410519
11999443,179,6838,1996,5.547432397598291e-07,3.209554106904183e-06,0.39343,1.170144,PRT,410520
12005969,179,6839,1996,1.2053904294261548e-08,1.6747143884089204e-07,0.39343,1.170144,PRT,410611
12012495,179,6840,1996,6.985609819526792e-09,1.633911671509481e-07,0.39343,1.170144,PRT,410612
12019021,179,6841,1996,9.595061761047927e-09,1.4541649485665296e-06,0.39343,1.170144,PRT,410619
12025547,179,6842,1996,3.822269808769457e-07,5.427547506706628e-06,0.39343,1.170144,PRT,410620
12032073,179,6843,1996,1.631969608271872e-07,7.867028964613663e-06,0.39343,1.170144,PRT,410710
12038599,179,6844,1996,0.0,1.1136148873537186e-08,0.39343,1.170144,PRT,410721
12045125,179,6845,1996,5.9061918871498e-10,5.116331254785522e-08,0.39343,1.170144,PRT,410729
12051651,179,6846,1996,1.82010106272956e-08,5.112801493312214e-07,0.39343,1.170144,PRT,410790
12058177,179,6847,1996,4.120758261664464e-07,1.5961786870763125e-06,0.39343,1.170144,PRT,410800
12064703,179,6848,1996,1.1734018396053476e-07,4.759010020795964e-06,0.39343,1.170144,PRT,410900
12071229,179,6849,1996,4.571828893989886e-08,1.0039801645597494e-07,0.39343,1.170144,PRT,411000
12077755,179,6850,1996,2.40972325958673e-07,1.959351370719511e-06,0.39343,1.170144,PRT,411100
12084281,179,6851,1996,3.2685271973119044e-08,8.237505437326092e-07,0.39343,1.170144,PRT,420100
12090807,179,6852,1996,2.3222485879528322e-07,7.22874269454476e-07,0.39343,1.170144,PRT,420211
12097333,179,6853,1996,7.042868668017143e-07,2.63706192783175e-06,0.39343,1.170144,PRT,420212
12103859,179,6854,1996,8.595069836553026e-08,2.4385879145331337e-07,0.39343,1.170144,PRT,420219
12110385,179,6855,1996,5.762049289251304e-07,3.0017787578321456e-06,0.39343,1.170144,PRT,420221
12116911,179,6856,1996,1.8328468005835117e-07,2.9098475288500807e-06,0.39343,1.170144,PRT,420222
12123437,179,6857,1996,3.0524011812054274e-08,5.126953682505668e-07,0.39343,1.170144,PRT,420229
12129963,179,6858,1996,2.2123582665553395e-07,1.228549886718688e-06,0.39343,1.170144,PRT,420231
12136489,179,6859,1996,5.3279063059159375e-08,8.00686121110304e-07,0.39343,1.170144,PRT,420232
12143015,179,6860,1996,5.648064937458973e-08,3.316809140742438e-07,0.39343,1.170144,PRT,420239
12149541,179,6861,1996,2.2292071259152948e-07,6.419926853323772e-07,0.39343,1.170144,PRT,420291
12156067,179,6862,1996,2.6165317958597436e-06,4.889731174055176e-06,0.39343,1.170144,PRT,420292
12162593,179,6863,1996,1.602835627357014e-07,5.207501845027564e-07,0.39343,1.170144,PRT,420299
12169119,179,6864,1996,1.6307807939684708e-06,5.559346480088958e-06,0.39343,1.170144,PRT,420310
12175645,179,6865,1996,2.339415636203578e-08,1.869570479055646e-07,0.39343,1.170144,PRT,420321
12182171,179,6866,1996,1.137475283464709e-06,9.585808033529562e-07,0.39343,1.170144,PRT,420329
12188697,179,6867,1996,2.706863197658862e-07,1.7159138306119795e-06,0.39343,1.170144,PRT,420330
12195223,179,6868,1996,1.2698161038852644e-08,3.0588018058586956e-07,0.39343,1.170144,PRT,420340
12201749,179,6869,1996,2.1842121863871265e-07,2.914873710328271e-07,0.39343,1.170144,PRT,420400
12208275,179,6870,1996,2.400938215830523e-07,8.1885627258929e-07,0.39343,1.170144,PRT,420500
12214801,179,6871,1996,3.02051259360744e-07,2.0730802853895163e-08,0.39343,1.170144,PRT,420610
12221327,179,6872,1996,7.474381289855308e-07,1.8002313806677676e-07,0.39343,1.170144,PRT,420690
12227853,179,6873,1996,0.0,7.344555328499526e-10,0.39343,1.170144,PRT,430110
12234379,179,6874,1996,1.8766174704747337e-08,1.125761906883931e-07,0.39343,1.170144,PRT,430120
12240905,179,6875,1996,3.977300527473765e-08,6.460623511662511e-09,0.39343,1.170144,PRT,430130
12247431,179,6876,1996,0.0,4.70999439410229e-09,0.39343,1.170144,PRT,430140
12253957,179,6877,1996,0.0,0.0,0.39343,1.170144,PRT,430150
12260483,179,6878,1996,0.0,8.33321997402814e-09,0.39343,1.170144,PRT,430160
12267009,179,6879,1996,0.0,0.0,0.39343,1.170144,PRT,430170
12273535,179,6880,1996,0.0,0.0,0.39343,1.170144,PRT,430180
12280061,179,6881,1996,0.0,0.0,0.39343,1.170144,PRT,430190
12286587,179,6882,1996,3.730688985259168e-08,1.5735113211906293e-08,0.39343,1.170144,PRT,430211
12293113,179,6883,1996,3.329104301377643e-08,1.2535459008777483e-08,0.39343,1.170144,PRT,430212
12299639,179,6884,1996,5.247843920252265e-08,1.8243563888970762e-07,0.39343,1.170144,PRT,430213
12306165,179,6885,1996,4.919466924215669e-06,2.3219821614041316e-06,0.39343,1.170144,PRT,430219
12312691,179,6886,1996,7.72774752766583e-09,1.4072280696625833e-07,0.39343,1.170144,PRT,430220
12319217,179,6887,1996,7.699746905276264e-07,1.4416473869398703e-07,0.39343,1.170144,PRT,430230
12325743,179,6888,1996,1.9674407013879029e-07,4.7269206775240625e-07,0.39343,1.170144,PRT,430310
12332269,179,6889,1996,3.514017502482764e-08,3.1348027075905645e-07,0.39343,1.170144,PRT,430390
12338795,179,6890,1996,8.502613236000465e-09,1.2548152892761306e-07,0.39343,1.170144,PRT,430400
12345321,179,6891,1996,2.153141798794029e-07,4.1988252748268025e-08,0.39343,1.170144,PRT,440110
12351847,179,6892,1996,2.555774990829968e-07,5.909188596951129e-07,0.39343,1.170144,PRT,440121
12358373,179,6893,1996,6.949245374865018e-09,5.086833717590736e-09,0.39343,1.170144,PRT,440122
12364899,179,6894,1996,1.0715874552931572e-07,1.3566315075484707e-07,0.39343,1.170144,PRT,440130
12371425,179,6895,1996,2.7947287870728738e-08,2.192800514440085e-07,0.39343,1.170144,PRT,440200
12377951,179,6896,1996,2.0589406140088198e-06,1.095411924007516e-06,0.39343,1.170144,PRT,440310
12384477,179,6897,1996,1.8160540030757434e-06,5.045962725492846e-06,0.39343,1.170144,PRT,440320
12391003,179,6898,1996,0.0,0.0,0.39343,1.170144,PRT,440331
12397529,179,6899,1996,0.0,0.0,0.39343,1.170144,PRT,440332
12404055,179,6900,1996,1.5559254937433257e-07,2.330845309605359e-05,0.39343,1.170144,PRT,440333
12410581,179,6901,1996,0.0,3.2659593638146532e-06,0.39343,1.170144,PRT,440334
12417107,179,6902,1996,0.0,2.0686026255299481e-07,0.39343,1.170144,PRT,440335
12423633,179,6903,1996,3.682475792378432e-08,1.2136874366015445e-06,0.39343,1.170144,PRT,440391
12430159,179,6904,1996,1.369030430404138e-08,7.983104093506161e-07,0.39343,1.170144,PRT,440392
12436685,179,6905,1996,7.979758583838624e-06,1.2743934675783146e-05,0.39343,1.170144,PRT,440399
12443211,179,6906,1996,7.30967459850058e-07,9.854354937882904e-07,0.39343,1.170144,PRT,440410
12449737,179,6907,1996,1.4420169012107068e-07,9.412862978657526e-08,0.39343,1.170144,PRT,440420
12456263,179,6908,1996,3.2694666121323338e-09,1.750131968056938e-08,0.39343,1.170144,PRT,440500
12462789,179,6909,1996,1.5985203799238169e-09,0.0,0.39343,1.170144,PRT,440610
12469315,179,6910,1996,6.021345961912083e-09,9.726696888429918e-08,0.39343,1.170144,PRT,440690
12475841,179,6911,1996,2.0794362210942735e-05,1.8392622567375067e-06,0.39343,1.170144,PRT,440710
12482367,179,6912,1996,0.0,6.857680248284462e-08,0.39343,1.170144,PRT,440721
12488893,179,6913,1996,3.304982553085333e-07,4.397662538695818e-06,0.39343,1.170144,PRT,440722
12495419,179,6914,1996,5.0003232669211233e-08,1.9086199153735077e-07,0.39343,1.170144,PRT,440723
12501945,179,6915,1996,6.099196177192165e-08,4.391534673918352e-06,0.39343,1.170144,PRT,440791
12508471,179,6916,1996,6.471962038679234e-09,4.4234473634000866e-07,0.39343,1.170144,PRT,440792
12514997,179,6917,1996,3.787605401895621e-07,6.8966223003096144e-06,0.39343,1.170144,PRT,440799
12521523,179,6918,1996,4.9546519487222455e-06,1.1955133079265322e-06,0.39343,1.170144,PRT,440810
12528049,179,6919,1996,7.639851634547934e-07,1.390016422425927e-06,0.39343,1.170144,PRT,440820
12534575,179,6920,1996,1.0196681194273093e-06,3.5161051078864823e-06,0.39343,1.170144,PRT,440890
12541101,179,6921,1996,1.7715505896245866e-06,1.2348825770915059e-06,0.39343,1.170144,PRT,440910
12547627,179,6922,1996,2.2576713949742985e-07,1.0966295425709566e-05,0.39343,1.170144,PRT,440920
12554153,179,6923,1996,1.959143395745722e-05,4.72677186410608e-06,0.39343,1.170144,PRT,441010
12560679,179,6924,1996,3.03561595962363e-07,1.242585411495371e-07,0.39343,1.170144,PRT,441090
12567205,179,6925,1996,3.820117942756596e-06,2.8600182341360348e-06,0.39343,1.170144,PRT,441111
12573731,179,6926,1996,9.284688195489297e-07,5.719436574538108e-07,0.39343,1.170144,PRT,441119
12580257,179,6927,1996,1.5576679264129984e-05,1.5258025348245859e-06,0.39343,1.170144,PRT,441121
12586783,179,6928,1996,5.739521212746296e-06,5.47804397605408e-07,0.39343,1.170144,PRT,441129
12593309,179,6929,1996,1.4266983788969346e-08,0.0,0.39343,1.170144,PRT,441131
12599835,179,6930,1996,5.371361817286758e-08,3.3128717166764374e-08,0.39343,1.170144,PRT,441139
12606361,179,6931,1996,1.7161017813672747e-07,2.3898639488813866e-07,0.39343,1.170144,PRT,441191
12612887,179,6932,1996,4.036280626344774e-07,1.1205716660696575e-07,0.39343,1.170144,PRT,441199
12619413,179,6933,1996,5.4969403661854174e-08,2.0035124982301278e-07,0.39343,1.170144,PRT,441211
12625939,179,6934,1996,1.0291743913359748e-08,7.194187489736577e-07,0.39343,1.170144,PRT,441212
12632465,179,6935,1996,9.038109987348973e-08,1.3242740349777992e-06,0.39343,1.170144,PRT,441219
12638991,179,6936,1996,1.3121837122866197e-07,3.92572448102339e-08,0.39343,1.170144,PRT,441221
12645517,179,6937,1996,1.1277496127399176e-06,9.17711468420077e-08,0.39343,1.170144,PRT,441229
12652043,179,6938,1996,4.767318087750806e-08,2.5730138258908108e-08,0.39343,1.170144,PRT,441291
12658569,179,6939,1996,1.984407745193009e-07,3.554748207343661e-07,0.39343,1.170144,PRT,441299
12665095,179,6940,1996,1.085396853153466e-07,3.3652646456624125e-07,0.39343,1.170144,PRT,441300
12671621,179,6941,1996,5.02136009815796e-07,1.224522312876092e-06,0.39343,1.170144,PRT,441400
12678147,179,6942,1996,9.623053292326328e-07,2.517266794922687e-07,0.39343,1.170144,PRT,441510
12684673,179,6943,1996,3.7324338725288553e-06,1.184718203612247e-06,0.39343,1.170144,PRT,441520
12691199,179,6944,1996,3.7555471135558786e-07,3.0833775629709806e-07,0.39343,1.170144,PRT,441600
12697725,179,6945,1996,6.507093122592896e-07,4.958559202753679e-07,0.39343,1.170144,PRT,441700
12704251,179,6946,1996,2.8074502819637176e-07,9.265766383626178e-07,0.39343,1.170144,PRT,441810
12710777,179,6947,1996,4.493760795078873e-06,2.795213802084101e-06,0.39343,1.170144,PRT,441820
12717303,179,6948,1996,6.203061213146241e-06,5.067312313761827e-06,0.39343,1.170144,PRT,441830
12723829,179,6949,1996,4.6098903460692095e-08,1.6967659517765372e-06,0.39343,1.170144,PRT,441840
12730355,179,6950,1996,1.4785177125399626e-09,1.0342698266297663e-08,0.39343,1.170144,PRT,441850
12736881,179,6951,1996,5.120647153566156e-07,1.4854267036319655e-06,0.39343,1.170144,PRT,441890
12743407,179,6952,1996,2.469861869057255e-06,7.250955334351441e-07,0.39343,1.170144,PRT,441900
12749933,179,6953,1996,3.3609989497164074e-07,1.1422284927316676e-06,0.39343,1.170144,PRT,442010
12756459,179,6954,1996,1.869633981914479e-06,8.335692464224467e-07,0.39343,1.170144,PRT,442090
12762985,179,6955,1996,1.6961589138406803e-08,1.9558524325154062e-07,0.39343,1.170144,PRT,442110
12769511,179,6956,1996,3.583596321787486e-06,3.869125004373638e-06,0.39343,1.170144,PRT,442190
12776037,179,6957,1996,2.679575318384667e-06,1.5350779193939355e-05,0.39343,1.170144,PRT,450110
12782563,179,6958,1996,8.035206786021857e-06,1.1329248369272312e-06,0.39343,1.170144,PRT,450190
12789089,179,6959,1996,2.910705304358592e-06,3.5602814813151997e-06,0.39343,1.170144,PRT,450200
12795615,179,6960,1996,0.00011114328288431422,2.8474025683407275e-06,0.39343,1.170144,PRT,450310
12802141,179,6961,1996,6.361926259503094e-06,5.768031281319001e-07,0.39343,1.170144,PRT,450390
12808667,179,6962,1996,5.27347924764251e-05,1.3640638926225502e-06,0.39343,1.170144,PRT,450410
12815193,179,6963,1996,1.40204795218665e-05,1.0609899552662116e-07,0.39343,1.170144,PRT,450490
12821719,179,6964,1996,1.3751820822927548e-09,2.6028759393880042e-08,0.39343,1.170144,PRT,460110
12828245,179,6965,1996,1.2750647053981139e-07,2.0744689896686865e-07,0.39343,1.170144,PRT,460120
12834771,179,6966,1996,5.684974848790673e-10,2.666444789207779e-08,0.39343,1.170144,PRT,460191
12841297,179,6967,1996,1.3394843191164465e-08,3.4352036377842525e-08,0.39343,1.170144,PRT,460199
12847823,179,6968,1996,6.129296846260949e-07,1.3926675550104335e-06,0.39343,1.170144,PRT,460210
12854349,179,6969,1996,8.784134645090365e-08,1.7261991909688987e-07,0.39343,1.170144,PRT,460290
12860875,179,6970,1996,2.441178504219164e-07,4.237632765053066e-07,0.39343,1.170144,PRT,470100
12867401,179,6971,1996,8.474061086200196e-07,7.767861558894813e-08,0.39343,1.170144,PRT,470200
12873927,179,6972,1996,7.168878741659123e-06,0.0,0.39343,1.170144,PRT,470311
12880453,179,6973,1996,4.172586989455696e-06,0.0,0.39343,1.170144,PRT,470319
12886979,179,6974,1996,3.165025199730369e-06,1.127754349519888e-05,0.39343,1.170144,PRT,470321
12893505,179,6975,1996,0.00011853960819674007,1.653684301554049e-06,0.39343,1.170144,PRT,470329
12900031,179,6976,1996,0.0,0.0,0.39343,1.170144,PRT,470411
12906557,179,6977,1996,8.418975013278384e-08,0.0,0.39343,1.170144,PRT,470419
12913083,179,6978,1996,1.56110439673724e-07,1.7201273383688033e-07,0.39343,1.170144,PRT,470421
12919609,179,6979,1996,8.147908382028745e-06,2.8127061730736112e-08,0.39343,1.170144,PRT,470429
12926135,179,6980,1996,7.687837549649533e-08,2.8234777456447406e-09,0.39343,1.170144,PRT,470500
12932661,179,6981,1996,0.0,0.0,0.39343,1.170144,PRT,470610
12939187,179,6982,1996,0.0,1.3363378648244624e-09,0.39343,1.170144,PRT,470691
12945713,179,6983,1996,0.0,0.0,0.39343,1.170144,PRT,470692
12952239,179,6984,1996,1.6154025733580455e-07,0.0,0.39343,1.170144,PRT,470693
12958765,179,6985,1996,3.8355549525525586e-07,2.1604692250765862e-07,0.39343,1.170144,PRT,470710
12965291,179,6986,1996,2.0776825457504592e-08,4.47559171763442e-07,0.39343,1.170144,PRT,470720
12971817,179,6987,1996,7.931349022956714e-07,1.334021148139164e-07,0.39343,1.170144,PRT,470730
12978343,179,6988,1996,3.7900084856136865e-07,2.5614169851442315e-07,0.39343,1.170144,PRT,470790
12984869,179,6989,1996,1.6665473465525976e-06,1.7484824922916455e-05,0.39343,1.170144,PRT,480100
12991395,179,6990,1996,2.3494461621894508e-08,7.042421003704392e-08,0.39343,1.170144,PRT,480210
12997921,179,6991,1996,1.2651069083015648e-07,6.171859194175665e-07,0.39343,1.170144,PRT,480220
13004447,179,6992,1996,3.6723543552809053e-08,6.547260098434613e-08,0.39343,1.170144,PRT,480230
13010973,179,6993,1996,1.132864574918635e-07,2.934186311365801e-07,0.39343,1.170144,PRT,480240
13017499,179,6994,1996,2.3372186176719292e-07,1.671555831898063e-07,0.39343,1.170144,PRT,480251
13024025,179,6995,1996,8.701996061762433e-05,6.095809571792474e-06,0.39343,1.170144,PRT,480252
13030551,179,6996,1996,2.516178050074801e-06,1.4657491948590258e-06,0.39343,1.170144,PRT,480253
13037077,179,6997,1996,1.1669113923072985e-06,6.0170001068000585e-06,0.39343,1.170144,PRT,480260
13043603,179,6998,1996,4.561719275336874e-06,2.5049225727561722e-06,0.39343,1.170144,PRT,480300
13050129,179,6999,1996,2.1893738162698265e-05,9.657371047362127e-07,0.39343,1.170144,PRT,480411
13056655,179,7000,1996,9.019415632422433e-07,1.3677192672036883e-06,0.39343,1.170144,PRT,480419
13063181,179,7001,1996,5.990153147355292e-06,3.1202484901654566e-06,0.39343,1.170144,PRT,480421
13069707,179,7002,1996,6.919475016168579e-07,9.600805376878597e-07,0.39343,1.170144,PRT,480429
13076233,179,7003,1996,1.2633129290315838e-07,1.191715417154453e-06,0.39343,1.170144,PRT,480431
13082759,179,7004,1996,1.6986923034854504e-07,1.4938795709197838e-06,0.39343,1.170144,PRT,480439
13089285,179,7005,1996,7.464399249795651e-07,4.617730074953026e-07,0.39343,1.170144,PRT,480441
13095811,179,7006,1996,2.995185667011631e-06,4.4711869730353334e-07,0.39343,1.170144,PRT,480442
13102337,179,7007,1996,4.175395839768779e-08,1.3738560806722127e-08,0.39343,1.170144,PRT,480449
13108863,179,7008,1996,9.597819398101445e-08,2.850085187060442e-07,0.39343,1.170144,PRT,480451
13115389,179,7009,1996,1.1885415700661995e-08,8.908919098829749e-10,0.39343,1.170144,PRT,480452
13121915,179,7010,1996,8.134059589353385e-08,7.97772493588064e-08,0.39343,1.170144,PRT,480459
13128441,179,7011,1996,2.0029142171554635e-07,1.178599287525841e-06,0.39343,1.170144,PRT,480510
13134967,179,7012,1996,2.9420047879530584e-08,1.3661336917212182e-08,0.39343,1.170144,PRT,480521
13141493,179,7013,1996,4.6440365596066154e-07,1.983777651547809e-06,0.39343,1.170144,PRT,480522
13148019,179,7014,1996,7.788051898396605e-10,6.6833464891332545e-09,0.39343,1.170144,PRT,480523
13154545,179,7015,1996,9.955857659500495e-08,5.242845860380957e-07,0.39343,1.170144,PRT,480529
13161071,179,7016,1996,2.9568536028566162e-08,3.2745050323430843e-07,0.39343,1.170144,PRT,480530
13167597,179,7017,1996,5.199812549594839e-09,1.821545837038517e-07,0.39343,1.170144,PRT,480540
13174123,179,7018,1996,0.0,1.3782641396013211e-08,0.39343,1.170144,PRT,480550
13180649,179,7019,1996,7.391988549362894e-07,6.4326678007939065e-06,0.39343,1.170144,PRT,480560
13187175,179,7020,1996,2.824496115398924e-07,3.833910910757102e-07,0.39343,1.170144,PRT,480570
13193701,179,7021,1996,4.23786389495693e-07,1.2489333477862896e-06,0.39343,1.170144,PRT,480580
13200227,179,7022,1996,3.489259376408873e-08,1.277037872072877e-07,0.39343,1.170144,PRT,480610
13206753,179,7023,1996,1.808706870068871e-08,3.6433402488286754e-07,0.39343,1.170144,PRT,480620
13213279,179,7024,1996,3.2181927451592323e-08,5.377477260199992e-07,0.39343,1.170144,PRT,480630
13219805,179,7025,1996,7.118643079581115e-09,1.7693915398141178e-07,0.39343,1.170144,PRT,480640
13226331,179,7026,1996,5.730491012025661e-08,4.5031802007366e-09,0.39343,1.170144,PRT,480710
13232857,179,7027,1996,0.0,0.0,0.39343,1.170144,PRT,480791
13239383,179,7028,1996,1.2596946667877372e-07,2.013799515752058e-06,0.39343,1.170144,PRT,480799
13245909,179,7029,1996,2.9013372173396412e-08,1.5793859711544225e-06,0.39343,1.170144,PRT,480810
13252435,179,7030,1996,2.6505437639889397e-08,3.4395719247530983e-07,0.39343,1.170144,PRT,480820
13258961,179,7031,1996,3.623535088322474e-08,4.980669098329681e-07,0.39343,1.170144,PRT,480830
13265487,179,7032,1996,5.302008760575977e-07,2.887994493850775e-07,0.39343,1.170144,PRT,480890
13272013,179,7033,1996,8.003208195978768e-09,1.1313564959608747e-07,0.39343,1.170144,PRT,480910
13278539,179,7034,1996,3.1073569482005335e-07,5.901558346374743e-06,0.39343,1.170144,PRT,480920
13285065,179,7035,1996,1.4018796454152737e-07,4.9675841234032755e-08,0.39343,1.170144,PRT,480990
13291591,179,7036,1996,1.5988864486667454e-06,5.52460732996456e-06,0.39343,1.170144,PRT,481011
13298117,179,7037,1996,6.892598661193139e-07,7.453249775866285e-06,0.39343,1.170144,PRT,481012
13304643,179,7038,1996,4.143364824762533e-08,1.3774254483892828e-05,0.39343,1.170144,PRT,481021
13311169,179,7039,1996,3.5004535646239224e-07,3.3643008384920478e-06,0.39343,1.170144,PRT,481029
13317695,179,7040,1996,3.062310492375761e-08,4.041308426206645e-07,0.39343,1.170144,PRT,481031
13324221,179,7041,1996,1.3298477412810764e-08,2.8759667902013506e-07,0.39343,1.170144,PRT,481032
13330747,179,7042,1996,3.631050406885907e-08,1.2357900406514981e-06,0.39343,1.170144,PRT,481039
13337273,179,7043,1996,1.1352558401921855e-06,5.50947443051763e-06,0.39343,1.170144,PRT,481091
13343799,179,7044,1996,1.48700274962771e-07,1.054583686766908e-06,0.39343,1.170144,PRT,481099
13350325,179,7045,1996,0.0,9.258249483136541e-08,0.39343,1.170144,PRT,481110
13356851,179,7046,1996,3.925541801238507e-08,3.942770080325951e-06,0.39343,1.170144,PRT,481121
13363377,179,7047,1996,5.016353926276189e-08,5.217166431371384e-07,0.39343,1.170144,PRT,481129
13369903,179,7048,1996,3.812781719083122e-08,1.7814815528679538e-06,0.39343,1.170144,PRT,481131
13376429,179,7049,1996,8.216932946589414e-06,3.636643247299852e-05,0.39343,1.170144,PRT,481139
13382955,179,7050,1996,1.3076351263335094e-08,5.199507681014775e-07,0.39343,1.170144,PRT,481140
13389481,179,7051,1996,1.0358611763314934e-05,6.379593776988434e-06,0.39343,1.170144,PRT,481190
13396007,179,7052,1996,5.0041415336106096e-08,4.5392666260148953e-07,0.39343,1.170144,PRT,481200
13402533,179,7053,1996,1.8183737516081258e-08,9.790066878448378e-08,0.39343,1.170144,PRT,481310
13409059,179,7054,1996,2.4622971554564894e-08,8.250249036260243e-07,0.39343,1.170144,PRT,481320
13415585,179,7055,1996,9.494150427111505e-10,2.1940864744885765e-09,0.39343,1.170144,PRT,481390
13422111,179,7056,1996,0.0,2.6872587817452233e-08,0.39343,1.170144,PRT,481410
13428637,179,7057,1996,4.3195505591488285e-08,2.270435380872744e-07,0.39343,1.170144,PRT,481420
13435163,179,7058,1996,3.197040759847634e-10,2.938816430406376e-09,0.39343,1.170144,PRT,481430
13441689,179,7059,1996,2.0945920125181842e-09,1.6404243300024873e-07,0.39343,1.170144,PRT,481490
13448215,179,7060,1996,5.308602846541313e-09,8.70177347246187e-09,0.39343,1.170144,PRT,481500
13454741,179,7061,1996,1.4592445568692224e-08,2.5676114679551364e-09,0.39343,1.170144,PRT,481610
13461267,179,7062,1996,1.56359839156696e-07,1.3911002083430837e-06,0.39343,1.170144,PRT,481620
13467793,179,7063,1996,6.796817744324415e-09,8.987137287346261e-08,0.39343,1.170144,PRT,481630
13474319,179,7064,1996,2.0752176424764686e-06,4.513520910404884e-08,0.39343,1.170144,PRT,481690
13480845,179,7065,1996,1.1152750930357347e-06,2.2705692798056282e-06,0.39343,1.170144,PRT,481710
13487371,179,7066,1996,1.7797668328588755e-08,1.737878889966025e-07,0.39343,1.170144,PRT,481720
13493897,179,7067,1996,3.004006166101383e-08,5.558297163204029e-08,0.39343,1.170144,PRT,481730
13500423,179,7068,1996,1.3915009298717646e-06,9.90094381213455e-06,0.39343,1.170144,PRT,481810
13506949,179,7069,1996,1.1191948771332353e-06,4.868338168062908e-06,0.39343,1.170144,PRT,481820
13513475,179,7070,1996,1.4336567153829651e-06,2.9786228597012363e-06,0.39343,1.170144,PRT,481830
13520001,179,7071,1996,5.092855626733396e-07,2.912916134444144e-05,0.39343,1.170144,PRT,481840
13526527,179,7072,1996,8.275677888718276e-07,4.134162696099805e-08,0.39343,1.170144,PRT,481850
13533053,179,7073,1996,3.80476638940559e-07,2.5793249731184862e-06,0.39343,1.170144,PRT,481890
13539579,179,7074,1996,1.2743671141346854e-06,5.267994333721024e-06,0.39343,1.170144,PRT,481910
13546105,179,7075,1996,3.416143205749677e-06,4.574301414377246e-06,0.39343,1.170144,PRT,481920
13552631,179,7076,1996,1.3469550912351692e-06,1.0365016964665042e-06,0.39343,1.170144,PRT,481930
13559157,179,7077,1996,1.4667235109879939e-06,2.4102444270519686e-06,0.39343,1.170144,PRT,481940
13565683,179,7078,1996,1.6845738078455165e-07,9.175474090839936e-07,0.39343,1.170144,PRT,481950
13572209,179,7079,1996,4.5477374494014607e-08,2.212318603938972e-07,0.39343,1.170144,PRT,481960
13578735,179,7080,1996,1.1176860557168103e-06,1.9827319804259043e-06,0.39343,1.170144,PRT,482010
13585261,179,7081,1996,7.75929065303953e-07,2.611526340745127e-07,0.39343,1.170144,PRT,482020
13591787,179,7082,1996,1.3194529647745084e-06,8.314122804442032e-07,0.39343,1.170144,PRT,482030
13598313,179,7083,1996,7.369800177378435e-08,2.6202828006629497e-07,0.39343,1.170144,PRT,482040
13604839,179,7084,1996,1.572328888656174e-07,6.179498724876113e-07,0.39343,1.170144,PRT,482050
13611365,179,7085,1996,5.975260089044062e-07,5.777013115678313e-07,0.39343,1.170144,PRT,482090
13617891,179,7086,1996,6.536575596102429e-07,4.619470429647518e-06,0.39343,1.170144,PRT,482110
13624417,179,7087,1996,6.810818055519198e-08,1.358688049327051e-06,0.39343,1.170144,PRT,482190
13630943,179,7088,1996,2.438539051610797e-09,1.4293644798787606e-07,0.39343,1.170144,PRT,482210
13637469,179,7089,1996,3.168979530050298e-08,7.690408980613359e-07,0.39343,1.170144,PRT,482290
13643995,179,7090,1996,4.188093091696515e-08,1.3651659073548274e-06,0.39343,1.170144,PRT,482311
13650521,179,7091,1996,1.5922778169235457e-08,1.5781016682709416e-07,0.39343,1.170144,PRT,482319
13657047,179,7092,1996,1.2924832743911036e-08,3.0039397010064155e-07,0.39343,1.170144,PRT,482320
13663573,179,7093,1996,0.0,0.0,0.39343,1.170144,PRT,482330
13670099,179,7094,1996,2.868851646775123e-08,1.800546242019847e-07,0.39343,1.170144,PRT,482340
13676625,179,7095,1996,3.9817430504632786e-07,2.1590009768768906e-07,0.39343,1.170144,PRT,482351
13683151,179,7096,1996,1.4667372082621497e-05,2.187147261721754e-06,0.39343,1.170144,PRT,482359
13689677,179,7097,1996,2.2474317734316205e-07,1.9641965897785063e-06,0.39343,1.170144,PRT,482360
13696203,179,7098,1996,2.751691466815664e-07,9.71758248086973e-07,0.39343,1.170144,PRT,482370
13702729,179,7099,1996,8.766067576834241e-07,1.9078496650764212e-06,0.39343,1.170144,PRT,482390
13709255,179,7100,1996,8.971684268433465e-08,2.1285174265005934e-06,0.39343,1.170144,PRT,490110
13715781,179,7101,1996,1.2709615838921104e-07,2.6475988458373304e-06,0.39343,1.170144,PRT,490191
13722307,179,7102,1996,7.522012348584416e-06,2.3983337523956166e-05,0.39343,1.170144,PRT,490199
13728833,179,7103,1996,6.965045726070559e-07,3.706733107724288e-06,0.39343,1.170144,PRT,490210
13735359,179,7104,1996,1.0933791517937642e-06,1.7605186143393256e-05,0.39343,1.170144,PRT,490290
13741885,179,7105,1996,4.0621236250177414e-07,6.981954366785102e-07,0.39343,1.170144,PRT,490300
13748411,179,7106,1996,8.154726715402827e-10,1.2168894108356885e-07,0.39343,1.170144,PRT,490400
13754937,179,7107,1996,1.0389927913946537e-08,2.6946165943938104e-08,0.39343,1.170144,PRT,490510
13761463,179,7108,1996,3.520623709929653e-08,5.801204410508059e-08,0.39343,1.170144,PRT,490591
13767989,179,7109,1996,1.9522858190751085e-08,2.6288205147993285e-07,0.39343,1.170144,PRT,490599
13774515,179,7110,1996,3.2457994193982956e-08,3.0018085868023423e-07,0.39343,1.170144,PRT,490600
13781041,179,7111,1996,2.9370289197751726e-07,1.2807505845633936e-06,0.39343,1.170144,PRT,490700
13787567,179,7112,1996,6.863758626205964e-08,1.4903713525916174e-06,0.39343,1.170144,PRT,490810
13794093,179,7113,1996,2.0771401094509214e-07,1.2391010563433623e-06,0.39343,1.170144,PRT,490890
13800619,179,7114,1996,5.062870111739375e-08,1.2168317414933077e-06,0.39343,1.170144,PRT,490900
13807145,179,7115,1996,7.663776408764993e-08,1.9436590123648873e-07,0.39343,1.170144,PRT,491000
13813671,179,7116,1996,1.0823552703945473e-06,1.1645711205618064e-05,0.39343,1.170144,PRT,491110
13820197,179,7117,1996,2.9427229857351285e-07,2.125922637526459e-06,0.39343,1.170144,PRT,491191
13826723,179,7118,1996,3.3443167607278184e-07,3.4874407932591983e-06,0.39343,1.170144,PRT,491199
13833249,179,7119,1996,1.8386772332109497e-08,0.0,0.39343,1.170144,PRT,500100
13839775,179,7120,1996,3.345831945922059e-09,5.762957042055494e-09,0.39343,1.170144,PRT,500200
13846301,179,7121,1996,0.0,1.3363378648244624e-09,0.39343,1.170144,PRT,500310
13852827,179,7122,1996,0.0,7.463208343283047e-09,0.39343,1.170144,PRT,500390
13859353,179,7123,1996,1.5003666830409118e-08,1.5757650656055117e-08,0.39343,1.170144,PRT,500400
13865879,179,7124,1996,1.7477358178526295e-08,8.108674115045358e-08,0.39343,1.170144,PRT,500500
13872405,179,7125,1996,0.0,2.2571913181052873e-08,0.39343,1.170144,PRT,500600
13878931,179,7126,1996,0.0,5.397055007639272e-08,0.39343,1.170144,PRT,500710
13885457,179,7127,1996,4.1938810991385144e-08,1.8380787094866911e-06,0.39343,1.170144,PRT,500720
13891983,179,7128,1996,8.072088514908945e-08,5.980493093041986e-07,0.39343,1.170144,PRT,500790
13898509,179,7129,1996,9.102535661808082e-08,8.962836619625792e-07,0.39343,1.170144,PRT,510111
13905035,179,7130,1996,2.7276394170422893e-07,7.398035357732679e-07,0.39343,1.170144,PRT,510119
13911561,179,7131,1996,1.256267317878365e-07,1.0115043565754351e-06,0.39343,1.170144,PRT,510121
13918087,179,7132,1996,6.656754024968815e-08,2.8870830530947565e-07,0.39343,1.170144,PRT,510129
13924613,179,7133,1996,2.4597516443301654e-09,7.187422942161906e-08,0.39343,1.170144,PRT,510130
13931139,179,7134,1996,2.3112119789979838e-07,1.5460752972694566e-07,0.39343,1.170144,PRT,510210
13937665,179,7135,1996,0.0,6.071952029995932e-08,0.39343,1.170144,PRT,510220
13944191,179,7136,1996,2.6226189008590856e-07,1.754430654095324e-07,0.39343,1.170144,PRT,510310
13950717,179,7137,1996,9.630638309408695e-08,5.633777715122463e-07,0.39343,1.170144,PRT,510320
13957243,179,7138,1996,0.0,6.717152655356493e-09,0.39343,1.170144,PRT,510330
13963769,179,7139,1996,1.7748879365334209e-09,0.0,0.39343,1.170144,PRT,510400
13970295,179,7140,1996,1.1146187148095898e-07,1.0094123514656207e-07,0.39343,1.170144,PRT,510510
13976821,179,7141,1996,4.607526657166194e-08,5.043114390272037e-07,0.39343,1.170144,PRT,510521
13983347,179,7142,1996,1.2823772921825576e-06,1.8432484345981293e-05,0.39343,1.170144,PRT,510529
13989873,179,7143,1996,3.080765448041611e-08,1.1122294974045703e-07,0.39343,1.170144,PRT,510530
13996399,179,7144,1996,7.642291082710661e-09,1.531253613411582e-08,0.39343,1.170144,PRT,510540
14002925,179,7145,1996,1.03707062745724e-06,1.9352247053251915e-06,0.39343,1.170144,PRT,510610
14009451,179,7146,1996,7.870690098890486e-08,3.397550197271609e-06,0.39343,1.170144,PRT,510620
14015977,179,7147,1996,8.838831012380217e-06,4.0867316505895955e-06,0.39343,1.170144,PRT,510710
14022503,179,7148,1996,8.751830896749157e-07,3.5003163025282214e-06,0.39343,1.170144,PRT,510720
14029029,179,7149,1996,0.0,3.902391597669312e-08,0.39343,1.170144,PRT,510810
14035555,179,7150,1996,4.445553359901876e-10,1.9440534176374917e-08,0.39343,1.170144,PRT,510820
14042081,179,7151,1996,1.2112481353870888e-07,1.0285890649722534e-07,0.39343,1.170144,PRT,510910
14048607,179,7152,1996,5.2453287128298256e-08,2.030472584360158e-06,0.39343,1.170144,PRT,510990
14055133,179,7153,1996,5.344361217125391e-09,5.347008624308793e-09,0.39343,1.170144,PRT,511000
14061659,179,7154,1996,1.043603196903689e-06,2.393453699728091e-06,0.39343,1.170144,PRT,511111
14068185,179,7155,1996,3.749013634998313e-07,1.4661114511304178e-06,0.39343,1.170144,PRT,511119
14074711,179,7156,1996,3.229677848931576e-07,2.416766365669036e-07,0.39343,1.170144,PRT,511120
14081237,179,7157,1996,8.67068060811602e-07,5.356826001266621e-06,0.39343,1.170144,PRT,511130
14087763,179,7158,1996,3.432833879775353e-08,5.628405186156986e-07,0.39343,1.170144,PRT,511190
14094289,179,7159,1996,2.2978753189182783e-06,1.2158857985617613e-05,0.39343,1.170144,PRT,511211
14100815,179,7160,1996,2.726702123481132e-06,1.4052516683839324e-05,0.39343,1.170144,PRT,511219
14107341,179,7161,1996,3.6202410757101946e-07,7.33301814569334e-07,0.39343,1.170144,PRT,511220
14113867,179,7162,1996,4.137169232503283e-06,5.068667211874774e-06,0.39343,1.170144,PRT,511230
14120393,179,7163,1996,1.40675551137034e-07,6.891426756567306e-07,0.39343,1.170144,PRT,511290
14126919,179,7164,1996,1.540579698096057e-08,1.1675158364996518e-07,0.39343,1.170144,PRT,511300
14133445,179,7165,1996,1.6269107079453415e-06,9.285827559242452e-05,0.39343,1.170144,PRT,520100
14139971,179,7166,1996,2.3033330159879327e-07,8.814096116903589e-08,0.39343,1.170144,PRT,520210
14146497,179,7167,1996,5.1451446677866384e-08,2.155640246234698e-09,0.39343,1.170144,PRT,520291
14153023,179,7168,1996,2.9285408523170367e-07,2.650390174581763e-07,0.39343,1.170144,PRT,520299
14159549,179,7169,1996,4.7089652755502127e-07,6.000471874413916e-07,0.39343,1.170144,PRT,520300
14166075,179,7170,1996,2.8046774930582576e-07,2.6324265058631403e-07,0.39343,1.170144,PRT,520411
14172601,179,7171,1996,3.748446955735667e-08,1.7231864649790043e-07,0.39343,1.170144,PRT,520419
14179127,179,7172,1996,1.4232992124321752e-06,2.0281048269925222e-07,0.39343,1.170144,PRT,520420
14185653,179,7173,1996,3.454501028052994e-07,1.6872176984164856e-06,0.39343,1.170144,PRT,520511
14192179,179,7174,1996,1.311175811095411e-06,1.2145508858588461e-05,0.39343,1.170144,PRT,520512
14198705,179,7175,1996,4.5773381073561446e-07,7.797862874252927e-06,0.39343,1.170144,PRT,520513
14205231,179,7176,1996,2.000650530475268e-09,7.258903097743924e-07,0.39343,1.170144,PRT,520514
14211757,179,7177,1996,0.0,6.132985417348964e-07,0.39343,1.170144,PRT,520515
14218283,179,7178,1996,6.415597149453484e-08,9.023614803567138e-07,0.39343,1.170144,PRT,520521
14224809,179,7179,1996,3.1745996549727753e-06,4.7972507605884845e-06,0.39343,1.170144,PRT,520522
14231335,179,7180,1996,3.2596491211847712e-06,6.3880678559883924e-06,0.39343,1.170144,PRT,520523
14237861,179,7181,1996,5.060827642097538e-07,2.344346266092812e-06,0.39343,1.170144,PRT,520524
14244387,179,7182,1996,1.472190299168814e-07,2.850389111123449e-06,0.39343,1.170144,PRT,520525
14250913,179,7183,1996,8.45810921647523e-07,3.3775773816937194e-07,0.39343,1.170144,PRT,520531
14257439,179,7184,1996,1.0688922438696421e-06,3.4615240582200584e-06,0.39343,1.170144,PRT,520532
14263965,179,7185,1996,2.524480355828123e-08,2.8441359646711565e-07,0.39343,1.170144,PRT,520533
14270491,179,7186,1996,8.107998404012447e-08,7.817155589310325e-07,0.39343,1.170144,PRT,520534
14277017,179,7187,1996,1.1075700732859826e-08,7.856055880777203e-08,0.39343,1.170144,PRT,520535
14283543,179,7188,1996,2.5605720671549338e-08,6.801767500815245e-08,0.39343,1.170144,PRT,520541
14290069,179,7189,1996,1.4176502989910075e-06,5.273526613393556e-07,0.39343,1.170144,PRT,520542
14296595,179,7190,1996,3.4754681607708953e-07,1.9559352907659532e-07,0.39343,1.170144,PRT,520543
14303121,179,7191,1996,1.5060092327042638e-07,8.224751895401874e-07,0.39343,1.170144,PRT,520544
14309647,179,7192,1996,1.0741420575306469e-07,2.726623079415164e-06,0.39343,1.170144,PRT,520545
14316173,179,7193,1996,4.289216551560132e-08,7.506211775317019e-07,0.39343,1.170144,PRT,520611
14322699,179,7194,1996,7.033701797591987e-08,5.36530173743159e-06,0.39343,1.170144,PRT,520612
14329225,179,7195,1996,1.0011434652425239e-08,8.415272842379973e-07,0.39343,1.170144,PRT,520613
14335751,179,7196,1996,0.0,5.884592953858713e-09,0.39343,1.170144,PRT,520614
14342277,179,7197,1996,8.982017831458187e-10,2.0967180871056076e-07,0.39343,1.170144,PRT,520615
14348803,179,7198,1996,2.241564976359521e-09,3.7086690078900716e-08,0.39343,1.170144,PRT,520621
14355329,179,7199,1996,3.1365212328192764e-07,4.259053279984516e-07,0.39343,1.170144,PRT,520622
14361855,179,7200,1996,4.188062787992631e-08,2.6032769733206525e-07,0.39343,1.170144,PRT,520623
14368381,179,7201,1996,2.096258716231849e-08,2.6872919250454423e-08,0.39343,1.170144,PRT,520624
14374907,179,7202,1996,3.2298899748587696e-08,1.4367620644876102e-08,0.39343,1.170144,PRT,520625
14381433,179,7203,1996,3.984634023813889e-09,2.3679694847568073e-07,0.39343,1.170144,PRT,520631
14387959,179,7204,1996,4.1960629658182205e-08,6.849941287683358e-07,0.39343,1.170144,PRT,520632
14394485,179,7205,1996,6.824424418563479e-08,0.0,0.39343,1.170144,PRT,520633
14401011,179,7206,1996,2.7976379426458156e-09,5.18361215422981e-10,0.39343,1.170144,PRT,520634
14407537,179,7207,1996,0.0,0.0,0.39343,1.170144,PRT,520635
14414063,179,7208,1996,3.4223791019350936e-08,3.431458444859521e-08,0.39343,1.170144,PRT,520641
14420589,179,7209,1996,3.1392819002431825e-08,1.3678472003425333e-07,0.39343,1.170144,PRT,520642
14427115,179,7210,1996,2.6933932012820635e-09,4.286820736907877e-08,0.39343,1.170144,PRT,520643
14433641,179,7211,1996,1.4324682041166028e-07,3.5285351712005636e-08,0.39343,1.170144,PRT,520644
14440167,179,7212,1996,8.187151678559576e-09,1.5092796053664773e-07,0.39343,1.170144,PRT,520645
14446693,179,7213,1996,6.433267239188717e-07,1.4682670913766526e-06,0.39343,1.170144,PRT,520710
14453219,179,7214,1996,6.049043547262802e-07,7.200163226766037e-07,0.39343,1.170144,PRT,520790
14459745,179,7215,1996,1.6319029401233254e-07,6.455943677671608e-07,0.39343,1.170144,PRT,520811
14466271,179,7216,1996,7.592747557229383e-07,5.245622606073293e-06,0.39343,1.170144,PRT,520812
14472797,179,7217,1996,4.160637935976876e-08,3.9989579171869846e-07,0.39343,1.170144,PRT,520813
14479323,179,7218,1996,2.5166680609666185e-07,7.047047808414944e-07,0.39343,1.170144,PRT,520819
14485849,179,7219,1996,9.972433785525486e-08,4.5847624342253253e-07,0.39343,1.170144,PRT,520821
14492375,179,7220,1996,1.0442441202408528e-06,1.147899642832117e-06,0.39343,1.170144,PRT,520822
14498901,179,7221,1996,6.63587477299218e-08,2.0226295537963666e-07,0.39343,1.170144,PRT,520823
14505427,179,7222,1996,4.047292992336515e-07,3.9025341138602534e-07,0.39343,1.170144,PRT,520829
14511953,179,7223,1996,1.653357962473772e-07,2.5942321666909255e-07,0.39343,1.170144,PRT,520831
14518479,179,7224,1996,5.3208261485402905e-06,4.634784622946645e-06,0.39343,1.170144,PRT,520832
14525005,179,7225,1996,6.709952177138602e-07,1.7834356818488578e-06,0.39343,1.170144,PRT,520833
14531531,179,7226,1996,1.2629262537700136e-06,1.482213792108749e-06,0.39343,1.170144,PRT,520839
14538057,179,7227,1996,7.358554472866781e-07,7.530648330568384e-07,0.39343,1.170144,PRT,520841
14544583,179,7228,1996,1.4522499165459378e-05,5.084231968523556e-06,0.39343,1.170144,PRT,520842
14551109,179,7229,1996,7.532275000942047e-06,1.2390032836077168e-06,0.39343,1.170144,PRT,520843
14557635,179,7230,1996,5.399353045528119e-06,2.7844992359893477e-06,0.39343,1.170144,PRT,520849
14564161,179,7231,1996,1.3454086932259272e-07,9.066051485167368e-07,0.39343,1.170144,PRT,520851
14570687,179,7232,1996,1.3309889787693783e-06,4.065304838431104e-06,0.39343,1.170144,PRT,520852
14577213,179,7233,1996,6.398354341943026e-08,1.4621564611153013e-07,0.39343,1.170144,PRT,520853
14583739,179,7234,1996,6.842279360892409e-07,1.0336308238015465e-06,0.39343,1.170144,PRT,520859
14590265,179,7235,1996,6.236978027645238e-07,9.645260485462154e-07,0.39343,1.170144,PRT,520911
14596791,179,7236,1996,3.538711990778497e-07,1.9341124161698466e-06,0.39343,1.170144,PRT,520912
14603317,179,7237,1996,2.3481491636631807e-07,5.748032613966941e-07,0.39343,1.170144,PRT,520919
14609843,179,7238,1996,1.6000658688219423e-07,1.3896952638468063e-07,0.39343,1.170144,PRT,520921
14616369,179,7239,1996,1.255952159357963e-07,9.117141882454742e-07,0.39343,1.170144,PRT,520922
14622895,179,7240,1996,1.7444236230180198e-07,3.4399464440455713e-07,0.39343,1.170144,PRT,520929
14629421,179,7241,1996,5.829990193361052e-07,3.3164558331621053e-06,0.39343,1.170144,PRT,520931
14635947,179,7242,1996,1.5120905799998677e-06,8.544487632644238e-06,0.39343,1.170144,PRT,520932
14642473,179,7243,1996,2.376859498797729e-06,3.4792537352391355e-06,0.39343,1.170144,PRT,520939
14648999,179,7244,1996,2.2913682045830925e-06,7.324569918467553e-07,0.39343,1.170144,PRT,520941
14655525,179,7245,1996,5.310293793218085e-07,1.4628944961245749e-05,0.39343,1.170144,PRT,520942
14662051,179,7246,1996,1.0811013031277938e-06,1.0599200895351469e-06,0.39343,1.170144,PRT,520943
14668577,179,7247,1996,9.552148685976645e-07,9.854305222932575e-07,0.39343,1.170144,PRT,520949
14675103,179,7248,1996,2.679498953050877e-07,1.1552017747363362e-06,0.39343,1.170144,PRT,520951
14681629,179,7249,1996,3.365711175670496e-08,4.3707694020322296e-07,0.39343,1.170144,PRT,520952
14688155,179,7250,1996,3.3742750023883434e-07,1.3567170172630354e-06,0.39343,1.170144,PRT,520959
14694681,179,7251,1996,2.0936919925128054e-07,4.271786935928602e-07,0.39343,1.170144,PRT,521011
14701207,179,7252,1996,1.8276163812929933e-09,5.452901468508052e-08,0.39343,1.170144,PRT,521012
14707733,179,7253,1996,1.396546193531547e-08,1.4732031230782476e-07,0.39343,1.170144,PRT,521019
14714259,179,7254,1996,7.80735535777123e-08,2.7844415666469665e-07,0.39343,1.170144,PRT,521021
14720785,179,7255,1996,1.4776086014234182e-09,5.578846009339723e-08,0.39343,1.170144,PRT,521022
14727311,179,7256,1996,2.6901507049663884e-08,9.082059699173077e-08,0.39343,1.170144,PRT,521029
14733837,179,7257,1996,1.9007422491374323e-07,3.499853622057166e-06,0.39343,1.170144,PRT,521031
14740363,179,7258,1996,5.382846921059101e-08,5.562645564192744e-07,0.39343,1.170144,PRT,521032
14746889,179,7259,1996,1.5243975202215675e-07,1.3448129381234273e-06,0.39343,1.170144,PRT,521039
14753415,179,7260,1996,9.039161525873775e-07,1.2340974123093209e-06,0.39343,1.170144,PRT,521041
14759941,179,7261,1996,6.97124586388539e-08,8.75937652824225e-08,0.39343,1.170144,PRT,521042
14766467,179,7262,1996,1.0700753004693051e-07,6.259400593043743e-07,0.39343,1.170144,PRT,521049
14772993,179,7263,1996,1.0490596818251882e-07,2.5291155247509297e-07,0.39343,1.170144,PRT,521051
14779519,179,7264,1996,3.242526619378736e-08,1.1592598404151336e-07,0.39343,1.170144,PRT,521052
14786045,179,7265,1996,1.2915620417930054e-07,8.124065863666997e-07,0.39343,1.170144,PRT,521059
14792571,179,7266,1996,2.7433034015803483e-08,5.828945352791245e-08,0.39343,1.170144,PRT,521111
14799097,179,7267,1996,4.345551137081997e-10,1.4119708759239024e-08,0.39343,1.170144,PRT,521112
14805623,179,7268,1996,4.465281071130888e-08,1.3834941523758574e-07,0.39343,1.170144,PRT,521119
14812149,179,7269,1996,2.572784459820513e-09,4.085906050981144e-09,0.39343,1.170144,PRT,521121
14818675,179,7270,1996,1.966710382124279e-09,6.785991289911066e-08,0.39343,1.170144,PRT,521122
14825201,179,7271,1996,2.2568986505252358e-08,4.301171785902644e-08,0.39343,1.170144,PRT,521129
14831727,179,7272,1996,1.2909256640114243e-07,7.769886614538186e-07,0.39343,1.170144,PRT,521131
14838253,179,7273,1996,2.8213990768618964e-07,1.8017947501390913e-06,0.39343,1.170144,PRT,521132
14844779,179,7274,1996,3.720079658529095e-07,1.943593057197452e-06,0.39343,1.170144,PRT,521139
14851305,179,7275,1996,2.8335175280454328e-08,1.6641748189393226e-07,0.39343,1.170144,PRT,521141
14857831,179,7276,1996,1.1393586586611501e-08,7.718123408256369e-07,0.39343,1.170144,PRT,521142
14864357,179,7277,1996,2.7276363866719006e-09,3.3000452594917385e-08,0.39343,1.170144,PRT,521143
14870883,179,7278,1996,9.495241360451358e-08,1.6019499299434228e-06,0.39343,1.170144,PRT,521149
14877409,179,7279,1996,2.0324694195543204e-08,1.9444743375502712e-07,0.39343,1.170144,PRT,521151
14883935,179,7280,1996,3.37386287201551e-08,6.157030881657747e-08,0.39343,1.170144,PRT,521152
14890461,179,7281,1996,1.6833707508012896e-07,2.4883923517720154e-07,0.39343,1.170144,PRT,521159
14896987,179,7282,1996,3.357256442286633e-08,1.7744624647476036e-07,0.39343,1.170144,PRT,521211
14903513,179,7283,1996,4.407673730045861e-08,4.544741899211051e-08,0.39343,1.170144,PRT,521212
14910039,179,7284,1996,1.286898301765133e-07,3.547609140476518e-07,0.39343,1.170144,PRT,521213
14916565,179,7285,1996,1.38315195641446e-07,1.337133304029715e-07,0.39343,1.170144,PRT,521214
14923091,179,7286,1996,6.255260252198946e-08,1.6647283120529776e-07,0.39343,1.170144,PRT,521215
14929617,179,7287,1996,7.730171823976615e-09,5.712910658725014e-08,0.39343,1.170144,PRT,521221
14936143,179,7288,1996,1.5530951278004842e-08,9.91017819844153e-09,0.39343,1.170144,PRT,521222
14942669,179,7289,1996,3.8991503055252246e-07,2.485721001774375e-07,0.39343,1.170144,PRT,521223
14949195,179,7290,1996,1.5229429424350965e-08,1.9450510309740793e-07,0.39343,1.170144,PRT,521224
14955721,179,7291,1996,8.112725781818478e-08,8.865865951845449e-08,0.39343,1.170144,PRT,521225
14962247,179,7292,1996,0.0,7.537780768775483e-09,0.39343,1.170144,PRT,530110
14968773,179,7293,1996,0.0,0.0,0.39343,1.170144,PRT,530121
14975299,179,7294,1996,4.856471584579922e-09,7.870141783370217e-08,0.39343,1.170144,PRT,530129
14981825,179,7295,1996,2.181563642667594e-09,1.5230340749573046e-08,0.39343,1.170144,PRT,530130
14988351,179,7296,1996,2.8749123875520856e-09,0.0,0.39343,1.170144,PRT,530210
14994877,179,7297,1996,1.2363911185003171e-09,8.885718788676546e-10,0.39343,1.170144,PRT,530290
15001403,179,7298,1996,0.0,5.2791974320610036e-08,0.39343,1.170144,PRT,530310
15007929,179,7299,1996,8.385640939005092e-09,4.704857182568367e-08,0.39343,1.170144,PRT,530390
15014455,179,7300,1996,1.1681683899444405e-07,2.837863263671735e-06,0.39343,1.170144,PRT,530410
15020981,179,7301,1996,8.38512577603905e-08,2.3637526626699617e-06,0.39343,1.170144,PRT,530490
15027507,179,7302,1996,0.0,2.8690332117955646e-07,0.39343,1.170144,PRT,530511
15034033,179,7303,1996,1.832464973914563e-09,2.8033597624118925e-08,0.39343,1.170144,PRT,530519
15040559,179,7304,1996,0.0,0.0,0.39343,1.170144,PRT,530521
15047085,179,7305,1996,0.0,6.82950844309843e-09,0.39343,1.170144,PRT,530529
15053611,179,7306,1996,0.0,0.0,0.39343,1.170144,PRT,530591
15060137,179,7307,1996,0.0,1.0073574668520513e-08,0.39343,1.170144,PRT,530599
15066663,179,7308,1996,1.9265276707730186e-08,9.08691519265514e-07,0.39343,1.170144,PRT,530610
15073189,179,7309,1996,5.1261745491547464e-09,4.752749251384621e-08,0.39343,1.170144,PRT,530620
15079715,179,7310,1996,0.0,1.6921278783439097e-07,0.39343,1.170144,PRT,530710
15086241,179,7311,1996,0.0,5.607614393929694e-08,0.39343,1.170144,PRT,530720
15092767,179,7312,1996,0.0,1.8141515667596892e-07,0.39343,1.170144,PRT,530810
15099293,179,7313,1996,7.401376636826408e-09,5.569400168777348e-09,0.39343,1.170144,PRT,530820
15105819,179,7314,1996,0.0,6.998870707216809e-09,0.39343,1.170144,PRT,530830
15112345,179,7315,1996,4.882460041031536e-07,3.3221518407377184e-08,0.39343,1.170144,PRT,530890
15118871,179,7316,1996,2.836517594730029e-08,8.80399403899688e-07,0.39343,1.170144,PRT,530911
15125397,179,7317,1996,3.8929047121545644e-08,1.958934428002758e-06,0.39343,1.170144,PRT,530919
15131923,179,7318,1996,2.4391451256884934e-08,2.1082784702219463e-07,0.39343,1.170144,PRT,530921
15138449,179,7319,1996,1.7169805887799344e-07,1.562213433012024e-06,0.39343,1.170144,PRT,530929
15144975,179,7320,1996,2.220352383640153e-09,1.6764544116704107e-07,0.39343,1.170144,PRT,531010
15151501,179,7321,1996,1.097994102858382e-08,6.691599170887751e-08,0.39343,1.170144,PRT,531090
15158027,179,7322,1996,1.0182347542335577e-08,1.4116858435420203e-07,0.39343,1.170144,PRT,531100
15164553,179,7323,1996,6.293924747985576e-07,6.9600986803217784e-06,0.39343,1.170144,PRT,540110
15171079,179,7324,1996,4.7981369546016595e-08,1.2145123733439918e-06,0.39343,1.170144,PRT,540120
15177605,179,7325,1996,3.638735426191095e-07,3.6218398585436983e-06,0.39343,1.170144,PRT,540210
15184131,179,7326,1996,1.9663558287888266e-07,3.1658675914527005e-06,0.39343,1.170144,PRT,540220
15190657,179,7327,1996,2.040574751232391e-06,4.035507022936336e-06,0.39343,1.170144,PRT,540231
15197183,179,7328,1996,2.8528452303831656e-07,2.134932312257954e-07,0.39343,1.170144,PRT,540232
15203709,179,7329,1996,1.1600524519700104e-06,6.33385966844943e-06,0.39343,1.170144,PRT,540233
15210235,179,7330,1996,1.7459145652491526e-07,5.242597285629316e-07,0.39343,1.170144,PRT,540239
15216761,179,7331,1996,1.7268080799497786e-07,6.662520233574729e-06,0.39343,1.170144,PRT,540241
15223287,179,7332,1996,5.477697514218562e-09,1.9285910737863864e-06,0.39343,1.170144,PRT,540242
15229813,179,7333,1996,7.179856561428435e-08,4.96486504705332e-06,0.39343,1.170144,PRT,540243
15236339,179,7334,1996,6.706149062301058e-08,2.5696779527237822e-06,0.39343,1.170144,PRT,540249
15242865,179,7335,1996,3.221920100737064e-08,1.4900564912395382e-07,0.39343,1.170144,PRT,540251
15249391,179,7336,1996,1.009992146776889e-08,1.3122675430405149e-06,0.39343,1.170144,PRT,540252
15255917,179,7337,1996,1.6090357651718464e-08,1.0074668397427736e-07,0.39343,1.170144,PRT,540259
15262443,179,7338,1996,3.2104410577054977e-07,6.359006153191484e-08,0.39343,1.170144,PRT,540261
15268969,179,7339,1996,1.991353354123408e-07,9.40343370974526e-07,0.39343,1.170144,PRT,540262
15275495,179,7340,1996,3.7746354166329215e-07,4.311022306160692e-06,0.39343,1.170144,PRT,540269
15282021,179,7341,1996,2.34793097699521e-09,5.039623075026982e-06,0.39343,1.170144,PRT,540310
15288547,179,7342,1996,1.496760542278619e-08,5.359457247870996e-07,0.39343,1.170144,PRT,540320
15295073,179,7343,1996,3.9904462742189965e-07,4.111862889413549e-06,0.39343,1.170144,PRT,540331
15301599,179,7344,1996,6.483386535043808e-08,1.4850906305677464e-06,0.39343,1.170144,PRT,540332
15308125,179,7345,1996,1.5496344448168387e-07,1.0677193709426491e-06,0.39343,1.170144,PRT,540333
15314651,179,7346,1996,0.0,1.5316635960352893e-06,0.39343,1.170144,PRT,540339
15321177,179,7347,1996,1.9123758410588116e-08,1.4795563622972009e-06,0.39343,1.170144,PRT,540341
15327703,179,7348,1996,0.0,4.715363608737746e-08,0.39343,1.170144,PRT,540342
15334229,179,7349,1996,2.383992384618136e-09,8.066548980467187e-08,0.39343,1.170144,PRT,540349
15340755,179,7350,1996,1.0660079373338857e-06,5.803892332155809e-07,0.39343,1.170144,PRT,540410
15347281,179,7351,1996,1.9353702915666067e-07,4.3525505299019215e-07,0.39343,1.170144,PRT,540490
15353807,179,7352,1996,6.054680036185376e-10,3.07251650348926e-08,0.39343,1.170144,PRT,540500
15360333,179,7353,1996,6.931517708092403e-08,1.135161346826e-07,0.39343,1.170144,PRT,540610
15366859,179,7354,1996,3.392196612865821e-09,2.1690964261235556e-08,0.39343,1.170144,PRT,540620
15373385,179,7355,1996,1.3299235005407885e-07,1.7352446604646301e-06,0.39343,1.170144,PRT,540710
15379911,179,7356,1996,1.2719434238979783e-06,7.792679262098697e-07,0.39343,1.170144,PRT,540720
15386437,179,7357,1996,3.381893353544985e-10,2.8249691941545895e-08,0.39343,1.170144,PRT,540730
15392963,179,7358,1996,8.600282073621213e-08,2.296764418566607e-07,0.39343,1.170144,PRT,540741
15399489,179,7359,1996,3.137669743196511e-07,3.3059212351875403e-06,0.39343,1.170144,PRT,540742
15406015,179,7360,1996,2.822183942792513e-09,2.2237828714846758e-07,0.39343,1.170144,PRT,540743
15412541,179,7361,1996,8.333518568323215e-09,5.493511954266222e-07,0.39343,1.170144,PRT,540744
15419067,179,7362,1996,6.967945790532336e-07,2.9835698286919037e-07,0.39343,1.170144,PRT,540751
15425593,179,7363,1996,6.849231030563586e-07,8.377282665937106e-06,0.39343,1.170144,PRT,540752
15432119,179,7364,1996,7.09536983499758e-08,2.0517005367173357e-06,0.39343,1.170144,PRT,540753
15438645,179,7365,1996,1.8579928140671284e-07,2.9413412870170487e-06,0.39343,1.170144,PRT,540754
15445171,179,7366,1996,4.022882146709144e-06,6.651120595464452e-06,0.39343,1.170144,PRT,540760
15451697,179,7367,1996,3.005697112778156e-07,1.468039396904149e-07,0.39343,1.170144,PRT,540771
15458223,179,7368,1996,1.8841600623716635e-07,3.6257504365365215e-06,0.39343,1.170144,PRT,540772
15464749,179,7369,1996,9.421421537787955e-08,8.20972140875262e-07,0.39343,1.170144,PRT,540773
15471275,179,7370,1996,1.122391614856044e-07,7.132948613922187e-07,0.39343,1.170144,PRT,540774
15477801,179,7371,1996,3.014066995791141e-08,2.391096879649528e-07,0.39343,1.170144,PRT,540781
15484327,179,7372,1996,5.306451283565491e-08,1.5697667911319024e-06,0.39343,1.170144,PRT,540782
15490853,179,7373,1996,2.392098625407323e-07,2.015023166396138e-07,0.39343,1.170144,PRT,540783
15497379,179,7374,1996,2.341536895475515e-08,9.749191246288458e-07,0.39343,1.170144,PRT,540784
15503905,179,7375,1996,1.5269127276440068e-08,9.985612349739657e-08,0.39343,1.170144,PRT,540791
15510431,179,7376,1996,2.866721296392021e-07,1.4227374769999992e-06,0.39343,1.170144,PRT,540792
15516957,179,7377,1996,4.553676975362884e-08,3.943161171268533e-07,0.39343,1.170144,PRT,540793
15523483,179,7378,1996,9.76261093982705e-08,9.616594845102861e-07,0.39343,1.170144,PRT,540794
15530009,179,7379,1996,1.2524338993369364e-07,8.788840922136817e-08,0.39343,1.170144,PRT,540810
15536535,179,7380,1996,1.1516068096973132e-06,1.0121234734235234e-07,0.39343,1.170144,PRT,540821
15543061,179,7381,1996,6.53573618350482e-07,6.315650076443184e-06,0.39343,1.170144,PRT,540822
15549587,179,7382,1996,5.537607936798834e-08,1.198686778922488e-06,0.39343,1.170144,PRT,540823
15556113,179,7383,1996,3.1380849039397324e-07,1.3624107048076336e-06,0.39343,1.170144,PRT,540824
15562639,179,7384,1996,3.4568647169560094e-08,1.3533304348466723e-07,0.39343,1.170144,PRT,540831
15569165,179,7385,1996,2.0391059307050942e-07,1.9516830053478734e-06,0.39343,1.170144,PRT,540832
15575691,179,7386,1996,5.229085927547567e-08,5.187877696967977e-07,0.39343,1.170144,PRT,540833
15582217,179,7387,1996,9.684397080100351e-08,2.236159905518407e-06,0.39343,1.170144,PRT,540834
15588743,179,7388,1996,3.286012434453441e-08,1.3678571433325989e-08,0.39343,1.170144,PRT,550110
15595269,179,7389,1996,6.637541476705844e-08,1.9385416868110953e-07,0.39343,1.170144,PRT,550120
15601795,179,7390,1996,7.901895944039949e-06,1.8952946515205147e-06,0.39343,1.170144,PRT,550130
15608321,179,7391,1996,3.7138098221953274e-08,3.6280645017578027e-08,0.39343,1.170144,PRT,550190
15614847,179,7392,1996,1.7846154254804454e-08,2.8304093354525135e-06,0.39343,1.170144,PRT,550200
15621373,179,7393,1996,5.3591494246211784e-08,5.187536320975722e-07,0.39343,1.170144,PRT,550310
15627899,179,7394,1996,8.127168527089979e-07,4.061393929005279e-06,0.39343,1.170144,PRT,550320
15634425,179,7395,1996,4.181036571209898e-06,3.588322370465367e-07,0.39343,1.170144,PRT,550330
15640951,179,7396,1996,4.2877316700697764e-08,2.104480248016865e-07,0.39343,1.170144,PRT,550340
15647477,179,7397,1996,0.0,2.3555937764550847e-08,0.39343,1.170144,PRT,550390
15654003,179,7398,1996,2.7302425052059944e-08,2.215879188681484e-06,0.39343,1.170144,PRT,550410
15660529,179,7399,1996,3.625232095740023e-08,1.883503591034653e-06,0.39343,1.170144,PRT,550490
15667055,179,7400,1996,1.6355878705157185e-07,4.2578601211766367e-07,0.39343,1.170144,PRT,550510
15673581,179,7401,1996,0.0,4.495988104589107e-08,0.39343,1.170144,PRT,550520
15680107,179,7402,1996,7.533500785764187e-10,1.2825098309390109e-07,0.39343,1.170144,PRT,550610
15686633,179,7403,1996,7.696625623776128e-08,1.0335320567668943e-06,0.39343,1.170144,PRT,550620
15693159,179,7404,1996,9.592934441035212e-07,5.258847445726623e-07,0.39343,1.170144,PRT,550630
15699685,179,7405,1996,4.9316247702142554e-08,1.2547390596856274e-08,0.39343,1.170144,PRT,550690
15706211,179,7406,1996,0.0,7.430104815024448e-07,0.39343,1.170144,PRT,550700
15712737,179,7407,1996,6.846809764623188e-07,3.835509412126658e-06,0.39343,1.170144,PRT,550810
15719263,179,7408,1996,1.028174369107776e-07,2.630981457973598e-08,0.39343,1.170144,PRT,550820
15725789,179,7409,1996,1.8083129219183684e-08,3.944152155945077e-08,0.39343,1.170144,PRT,550911
15732315,179,7410,1996,7.859932284011379e-08,1.0015839039539257e-07,0.39343,1.170144,PRT,550912
15738841,179,7411,1996,3.199555967270073e-08,1.1545216742158451e-06,0.39343,1.170144,PRT,550921
15745367,179,7412,1996,4.2700040032971616e-08,1.1743900883980457e-06,0.39343,1.170144,PRT,550922
15751893,179,7413,1996,1.8848464412646543e-06,1.4662566187853766e-06,0.39343,1.170144,PRT,550931
15758419,179,7414,1996,7.603105363217212e-07,6.746713164821695e-07,0.39343,1.170144,PRT,550932
15764945,179,7415,1996,2.788383191479394e-07,1.6992404305708772e-07,0.39343,1.170144,PRT,550941
15771471,179,7416,1996,4.9915958002022974e-08,1.0318238510736142e-07,0.39343,1.170144,PRT,550942
15777997,179,7417,1996,1.677061519652472e-07,7.880522264998765e-07,0.39343,1.170144,PRT,550951
15784523,179,7418,1996,3.481601630437181e-06,8.572693575429495e-07,0.39343,1.170144,PRT,550952
15791049,179,7419,1996,5.041472666426309e-07,2.2792894146664114e-05,0.39343,1.170144,PRT,550953
15797575,179,7420,1996,2.0631367678857496e-08,5.8449204234967365e-08,0.39343,1.170144,PRT,550959
15804101,179,7421,1996,3.0711319005766297e-07,7.959628693961142e-07,0.39343,1.170144,PRT,550961
15810627,179,7422,1996,4.507221397307467e-08,1.1343208327324496e-06,0.39343,1.170144,PRT,550962
15817153,179,7423,1996,3.294658081171778e-07,3.1229639207523876e-07,0.39343,1.170144,PRT,550969
15823679,179,7424,1996,1.7145835658026458e-09,8.971649423153987e-07,0.39343,1.170144,PRT,550991
15830205,179,7425,1996,1.010931561597318e-09,2.228754366517505e-08,0.39343,1.170144,PRT,550992
15836731,179,7426,1996,0.0,1.750711975810768e-07,0.39343,1.170144,PRT,550999
15843257,179,7427,1996,6.522781350094062e-08,2.5113053095123208e-06,0.39343,1.170144,PRT,551011
15849783,179,7428,1996,1.3697577192973733e-08,2.27095573068618e-07,0.39343,1.170144,PRT,551012
15856309,179,7429,1996,6.45165855707641e-10,5.616728801489881e-08,0.39343,1.170144,PRT,551020
15862835,179,7430,1996,2.2299283540677532e-08,1.8753539849438373e-07,0.39343,1.170144,PRT,551030
15869361,179,7431,1996,2.762152305396701e-08,1.9146420530232748e-07,0.39343,1.170144,PRT,551090
15875887,179,7432,1996,4.772469717411224e-08,6.479084329884417e-08,0.39343,1.170144,PRT,551110
15882413,179,7433,1996,5.04999103758833e-08,1.0158189513979264e-07,0.39343,1.170144,PRT,551120
15888939,179,7434,1996,1.665040040321367e-07,2.937371382516834e-07,0.39343,1.170144,PRT,551130
15895465,179,7435,1996,1.6280937645450046e-07,2.540874767668581e-07,0.39343,1.170144,PRT,551211
15901991,179,7436,1996,4.5123790877086625e-07,3.842568935073275e-06,0.39343,1.170144,PRT,551219
15908517,179,7437,1996,7.067429820015783e-09,1.306999415470727e-07,0.39343,1.170144,PRT,551221
15915043,179,7438,1996,1.1710108773688359e-07,6.791788053119345e-07,0.39343,1.170144,PRT,551229
15921569,179,7439,1996,8.040021135458038e-07,9.014811943029009e-08,0.39343,1.170144,PRT,551291
15928095,179,7440,1996,9.545697027419569e-08,6.285345168455066e-07,0.39343,1.170144,PRT,551299
15934621,179,7441,1996,1.2751950113248184e-07,4.047025976927401e-06,0.39343,1.170144,PRT,551311
15941147,179,7442,1996,1.1731169847888304e-08,1.4533005712968217e-08,0.39343,1.170144,PRT,551312
15947673,179,7443,1996,5.205812682964031e-08,1.919285429383937e-07,0.39343,1.170144,PRT,551313
15954199,179,7444,1996,5.826311323709436e-08,1.3235876372302668e-07,0.39343,1.170144,PRT,551319
15960725,179,7445,1996,1.9801955303530202e-07,2.1408198881088323e-06,0.39343,1.170144,PRT,551321
15967251,179,7446,1996,2.5992698970158384e-08,9.645893522496335e-08,0.39343,1.170144,PRT,551322
15973777,179,7447,1996,1.0799512775653652e-07,3.986641866825656e-07,0.39343,1.170144,PRT,551323
15980303,179,7448,1996,8.069330877855428e-08,2.810903177541705e-07,0.39343,1.170144,PRT,551329
15986829,179,7449,1996,3.358974662296902e-07,6.789139903431858e-07,0.39343,1.170144,PRT,551331
15993355,179,7450,1996,5.1466901566847635e-08,1.1209892716524152e-07,0.39343,1.170144,PRT,551332
15999881,179,7451,1996,0.0,1.3005298432680053e-07,0.39343,1.170144,PRT,551333
16006407,179,7452,1996,1.0450232284677313e-07,1.1469272184036955e-07,0.39343,1.170144,PRT,551339
16012933,179,7453,1996,4.427298408681665e-07,1.6492851913159996e-06,0.39343,1.170144,PRT,551341
16019459,179,7454,1996,1.6279149726920841e-09,1.2472818171363838e-08,0.39343,1.170144,PRT,551342
16025985,179,7455,1996,9.121869424886592e-08,2.903270240921648e-07,0.39343,1.170144,PRT,551343
16032511,179,7456,1996,9.737913421160929e-08,2.239631997649335e-07,0.39343,1.170144,PRT,551349
16039037,179,7457,1996,3.152464011433076e-08,3.7225427933616866e-07,0.39343,1.170144,PRT,551411
16045563,179,7458,1996,6.472871149795778e-09,8.232325139501883e-07,0.39343,1.170144,PRT,551412
16052089,179,7459,1996,1.3030592670469029e-09,4.401960561868199e-08,0.39343,1.170144,PRT,551413
16058615,179,7460,1996,4.3607332927282875e-08,1.5641715391889545e-07,0.39343,1.170144,PRT,551419
16065141,179,7461,1996,2.1329686231179098e-07,2.2015145509336277e-06,0.39343,1.170144,PRT,551421
16071667,179,7462,1996,1.3902096890492328e-07,3.0371847511569478e-06,0.39343,1.170144,PRT,551422
16078193,179,7463,1996,4.5095396306546556e-07,2.2257847268178949e-07,0.39343,1.170144,PRT,551423
16084719,179,7464,1996,1.381733743072651e-07,5.381225767454745e-07,0.39343,1.170144,PRT,551429
16091245,179,7465,1996,2.4232690152232404e-07,1.5497376319436405e-07,0.39343,1.170144,PRT,551431
16097771,179,7466,1996,6.988034115837576e-10,5.581994622860515e-08,0.39343,1.170144,PRT,551432
16104297,179,7467,1996,2.447902896111204e-08,5.936661078502543e-08,0.39343,1.170144,PRT,551433
16110823,179,7468,1996,2.2007458872266797e-08,1.865235335387019e-07,0.39343,1.170144,PRT,551439
16117349,179,7469,1996,1.1957659730723386e-07,1.6819760854868729e-07,0.39343,1.170144,PRT,551441
16123875,179,7470,1996,6.7877266331589715e-09,2.203466028450514e-08,0.39343,1.170144,PRT,551442
16130401,179,7471,1996,1.747360051924458e-07,3.198795791653141e-07,0.39343,1.170144,PRT,551443
16136927,179,7472,1996,1.0392261299145668e-07,2.6207269208858825e-07,0.39343,1.170144,PRT,551449
16143453,179,7473,1996,1.1697906078208022e-05,5.13654303355799e-06,0.39343,1.170144,PRT,551511
16149979,179,7474,1996,1.1883182317685683e-06,3.667860325196593e-06,0.39343,1.170144,PRT,551512
16156505,179,7475,1996,1.9034026719088877e-05,1.0969259099615135e-05,0.39343,1.170144,PRT,551513
16163031,179,7476,1996,8.16637242880576e-07,1.919464071772117e-06,0.39343,1.170144,PRT,551519
16169557,179,7477,1996,6.442203801464349e-08,1.8180657905155367e-07,0.39343,1.170144,PRT,551521
16176083,179,7478,1996,6.1474093700729e-08,2.0041521639243518e-07,0.39343,1.170144,PRT,551522
16182609,179,7479,1996,4.5817988125679887e-08,2.9037143611445807e-07,0.39343,1.170144,PRT,551529
16189135,179,7480,1996,2.8087594019715416e-08,7.009572678857479e-07,0.39343,1.170144,PRT,551591
16195661,179,7481,1996,1.5007909348952992e-08,4.1525903710214914e-08,0.39343,1.170144,PRT,551592
16202187,179,7482,1996,4.6179208275986846e-08,3.098391477970124e-07,0.39343,1.170144,PRT,551599
16208713,179,7483,1996,1.0342272309217282e-06,5.956344884502525e-07,0.39343,1.170144,PRT,551611
16215239,179,7484,1996,3.798969290852425e-07,3.655190967254931e-06,0.39343,1.170144,PRT,551612
16221765,179,7485,1996,2.2308374651842976e-07,1.1115570198431295e-06,0.39343,1.170144,PRT,551613
16228291,179,7486,1996,1.3036262493465876e-06,2.1327720319496887e-06,0.39343,1.170144,PRT,551614
16234817,179,7487,1996,7.461681007557183e-09,4.4891970423742626e-07,0.39343,1.170144,PRT,551621
16241343,179,7488,1996,2.9640931577146977e-07,4.5907501028428645e-06,0.39343,1.170144,PRT,551622
16247869,179,7489,1996,3.566642914649128e-07,1.2069411178419952e-06,0.39343,1.170144,PRT,551623
16254395,179,7490,1996,3.067607579814826e-07,1.2107638660892386e-06,0.39343,1.170144,PRT,551624
16260921,179,7491,1996,5.946192776277751e-09,8.877830683224457e-08,0.39343,1.170144,PRT,551631
16267447,179,7492,1996,3.238923508986832e-07,8.097846198863856e-07,0.39343,1.170144,PRT,551632
16273973,179,7493,1996,3.377408405370033e-08,9.891359432577261e-07,0.39343,1.170144,PRT,551633
16280499,179,7494,1996,5.374361883971354e-09,4.4306626598577326e-08,0.39343,1.170144,PRT,551634
16287025,179,7495,1996,1.7321597140558363e-08,2.610760730510071e-07,0.39343,1.170144,PRT,551641
16293551,179,7496,1996,4.6962649932520883e-07,6.443107277496844e-07,0.39343,1.170144,PRT,551642
16300077,179,7497,1996,7.201650985262392e-07,5.665509110752e-07,0.39343,1.170144,PRT,551643
16306603,179,7498,1996,1.5681863723351205e-08,3.238948899868291e-07,0.39343,1.170144,PRT,551644
16313129,179,7499,1996,1.1506013328024153e-08,1.223100465296703e-07,0.39343,1.170144,PRT,551691
16319655,179,7500,1996,1.1390283482888056e-07,1.6908217008822845e-06,0.39343,1.170144,PRT,551692
16326181,179,7501,1996,4.984080481638864e-08,1.3012122638195116e-06,0.39343,1.170144,PRT,551693
16332707,179,7502,1996,3.321710197629749e-08,4.237549906802519e-07,0.39343,1.170144,PRT,551694
16339233,179,7503,1996,4.819107117689949e-08,4.3952391005838143e-07,0.39343,1.170144,PRT,560110
16345759,179,7504,1996,7.251746038154374e-07,4.954088171554156e-07,0.39343,1.170144,PRT,560121
16352285,179,7505,1996,1.745293339319514e-07,1.14253473682569e-06,0.39343,1.170144,PRT,560122
16358811,179,7506,1996,1.2720282742688556e-08,5.3924480889088505e-08,0.39343,1.170144,PRT,560129
16365337,179,7507,1996,1.510336601619015e-09,7.674231735776533e-08,0.39343,1.170144,PRT,560130
16371863,179,7508,1996,3.384769175043654e-07,3.2392839786335033e-06,0.39343,1.170144,PRT,560210
16378389,179,7509,1996,2.4040231328859966e-08,5.770964463388371e-07,0.39343,1.170144,PRT,560221
16384915,179,7510,1996,1.696825595326146e-08,7.330933432109573e-08,0.39343,1.170144,PRT,560229
16391441,179,7511,1996,2.4094777995852626e-08,4.044493497357677e-07,0.39343,1.170144,PRT,560290
16397967,179,7512,1996,1.2435979453582031e-06,1.4500530250248766e-05,0.39343,1.170144,PRT,560300
16404493,179,7513,1996,5.3153908762115106e-08,8.46174969227688e-08,0.39343,1.170144,PRT,560410
16411019,179,7514,1996,6.567358098508621e-08,1.3073541813562696e-05,0.39343,1.170144,PRT,560420
16417545,179,7515,1996,6.97212467129805e-08,3.797304135665371e-07,0.39343,1.170144,PRT,560490
16424071,179,7516,1996,2.2346072459475683e-07,1.3971359347459405e-07,0.39343,1.170144,PRT,560500
16430597,179,7517,1996,2.7006960908812643e-06,3.546890262294771e-06,0.39343,1.170144,PRT,560600
16437123,179,7518,1996,1.951600955367312e-07,8.168597201841058e-08,0.39343,1.170144,PRT,560710
16443649,179,7519,1996,5.583025612996196e-06,2.1296558988631114e-08,0.39343,1.170144,PRT,560721
16450175,179,7520,1996,2.1991255481799587e-06,3.25898071052057e-08,0.39343,1.170144,PRT,560729
16456701,179,7521,1996,1.1326160845467795e-07,1.0979381063501975e-08,0.39343,1.170144,PRT,560730
16463227,179,7522,1996,8.958453368280317e-06,2.3953988800179363e-08,0.39343,1.170144,PRT,560741
16469753,179,7523,1996,1.1788523243934776e-05,2.7332152818286954e-07,0.39343,1.170144,PRT,560749
16476279,179,7524,1996,6.701530777829013e-07,9.632434028277456e-07,0.39343,1.170144,PRT,560750
16482805,179,7525,1996,1.3674516074317392e-07,5.765906795774973e-08,0.39343,1.170144,PRT,560790
16489331,179,7526,1996,3.922059905662142e-06,5.833058436348406e-07,0.39343,1.170144,PRT,560811
16495857,179,7527,1996,1.83291043836167e-06,1.817880188034311e-07,0.39343,1.170144,PRT,560819
16502383,179,7528,1996,2.1272442534540688e-07,3.9320879946654116e-08,0.39343,1.170144,PRT,560890
16508909,179,7529,1996,2.1957942620119014e-07,4.782634565191967e-07,0.39343,1.170144,PRT,560900
16515435,179,7530,1996,1.0283955861461351e-07,1.7221825544153748e-06,0.39343,1.170144,PRT,570110
16521961,179,7531,1996,1.301692570001698e-07,1.8888101648326947e-07,0.39343,1.170144,PRT,570190
16528487,179,7532,1996,2.2260040244146703e-07,1.2769112646660408e-06,0.39343,1.170144,PRT,570210
16535013,179,7533,1996,1.0288859000749913e-06,1.1772102518136685e-07,0.39343,1.170144,PRT,570220
16541539,179,7534,1996,6.931502556240461e-07,6.069177935767614e-07,0.39343,1.170144,PRT,570231
16548065,179,7535,1996,3.8235819591476695e-07,3.1482522588193786e-07,0.39343,1.170144,PRT,570232
16554591,179,7536,1996,6.115393506918597e-07,1.1317641585535668e-07,0.39343,1.170144,PRT,570239
16561117,179,7537,1996,3.753680405396574e-06,7.91952530069632e-07,0.39343,1.170144,PRT,570241
16567643,179,7538,1996,1.1554014394977694e-07,2.1727418577146282e-06,0.39343,1.170144,PRT,570242
16574169,179,7539,1996,3.47286507260719e-07,8.978818318991327e-08,0.39343,1.170144,PRT,570249
16580695,179,7540,1996,3.30137641232304e-08,2.0125871338300517e-07,0.39343,1.170144,PRT,570251
16587221,179,7541,1996,1.168919921800784e-07,1.0593062756150936e-07,0.39343,1.170144,PRT,570252
16593747,179,7542,1996,1.434347033757461e-07,2.003154550587764e-07,0.39343,1.170144,PRT,570259
16600273,179,7543,1996,9.699639843154411e-08,9.342400322392228e-08,0.39343,1.170144,PRT,570291
16606799,179,7544,1996,9.73152540038201e-07,1.6773227661361447e-07,0.39343,1.170144,PRT,570292
16613325,179,7545,1996,1.5590867761325892e-06,2.126059850789365e-07,0.39343,1.170144,PRT,570299
16619851,179,7546,1996,1.8946784779900816e-06,3.816722795263601e-07,0.39343,1.170144,PRT,570310
16626377,179,7547,1996,5.392598652969233e-07,3.255964670200654e-06,0.39343,1.170144,PRT,570320
16632903,179,7548,1996,1.7619558309005776e-06,5.032293102750579e-07,0.39343,1.170144,PRT,570330
16639429,179,7549,1996,5.590181832668595e-07,1.2709494478226722e-07,0.39343,1.170144,PRT,570390
16645955,179,7550,1996,0.0,4.2658078845691196e-08,0.39343,1.170144,PRT,570410
16652481,179,7551,1996,3.183888952361625e-08,1.4235531336183855e-06,0.39343,1.170144,PRT,570490
16659007,179,7552,1996,5.199488299963271e-07,1.5906000067834738e-06,0.39343,1.170144,PRT,570500
16665533,179,7553,1996,1.9859411126095806e-07,2.656077564899319e-07,0.39343,1.170144,PRT,580110
16672059,179,7554,1996,2.605148815569492e-08,1.5718176985494455e-07,0.39343,1.170144,PRT,580121
16678585,179,7555,1996,3.7457711386826385e-07,6.315287820171792e-06,0.39343,1.170144,PRT,580122
16685111,179,7556,1996,3.2581936342871836e-08,4.3178428659127306e-08,0.39343,1.170144,PRT,580123
16691637,179,7557,1996,0.0,2.963011039566144e-08,0.39343,1.170144,PRT,580124
16698163,179,7558,1996,1.7582199902856579e-06,7.2314140445424e-07,0.39343,1.170144,PRT,580125
16704689,179,7559,1996,0.0,2.12736901114801e-08,0.39343,1.170144,PRT,580126
16711215,179,7560,1996,8.387053091606124e-07,1.8343822372132816e-08,0.39343,1.170144,PRT,580131
16717741,179,7561,1996,5.2982995872204765e-09,9.607811870544864e-08,0.39343,1.170144,PRT,580132
16724267,179,7562,1996,1.4462079034579764e-07,4.8908242400963945e-08,0.39343,1.170144,PRT,580133
16730793,179,7563,1996,2.9047312321747403e-08,1.0257851417737378e-08,0.39343,1.170144,PRT,580134
16737319,179,7564,1996,2.505154774749662e-06,1.1233470860299848e-06,0.39343,1.170144,PRT,580135
16743845,179,7565,1996,0.0,2.8061437996302767e-08,0.39343,1.170144,PRT,580136
16750371,179,7566,1996,4.209487506639192e-08,3.303525306014719e-08,0.39343,1.170144,PRT,580190
16756897,179,7567,1996,8.115419781093837e-07,4.8554934820630885e-09,0.39343,1.170144,PRT,580211
16763423,179,7568,1996,2.330163915407545e-07,9.860198101711488e-08,0.39343,1.170144,PRT,580219
16769949,179,7569,1996,3.982815801580801e-09,4.0440792061049414e-08,0.39343,1.170144,PRT,580220
16776475,179,7570,1996,5.859948435021577e-08,1.3701771743479191e-08,0.39343,1.170144,PRT,580230
16783001,179,7571,1996,3.480471302282278e-08,5.066848307558763e-08,0.39343,1.170144,PRT,580310
16789527,179,7572,1996,5.334633728178366e-08,4.428809949375498e-07,0.39343,1.170144,PRT,580390
16796053,179,7573,1996,1.0933576361640059e-07,2.849627809517422e-07,0.39343,1.170144,PRT,580410
16802579,179,7574,1996,8.7858619562118e-08,8.306224755999877e-07,0.39343,1.170144,PRT,580421
16809105,179,7575,1996,7.480408696557997e-08,3.3053382445366903e-07,0.39343,1.170144,PRT,580429
16815631,179,7576,1996,1.1463285105546568e-08,2.532545856323582e-08,0.39343,1.170144,PRT,580430
16822157,179,7577,1996,2.855293769657058e-07,2.3340738316229785e-07,0.39343,1.170144,PRT,580500
16828683,179,7578,1996,3.814539333908442e-08,5.467656865765489e-07,0.39343,1.170144,PRT,580610
16835209,179,7579,1996,1.921163915185407e-07,1.993406443127393e-06,0.39343,1.170144,PRT,580620
16841735,179,7580,1996,1.5374069002993172e-07,6.72319136465637e-07,0.39343,1.170144,PRT,580631
16848261,179,7581,1996,4.2709070536729287e-07,2.385411809362987e-06,0.39343,1.170144,PRT,580632
16854787,179,7582,1996,7.501500074461826e-08,3.6788831239833817e-07,0.39343,1.170144,PRT,580639
16861313,179,7583,1996,1.832464973914563e-09,1.0891783321023527e-07,0.39343,1.170144,PRT,580640
16867839,179,7584,1996,3.7795870418477e-07,1.7741383232714631e-06,0.39343,1.170144,PRT,580710
16874365,179,7585,1996,3.6843849257231754e-08,3.525194326538503e-07,0.39343,1.170144,PRT,580790
16880891,179,7586,1996,7.016246864154337e-08,2.616322176286796e-07,0.39343,1.170144,PRT,580810
16887417,179,7587,1996,1.9687043658398994e-07,7.518435024437734e-07,0.39343,1.170144,PRT,580890
16893943,179,7588,1996,0.0,9.2797926282788e-09,0.39343,1.170144,PRT,580900
16900469,179,7589,1996,2.7722434387903434e-08,1.1907824332532919e-06,0.39343,1.170144,PRT,581010
16906995,179,7590,1996,9.588000998042765e-08,4.286068383992909e-07,0.39343,1.170144,PRT,581091
16913521,179,7591,1996,4.1054791341657417e-07,2.1687792447404614e-06,0.39343,1.170144,PRT,581092
16920047,179,7592,1996,8.11230152996409e-08,4.971491718499079e-07,0.39343,1.170144,PRT,581099
16926573,179,7593,1996,6.641632476730294e-08,4.499779698134145e-07,0.39343,1.170144,PRT,581100
16933099,179,7594,1996,1.0632054507986184e-08,1.3962211796599e-07,0.39343,1.170144,PRT,590110
16939625,179,7595,1996,6.051649665796895e-09,1.655501217272047e-07,0.39343,1.170144,PRT,590190
16946151,179,7596,1996,2.059674266679871e-06,1.3685796672773701e-07,0.39343,1.170144,PRT,590210
16952677,179,7597,1996,9.522214687279228e-07,5.815356599701513e-08,0.39343,1.170144,PRT,590220
16959203,179,7598,1996,5.599829622874402e-06,5.118498826619836e-07,0.39343,1.170144,PRT,590290
16965729,179,7599,1996,4.9116040221686765e-06,4.0586503266131614e-06,0.39343,1.170144,PRT,590310
16972255,179,7600,1996,1.8554921524225538e-06,2.181792364991993e-05,0.39343,1.170144,PRT,590320
16978781,179,7601,1996,7.395821967904322e-07,1.3845343879965265e-05,0.39343,1.170144,PRT,590390
16985307,179,7602,1996,4.22433632154275e-10,6.044973383617779e-07,0.39343,1.170144,PRT,590410
16991833,179,7603,1996,0.0,1.425625915614073e-08,0.39343,1.170144,PRT,590491
16998359,179,7604,1996,3.7976601708446014e-08,4.0279715621985755e-08,0.39343,1.170144,PRT,590492
17004885,179,7605,1996,1.7112501583753163e-08,1.8574566028256525e-07,0.39343,1.170144,PRT,590500
17011411,179,7606,1996,4.206972299216753e-08,3.1123597218473632e-06,0.39343,1.170144,PRT,590610
17017937,179,7607,1996,1.877920529741781e-09,1.507486552824637e-07,0.39343,1.170144,PRT,590691
17024463,179,7608,1996,1.0216802853652609e-07,6.244008844422103e-07,0.39343,1.170144,PRT,590699
17030989,179,7609,1996,2.5785754976329004e-07,1.8696881377714231e-06,0.39343,1.170144,PRT,590700
17037515,179,7610,1996,3.461895131800888e-09,1.7460619707900617e-07,0.39343,1.170144,PRT,590800
17044041,179,7611,1996,4.50194855283151e-08,1.9425685977876866e-07,0.39343,1.170144,PRT,590900
17050567,179,7612,1996,1.6106721651816265e-08,4.104197838371933e-07,0.39343,1.170144,PRT,591000
17057093,179,7613,1996,2.71700281697872e-07,5.199242534613024e-07,0.39343,1.170144,PRT,591110
17063619,179,7614,1996,9.61385005745651e-09,5.327676137291131e-07,0.39343,1.170144,PRT,591120
17070145,179,7615,1996,3.5943526214813996e-08,1.056117558701037e-06,0.39343,1.170144,PRT,591131
17076671,179,7616,1996,8.672889748129223e-08,2.829341789752464e-06,0.39343,1.170144,PRT,591132
17083197,179,7617,1996,2.929065106394244e-08,4.6882855324589365e-08,0.39343,1.170144,PRT,591140
17089723,179,7618,1996,1.493345314850801e-06,8.134310457764647e-07,0.39343,1.170144,PRT,591190
17096249,179,7619,1996,5.913879936825376e-07,2.4116036337939437e-06,0.39343,1.170144,PRT,600110
17102775,179,7620,1996,1.870577942290491e-07,2.7768086646065633e-07,0.39343,1.170144,PRT,600121
17109301,179,7621,1996,2.995005966047594e-08,3.5325090528968053e-06,0.39343,1.170144,PRT,600122
17115827,179,7622,1996,3.726446466715294e-09,1.1276590293884586e-06,0.39343,1.170144,PRT,600129
17122353,179,7623,1996,5.09749512379816e-07,4.27079926558208e-07,0.39343,1.170144,PRT,600191
17128879,179,7624,1996,3.867716273485509e-07,3.2908407021549566e-06,0.39343,1.170144,PRT,600192
17135405,179,7625,1996,1.2314122199520425e-07,1.4275879989870296e-07,0.39343,1.170144,PRT,600199
17141931,179,7626,1996,3.352438153368948e-08,1.6446073459231096e-06,0.39343,1.170144,PRT,600210
17148457,179,7627,1996,3.514696305449784e-07,1.7354286057808448e-06,0.39343,1.170144,PRT,600220
17154983,179,7628,1996,2.2013731738970953e-07,1.4549349668605144e-05,0.39343,1.170144,PRT,600230
17161509,179,7629,1996,3.1049175000378064e-09,3.8160533005991805e-08,0.39343,1.170144,PRT,600241
17168035,179,7630,1996,3.782223464085678e-07,6.524467450874102e-07,0.39343,1.170144,PRT,600242
17174561,179,7631,1996,3.2172409058202103e-06,7.888533000661664e-06,0.39343,1.170144,PRT,600243
17181087,179,7632,1996,4.661679376008352e-08,1.0040762801303841e-07,0.39343,1.170144,PRT,600249
17187613,179,7633,1996,7.668352268051599e-09,2.855590289226795e-07,0.39343,1.170144,PRT,600291
17194139,179,7634,1996,1.782070823465238e-06,9.441396708681946e-06,0.39343,1.170144,PRT,600292
17200665,179,7635,1996,1.065999452296798e-06,9.145747533440638e-06,0.39343,1.170144,PRT,600293
17207191,179,7636,1996,1.294395438106235e-07,2.464174542302094e-07,0.39343,1.170144,PRT,600299
17213717,179,7637,1996,7.95857084015644e-08,3.2461741393160023e-07,0.39343,1.170144,PRT,610110
17220243,179,7638,1996,1.0176029220075594e-06,2.395819799930716e-07,0.39343,1.170144,PRT,610120
17226769,179,7639,1996,7.415022394685738e-07,2.8985108630102194e-07,0.39343,1.170144,PRT,610130
17233295,179,7640,1996,1.2075632049946957e-07,7.47242218074389e-08,0.39343,1.170144,PRT,610190
17239821,179,7641,1996,1.6780615418806706e-07,1.5673665533300526e-07,0.39343,1.170144,PRT,610210
17246347,179,7642,1996,6.259790655929724e-07,1.0595415930466475e-07,0.39343,1.170144,PRT,610220
17252873,179,7643,1996,7.450638337861558e-07,7.093372199130846e-07,0.39343,1.170144,PRT,610230
17259399,179,7644,1996,7.186280946652015e-08,7.229780079841611e-08,0.39343,1.170144,PRT,610290
17265925,179,7645,1996,2.944380598337628e-07,4.12733517625472e-09,0.39343,1.170144,PRT,610311
17272451,179,7646,1996,1.7479115793351616e-07,1.9435562681342088e-08,0.39343,1.170144,PRT,610312
17278977,179,7647,1996,1.6367788060783916e-07,7.640094136551106e-08,0.39343,1.170144,PRT,610319
17285503,179,7648,1996,1.9970746934168602e-08,7.620970452324823e-09,0.39343,1.170144,PRT,610321
17292029,179,7649,1996,6.08573830229692e-07,1.7010931410531116e-07,0.39343,1.170144,PRT,610322
17298555,179,7650,1996,8.106422611410437e-08,7.732563944161728e-08,0.39343,1.170144,PRT,610323
17305081,179,7651,1996,1.7243383280831665e-07,5.494827743284911e-09,0.39343,1.170144,PRT,610329
17311607,179,7652,1996,3.142027415815147e-07,8.593328594145758e-08,0.39343,1.170144,PRT,610331
17318133,179,7653,1996,1.1196733726175764e-06,9.195244069420487e-08,0.39343,1.170144,PRT,610332
17324659,179,7654,1996,5.413486996057035e-07,8.837130710555697e-08,0.39343,1.170144,PRT,610333
17331185,179,7655,1996,2.185733432322144e-07,4.9581382828409004e-08,0.39343,1.170144,PRT,610339
17337711,179,7656,1996,2.230882920740125e-07,7.364839028233467e-08,0.39343,1.170144,PRT,610341
17344237,179,7657,1996,8.716190104536152e-06,8.519902926840894e-07,0.39343,1.170144,PRT,610342
17350763,179,7658,1996,3.2322566941321733e-06,2.8096735611035854e-07,0.39343,1.170144,PRT,610343
17357289,179,7659,1996,3.0910080999546775e-07,1.4453992085246452e-07,0.39343,1.170144,PRT,610349
17363815,179,7660,1996,8.862954578894761e-08,5.428176566544782e-08,0.39343,1.170144,PRT,610411
17370341,179,7661,1996,1.3954370779693629e-07,3.787516919110741e-08,0.39343,1.170144,PRT,610412
17376867,179,7662,1996,1.0869635546443106e-07,4.043615199901878e-08,0.39343,1.170144,PRT,610413
17383393,179,7663,1996,2.3773255697634774e-08,4.135786717810529e-08,0.39343,1.170144,PRT,610419
17389919,179,7664,1996,5.614188426886143e-07,1.6546626917765098e-07,0.39343,1.170144,PRT,610421
17396445,179,7665,1996,4.201911883705028e-06,2.8081555979535614e-07,0.39343,1.170144,PRT,610422
17402971,179,7666,1996,9.424079172618654e-07,4.37616513130786e-07,0.39343,1.170144,PRT,610423
17409497,179,7667,1996,9.734189095953485e-07,2.4515999741990583e-07,0.39343,1.170144,PRT,610429
17416023,179,7668,1996,1.1288129697092355e-06,6.915154045193988e-07,0.39343,1.170144,PRT,610431
17422549,179,7669,1996,3.436513961575125e-06,3.43230028468508e-07,0.39343,1.170144,PRT,610432
17429075,179,7670,1996,1.467998084773389e-06,7.0036698570885e-07,0.39343,1.170144,PRT,610433
17435601,179,7671,1996,2.9138253737105723e-07,2.7758143655999974e-07,0.39343,1.170144,PRT,610439
17442127,179,7672,1996,8.137392996780715e-08,7.08928563021386e-08,0.39343,1.170144,PRT,610441
17448653,179,7673,1996,4.23232862040533e-06,5.198274750246633e-07,0.39343,1.170144,PRT,610442
17455179,179,7674,1996,1.3528661317149406e-06,6.238778831647567e-07,0.39343,1.170144,PRT,610443
17461705,179,7675,1996,7.001498051473598e-07,2.3451569512161655e-07,0.39343,1.170144,PRT,610444
17468231,179,7676,1996,3.717803850367346e-07,5.642766178141818e-07,0.39343,1.170144,PRT,610449
17474757,179,7677,1996,3.704397491768705e-07,1.5858671435122206e-07,0.39343,1.170144,PRT,610451
17481283,179,7678,1996,2.494676056983333e-06,2.2356680589431593e-07,0.39343,1.170144,PRT,610452
17487809,179,7679,1996,1.2378647876202355e-06,3.917650773090076e-07,0.39343,1.170144,PRT,610453
17494335,179,7680,1996,8.037354409516174e-07,5.012539695820138e-07,0.39343,1.170144,PRT,610459
17500861,179,7681,1996,7.025768287914944e-07,1.0827783608300907e-07,0.39343,1.170144,PRT,610461
17507387,179,7682,1996,1.939474807042989e-05,1.481791877896963e-06,0.39343,1.170144,PRT,610462
17513913,179,7683,1996,4.292144192392444e-06,9.481708241872143e-07,0.39343,1.170144,PRT,610463
17520439,179,7684,1996,8.984908804808797e-07,3.0206604959668306e-07,0.39343,1.170144,PRT,610469
17526965,179,7685,1996,2.587260114914433e-05,6.021901669469426e-06,0.39343,1.170144,PRT,610510
17533491,179,7686,1996,6.747614226400724e-06,4.977490987271695e-06,0.39343,1.170144,PRT,610520
17540017,179,7687,1996,4.007183009874578e-07,2.1400065515214615e-07,0.39343,1.170144,PRT,610590
17546543,179,7688,1996,8.555687142984325e-06,9.861474118769913e-07,0.39343,1.170144,PRT,610610
17553069,179,7689,1996,3.404470825087325e-06,1.161007155202672e-06,0.39343,1.170144,PRT,610620
17559595,179,7690,1996,3.0714955450232475e-07,5.590002044193392e-07,0.39343,1.170144,PRT,610690
17566121,179,7691,1996,1.5635621786408174e-05,2.4097260658365454e-06,0.39343,1.170144,PRT,610711
17572647,179,7692,1996,3.1068145119009955e-07,3.255533807297809e-08,0.39343,1.170144,PRT,610712
17579173,179,7693,1996,6.887910678202159e-08,1.2334942042453376e-08,0.39343,1.170144,PRT,610719
17585699,179,7694,1996,1.0241101272538567e-05,6.260762782682737e-07,0.39343,1.170144,PRT,610721
17592225,179,7695,1996,4.8503199326913056e-08,1.720369284460401e-07,0.39343,1.170144,PRT,610722
17598751,179,7696,1996,2.037990754402133e-07,2.818439964011474e-08,0.39343,1.170144,PRT,610729
17605277,179,7697,1996,1.956423183766502e-06,4.5116251136323655e-07,0.39343,1.170144,PRT,610791
17611803,179,7698,1996,4.440886589503615e-08,4.277772615948128e-08,0.39343,1.170144,PRT,610792
17618329,179,7699,1996,3.237435597126088e-08,1.1114605728394927e-08,0.39343,1.170144,PRT,610799
17624855,179,7700,1996,1.1061185258699001e-07,1.3655636269574538e-07,0.39343,1.170144,PRT,610811
17631381,179,7701,1996,1.4877482207432761e-07,3.071621634383351e-08,0.39343,1.170144,PRT,610819
17637907,179,7702,1996,1.3182861509601274e-05,3.25061998160736e-06,0.39343,1.170144,PRT,610821
17644433,179,7703,1996,2.0666092693139103e-06,1.5770772088611765e-06,0.39343,1.170144,PRT,610822
17650959,179,7704,1996,1.3579635177454046e-07,4.8605644069965746e-08,0.39343,1.170144,PRT,610829
17657485,179,7705,1996,6.6086620469036195e-06,1.9973319356053146e-06,0.39343,1.170144,PRT,610831
17664011,179,7706,1996,3.278227412925433e-07,2.723090003611834e-07,0.39343,1.170144,PRT,610832
17670537,179,7707,1996,8.795104585896667e-08,8.803887980436179e-08,0.39343,1.170144,PRT,610839
17677063,179,7708,1996,4.10022841139362e-06,1.0786768774280066e-06,0.39343,1.170144,PRT,610891
17683589,179,7709,1996,5.004902156578118e-07,3.011005852613076e-07,0.39343,1.170144,PRT,610892
17690115,179,7710,1996,1.5645075026835044e-07,6.559721979316904e-08,0.39343,1.170144,PRT,610899
17696641,179,7711,1996,0.00010443867900787425,1.3780003520748792e-05,0.39343,1.170144,PRT,610910
17703167,179,7712,1996,1.5381523108074758e-05,3.783163546626994e-06,0.39343,1.170144,PRT,610990
17709693,179,7713,1996,9.776663979466594e-06,2.03314118346388e-05,0.39343,1.170144,PRT,611010
17716219,179,7714,1996,0.00012893006642550458,1.033268965249757e-05,0.39343,1.170144,PRT,611020
17722745,179,7715,1996,3.067783310993654e-05,1.0671866586782314e-05,0.39343,1.170144,PRT,611030
17729271,179,7716,1996,5.058570622232198e-06,1.0179132765387563e-06,0.39343,1.170144,PRT,611090
17735797,179,7717,1996,4.95461922072205e-07,3.9557688826717874e-07,0.39343,1.170144,PRT,611110
17742323,179,7718,1996,3.1658011866757476e-05,4.25797877419142e-06,0.39343,1.170144,PRT,611120
17748849,179,7719,1996,5.9205094781242565e-06,1.1183295218098516e-06,0.39343,1.170144,PRT,611130
17755375,179,7720,1996,1.0795909665261748e-06,8.813267534398118e-08,0.39343,1.170144,PRT,611190
17761901,179,7721,1996,6.595045380600018e-06,1.381314648953465e-06,0.39343,1.170144,PRT,611211
17768427,179,7722,1996,2.037699232770761e-06,1.1621552391222531e-06,0.39343,1.170144,PRT,611212
17774953,179,7723,1996,6.442040161463371e-07,1.151103274231272e-07,0.39343,1.170144,PRT,611219
17781479,179,7724,1996,1.5076486630844321e-07,6.875146767499802e-08,0.39343,1.170144,PRT,611220
17788005,179,7725,1996,4.7150563200310597e-07,3.338451715785354e-07,0.39343,1.170144,PRT,611231
17794531,179,7726,1996,1.758960309771564e-07,7.598565581376874e-08,0.39343,1.170144,PRT,611239
17801057,179,7727,1996,4.356376529220768e-06,2.8488575592203356e-06,0.39343,1.170144,PRT,611241
17807583,179,7728,1996,8.851911909199136e-07,3.679824393709597e-07,0.39343,1.170144,PRT,611249
17814109,179,7729,1996,2.695665979073424e-07,3.588829462958715e-07,0.39343,1.170144,PRT,611300
17820635,179,7730,1996,1.5638590034203692e-07,7.74764414576131e-08,0.39343,1.170144,PRT,611410
17827161,179,7731,1996,1.1821322154797463e-05,6.4312585476686e-07,0.39343,1.170144,PRT,611420
17833687,179,7732,1996,5.027169318192678e-06,1.0151477995684945e-06,0.39343,1.170144,PRT,611430
17840213,179,7733,1996,6.233659772069852e-07,2.6050862660796e-06,0.39343,1.170144,PRT,611490
17846739,179,7734,1996,5.87993887936327e-06,6.303845427204233e-06,0.39343,1.170144,PRT,611511
17853265,179,7735,1996,6.979624838009541e-07,1.4787821348040883e-06,0.39343,1.170144,PRT,611512
17859791,179,7736,1996,1.4616024880684996e-06,1.3146714266053888e-06,0.39343,1.170144,PRT,611519
17866317,179,7737,1996,2.23925280375311e-06,1.0107824954966684e-06,0.39343,1.170144,PRT,611520
17872843,179,7738,1996,3.083805212578297e-06,1.6223774716003154e-06,0.39343,1.170144,PRT,611591
17879369,179,7739,1996,3.2221704396348564e-05,3.420237117704421e-06,0.39343,1.170144,PRT,611592
17885895,179,7740,1996,2.953386253058116e-06,1.9268596677829533e-06,0.39343,1.170144,PRT,611593
17892421,179,7741,1996,4.903724150047509e-07,2.658808572837353e-07,0.39343,1.170144,PRT,611599
17898947,179,7742,1996,3.2540217233733618e-06,1.109097455533888e-06,0.39343,1.170144,PRT,611610
17905473,179,7743,1996,1.9388309745502522e-07,9.41564701587591e-08,0.39343,1.170144,PRT,611691
17911999,179,7744,1996,7.044217182840017e-08,8.061902289776502e-07,0.39343,1.170144,PRT,611692
17918525,179,7745,1996,1.3249506627332909e-07,3.835863051139993e-07,0.39343,1.170144,PRT,611693
17925051,179,7746,1996,1.4577596753788665e-08,1.3101844866217595e-07,0.39343,1.170144,PRT,611699
17931577,179,7747,1996,2.575651190208016e-07,3.809898589748538e-07,0.39343,1.170144,PRT,611710
17938103,179,7748,1996,1.2330577110729878e-08,5.4610215770616735e-08,0.39343,1.170144,PRT,611720
17944629,179,7749,1996,4.7165230192990845e-07,5.576171345012061e-07,0.39343,1.170144,PRT,611780
17951155,179,7750,1996,6.168682570200038e-08,1.3056170084185983e-06,0.39343,1.170144,PRT,611790
17957681,179,7751,1996,2.1577770533402497e-06,5.814902536488514e-07,0.39343,1.170144,PRT,620111
17964207,179,7752,1996,2.9146966051972605e-06,1.6742377877517732e-06,0.39343,1.170144,PRT,620112
17970733,179,7753,1996,3.453344335675711e-06,2.063105146322646e-06,0.39343,1.170144,PRT,620113
17977259,179,7754,1996,5.002944537307159e-07,2.0043974243459712e-07,0.39343,1.170144,PRT,620119
17983785,179,7755,1996,1.0962577006257825e-06,2.3167564572586237e-07,0.39343,1.170144,PRT,620191
17990311,179,7756,1996,8.167779126740092e-06,2.019521706534844e-06,0.39343,1.170144,PRT,620192
17996837,179,7757,1996,6.55093955174383e-06,3.0187855794734496e-06,0.39343,1.170144,PRT,620193
18003363,179,7758,1996,4.719629148947278e-07,1.891594202051079e-07,0.39343,1.170144,PRT,620199
18009889,179,7759,1996,2.032798820815548e-06,1.6774042986546831e-06,0.39343,1.170144,PRT,620211
18016415,179,7760,1996,1.4878688294847378e-06,1.2088024455822865e-06,0.39343,1.170144,PRT,620212
18022941,179,7761,1996,5.026391422113955e-06,2.6079372527644266e-06,0.39343,1.170144,PRT,620213
18029467,179,7762,1996,1.6109176251830934e-07,1.5321915688077758e-07,0.39343,1.170144,PRT,620219
18035993,179,7763,1996,3.4149637855944803e-07,1.586324521055241e-07,0.39343,1.170144,PRT,620291
18042519,179,7764,1996,1.8144912410664036e-06,6.971388282675329e-07,0.39343,1.170144,PRT,620292
18049045,179,7765,1996,3.2722621288157074e-06,2.057886402270184e-06,0.39343,1.170144,PRT,620293
18055571,179,7766,1996,1.559561938209503e-07,1.1700446703063508e-07,0.39343,1.170144,PRT,620299
18062097,179,7767,1996,1.9811940676997285e-05,2.7720091833018697e-06,0.39343,1.170144,PRT,620311
18068623,179,7768,1996,8.606908281512666e-06,4.735978741473877e-07,0.39343,1.170144,PRT,620312
18075149,179,7769,1996,2.077852852566292e-06,4.593528837133214e-07,0.39343,1.170144,PRT,620319
18081675,179,7770,1996,5.144205252966209e-08,3.503743982636856e-08,0.39343,1.170144,PRT,620321
18088201,179,7771,1996,1.1339270227768364e-06,3.705341420548098e-07,0.39343,1.170144,PRT,620322
18094727,179,7772,1996,7.62513615594147e-07,1.1911801528559183e-07,0.39343,1.170144,PRT,620323
18101253,179,7773,1996,5.791083267943342e-07,1.5661435655519767e-07,0.39343,1.170144,PRT,620329
18107779,179,7774,1996,2.663747087771552e-05,1.8866429244313834e-06,0.39343,1.170144,PRT,620331
18114305,179,7775,1996,4.236408408059343e-06,9.370674871808938e-07,0.39343,1.170144,PRT,620332
18120831,179,7776,1996,1.7812498355195905e-05,6.914285690728254e-07,0.39343,1.170144,PRT,620333
18127357,179,7777,1996,5.622874074493607e-06,4.883887347360587e-07,0.39343,1.170144,PRT,620339
18133883,179,7778,1996,1.4944688549760343e-05,1.2981922463035691e-06,0.39343,1.170144,PRT,620341
18140409,179,7779,1996,3.7779689149713626e-05,2.1006873618831185e-05,0.39343,1.170144,PRT,620342
18146935,179,7780,1996,4.091137239620769e-05,1.613080775888925e-06,0.39343,1.170144,PRT,620343
18153461,179,7781,1996,4.068504675944766e-06,5.24119863836008e-07,0.39343,1.170144,PRT,620349
18159987,179,7782,1996,9.66352994960527e-07,7.623035279928458e-07,0.39343,1.170144,PRT,620411
18166513,179,7783,1996,3.0066607705616926e-07,1.8529491139958873e-07,0.39343,1.170144,PRT,620412
18173039,179,7784,1996,8.875021513781693e-07,1.0211739144142877e-06,0.39343,1.170144,PRT,620413
18179565,179,7785,1996,8.294293454014716e-07,1.008175774934455e-06,0.39343,1.170144,PRT,620419
18186091,179,7786,1996,2.3458218392048273e-07,3.231494971649069e-07,0.39343,1.170144,PRT,620421
18192617,179,7787,1996,6.582967536379687e-07,3.7627853884874276e-07,0.39343,1.170144,PRT,620422
18199143,179,7788,1996,1.3275131439337904e-06,1.4306023821419348e-06,0.39343,1.170144,PRT,620423
18205669,179,7789,1996,8.512795280505762e-07,9.790636943212143e-07,0.39343,1.170144,PRT,620429
18212195,179,7790,1996,6.0625917271956235e-06,3.294415869949565e-06,0.39343,1.170144,PRT,620431
18218721,179,7791,1996,2.205248411549885e-06,8.528831731919855e-07,0.39343,1.170144,PRT,620432
18225247,179,7792,1996,6.7396825349459134e-06,2.7872093636482436e-06,0.39343,1.170144,PRT,620433
18231773,179,7793,1996,4.544290100047524e-06,2.449822830441323e-06,0.39343,1.170144,PRT,620439
18238299,179,7794,1996,3.0058971172237953e-07,5.321653999641364e-07,0.39343,1.170144,PRT,620441
18244825,179,7795,1996,2.6291020752682024e-06,2.035279025757897e-06,0.39343,1.170144,PRT,620442
18251351,179,7796,1996,2.0957987060068776e-06,2.8238625393602816e-06,0.39343,1.170144,PRT,620443
18257877,179,7797,1996,2.0064961149546483e-06,2.3266636525600454e-06,0.39343,1.170144,PRT,620444
18264403,179,7798,1996,5.702557057784642e-07,8.834045069305321e-07,0.39343,1.170144,PRT,620449
18270929,179,7799,1996,2.2725514226928575e-06,1.1453923521705601e-06,0.39343,1.170144,PRT,620451
18277455,179,7800,1996,1.869224578874995e-06,1.3722589050346658e-06,0.39343,1.170144,PRT,620452
18283981,179,7801,1996,5.7024761468952695e-06,2.2559338612949837e-06,0.39343,1.170144,PRT,620453
18290507,179,7802,1996,4.365327940311303e-06,1.996145074024477e-06,0.39343,1.170144,PRT,620459
18297033,179,7803,1996,3.275524928612985e-06,1.2354367330711652e-06,0.39343,1.170144,PRT,620461
18303559,179,7804,1996,9.403156586345464e-06,8.474817764120176e-06,0.39343,1.170144,PRT,620462
18310085,179,7805,1996,8.689321628523723e-06,3.579871823208564e-06,0.39343,1.170144,PRT,620463
18316611,179,7806,1996,3.393356335613493e-06,2.0158189370343927e-06,0.39343,1.170144,PRT,620469
18323137,179,7807,1996,3.244887277911363e-07,4.0172662762278834e-08,0.39343,1.170144,PRT,620510
18329663,179,7808,1996,6.249768493766124e-05,1.1054669715712142e-05,0.39343,1.170144,PRT,620520
18336189,179,7809,1996,4.90449204590395e-06,2.3462370913702983e-06,0.39343,1.170144,PRT,620530
18342715,179,7810,1996,3.385825562161078e-06,8.661527563006107e-07,0.39343,1.170144,PRT,620590
18349241,179,7811,1996,7.92966110665033e-07,7.790286315822895e-07,0.39343,1.170144,PRT,620610
18355767,179,7812,1996,3.835921627369565e-07,1.689532757936773e-07,0.39343,1.170144,PRT,620620
18362293,179,7813,1996,1.3881798257482125e-05,3.4122770912908575e-06,0.39343,1.170144,PRT,620630
18368819,179,7814,1996,1.1571425085007673e-05,7.456991323027993e-06,0.39343,1.170144,PRT,620640
18375345,179,7815,1996,9.317901054947051e-07,5.4896772744309e-07,0.39343,1.170144,PRT,620690
18381871,179,7816,1996,6.000487922528168e-07,5.661561743695933e-07,0.39343,1.170144,PRT,620711
18388397,179,7817,1996,2.472088282181672e-07,6.127699060964056e-08,0.39343,1.170144,PRT,620719
18394923,179,7818,1996,5.626685674368238e-07,2.8947789274055757e-07,0.39343,1.170144,PRT,620721
18401449,179,7819,1996,4.1153035949651974e-08,1.01466556455031e-07,0.39343,1.170144,PRT,620722
18407975,179,7820,1996,2.8239112539139474e-08,7.06253898693724e-08,0.39343,1.170144,PRT,620729
18414501,179,7821,1996,5.598052007604519e-06,2.8238025499868857e-07,0.39343,1.170144,PRT,620791
18421027,179,7822,1996,1.0799664294173076e-07,1.3953461965341218e-07,0.39343,1.170144,PRT,620792
18427553,179,7823,1996,1.1133126251721545e-07,6.516536259131729e-08,0.39343,1.170144,PRT,620799
18434079,179,7824,1996,9.702912643173972e-08,2.0169023915185474e-07,0.39343,1.170144,PRT,620811
18440605,179,7825,1996,1.3887793542258697e-07,8.120207983521522e-08,0.39343,1.170144,PRT,620819
18447131,179,7826,1996,1.0563913599430796e-06,5.931291863867087e-07,0.39343,1.170144,PRT,620821
18453657,179,7827,1996,2.44419978349648e-07,7.385583419840453e-07,0.39343,1.170144,PRT,620822
18460183,179,7828,1996,3.791720644883178e-08,2.7956208018107883e-07,0.39343,1.170144,PRT,620829
18466709,179,7829,1996,4.961346642984478e-06,3.8515332034834707e-07,0.39343,1.170144,PRT,620891
18473235,179,7830,1996,5.633846439596219e-07,5.633002161897341e-07,0.39343,1.170144,PRT,620892
18479761,179,7831,1996,1.1009699265798706e-07,2.4028992088574645e-07,0.39343,1.170144,PRT,620899
18486287,179,7832,1996,1.4126495817759358e-07,1.5637804482463718e-07,0.39343,1.170144,PRT,620910
18492813,179,7833,1996,4.163431937475056e-06,4.578668707047086e-06,0.39343,1.170144,PRT,620920
18499339,179,7834,1996,8.225837386938926e-07,5.521736788732604e-07,0.39343,1.170144,PRT,620930
18505865,179,7835,1996,3.062537770154897e-07,6.675107064698846e-07,0.39343,1.170144,PRT,620990
18512391,179,7836,1996,4.7591603306650146e-07,2.3561141262685207e-07,0.39343,1.170144,PRT,621010
18518917,179,7837,1996,2.2090460717207295e-07,2.2405765817055724e-07,0.39343,1.170144,PRT,621020
18525443,179,7838,1996,4.251082370591485e-07,1.5806305020776405e-07,0.39343,1.170144,PRT,621030
18531969,179,7839,1996,4.712089284383698e-06,1.2270448494557497e-06,0.39343,1.170144,PRT,621040
18538495,179,7840,1996,1.7096361831064112e-06,1.1713531677989915e-06,0.39343,1.170144,PRT,621050
18545021,179,7841,1996,4.6039538504781745e-07,8.811613683717196e-07,0.39343,1.170144,PRT,621111
18551547,179,7842,1996,3.080880602116374e-07,5.889468333320907e-07,0.39343,1.170144,PRT,621112
18558073,179,7843,1996,7.532282576868018e-07,1.3015605999048117e-07,0.39343,1.170144,PRT,621120
18564599,179,7844,1996,5.270874735204722e-07,1.0195774016427452e-07,0.39343,1.170144,PRT,621131
18571125,179,7845,1996,4.0026389694770505e-06,7.583362749566482e-07,0.39343,1.170144,PRT,621132
18577651,179,7846,1996,9.74281201489391e-06,9.207686064322647e-07,0.39343,1.170144,PRT,621133
18584177,179,7847,1996,2.951511059861724e-07,1.7078112880074748e-07,0.39343,1.170144,PRT,621139
18590703,179,7848,1996,1.9627072628410952e-07,4.877069770505567e-08,0.39343,1.170144,PRT,621141
18597229,179,7849,1996,1.484638151613578e-06,5.91189640457901e-07,0.39343,1.170144,PRT,621142
18603755,179,7850,1996,3.1173926258160665e-06,1.1485028508961001e-06,0.39343,1.170144,PRT,621143
18610281,179,7851,1996,3.4240791397230314e-07,5.731202446115804e-07,0.39343,1.170144,PRT,621149
18616807,179,7852,1996,9.77895099999878e-06,7.094125214911818e-06,0.39343,1.170144,PRT,621210
18623333,179,7853,1996,1.339996148675061e-06,7.493120171730568e-07,0.39343,1.170144,PRT,621220
18629859,179,7854,1996,1.6034904903979649e-06,2.1515702489678222e-07,0.39343,1.170144,PRT,621230
18636385,179,7855,1996,3.4812016215459016e-07,1.0936483690028704e-06,0.39343,1.170144,PRT,621290
18642911,179,7856,1996,2.1011982199650732e-08,3.7964656101698335e-08,0.39343,1.170144,PRT,621310
18649437,179,7857,1996,2.3422550932575848e-07,2.0447162490622154e-07,0.39343,1.170144,PRT,621320
18655963,179,7858,1996,4.3966431818317895e-08,2.0828244156538612e-08,0.39343,1.170144,PRT,621390
18662489,179,7859,1996,2.2755596713775028e-07,8.63355793195141e-07,0.39343,1.170144,PRT,621410
18669015,179,7860,1996,2.8720941430907978e-08,1.611427256641006e-07,0.39343,1.170144,PRT,621420
18675541,179,7861,1996,2.3020602604247707e-07,1.4810355477859686e-06,0.39343,1.170144,PRT,621430
18682067,179,7862,1996,5.561881203610569e-08,1.4147979994325711e-07,0.39343,1.170144,PRT,621440
18688593,179,7863,1996,3.539896865600393e-07,1.9917598839725199e-07,0.39343,1.170144,PRT,621490
18695119,179,7864,1996,2.5051041675641743e-07,2.615730568377889e-06,0.39343,1.170144,PRT,621510
18701645,179,7865,1996,8.711405755766818e-08,1.2798119663011954e-07,0.39343,1.170144,PRT,621520
18708171,179,7866,1996,1.0459323395842756e-08,4.720036814068605e-08,0.39343,1.170144,PRT,621590
18714697,179,7867,1996,3.458007166592467e-07,2.2951006248956202e-07,0.39343,1.170144,PRT,621600
18721223,179,7868,1996,1.1176796919389947e-06,2.4848347499265232e-06,0.39343,1.170144,PRT,621710
18727749,179,7869,1996,3.130484735005422e-07,1.8590968647534838e-06,0.39343,1.170144,PRT,621790
18734275,179,7870,1996,1.5785805427676107e-08,3.4492232537768304e-08,0.39343,1.170144,PRT,630110
18740801,179,7871,1996,3.882428721721585e-07,2.290589821735833e-07,0.39343,1.170144,PRT,630120
18747327,179,7872,1996,6.594179906817068e-07,7.041923854201108e-08,0.39343,1.170144,PRT,630130
18753853,179,7873,1996,1.1478209679709837e-06,4.2992759891301253e-07,0.39343,1.170144,PRT,630140
18760379,179,7874,1996,2.6947659590680455e-07,1.05655869602695e-07,0.39343,1.170144,PRT,630190
18766905,179,7875,1996,1.1050511688116694e-05,2.973520780065545e-07,0.39343,1.170144,PRT,630210
18773431,179,7876,1996,3.246941081138452e-05,6.549762417601137e-07,0.39343,1.170144,PRT,630221
18779957,179,7877,1996,4.861425331053972e-06,3.3872817399978015e-07,0.39343,1.170144,PRT,630222
18786483,179,7878,1996,4.971649902305315e-07,2.7422435168083132e-08,0.39343,1.170144,PRT,630229
18793009,179,7879,1996,3.86022407664814e-05,4.6194038116140787e-07,0.39343,1.170144,PRT,630231
18799535,179,7880,1996,3.149506369933918e-06,1.757950472578567e-07,0.39343,1.170144,PRT,630232
18806061,179,7881,1996,1.1079158385473083e-06,1.0941199981649848e-07,0.39343,1.170144,PRT,630239
18812587,179,7882,1996,1.8211586619951398e-07,9.958931993063474e-08,0.39343,1.170144,PRT,630240
18819113,179,7883,1996,3.886942155378189e-06,2.7296305024770235e-06,0.39343,1.170144,PRT,630251
18825639,179,7884,1996,3.684369773871233e-07,5.037423685624459e-07,0.39343,1.170144,PRT,630252
18832165,179,7885,1996,3.5055545870988526e-06,2.5215356519908764e-07,0.39343,1.170144,PRT,630253
18838691,179,7886,1996,4.025644026281205e-07,9.778168433669808e-08,0.39343,1.170144,PRT,630259
18845217,179,7887,1996,7.650242592787813e-05,1.1935021724692517e-06,0.39343,1.170144,PRT,630260
18851743,179,7888,1996,4.584216442063919e-06,2.9073534955086114e-07,0.39343,1.170144,PRT,630291
18858269,179,7889,1996,4.771075747032523e-08,3.433612759373747e-08,0.39343,1.170144,PRT,630292
18864795,179,7890,1996,1.0057708408257347e-07,2.4353697000818823e-08,0.39343,1.170144,PRT,630293
18871321,179,7891,1996,1.2817254595119953e-07,3.7200371598651406e-08,0.39343,1.170144,PRT,630299
18877847,179,7892,1996,2.3636646600522043e-07,3.64675732308124e-08,0.39343,1.170144,PRT,630311
18884373,179,7893,1996,4.288246833035818e-08,2.594102907820072e-07,0.39343,1.170144,PRT,630312
18890899,179,7894,1996,8.593221310616052e-08,2.852444990036025e-08,0.39343,1.170144,PRT,630319
18897425,179,7895,1996,1.904749307902121e-06,1.0010237821802271e-07,0.39343,1.170144,PRT,630391
18903951,179,7896,1996,1.161862795240089e-06,2.0706356355653732e-06,0.39343,1.170144,PRT,630392
18910477,179,7897,1996,3.297133893779167e-07,2.0905302329547465e-07,0.39343,1.170144,PRT,630399
18917003,179,7898,1996,2.5017222742106294e-07,4.9097822078215827e-08,0.39343,1.170144,PRT,630411
18923529,179,7899,1996,9.344314672364169e-06,5.120480795972923e-07,0.39343,1.170144,PRT,630419
18930055,179,7900,1996,1.1994654492425964e-06,3.457509078831546e-08,0.39343,1.170144,PRT,630491
18936581,179,7901,1996,1.8192655896134557e-06,6.620460391297989e-07,0.39343,1.170144,PRT,630492
18943107,179,7902,1996,8.011232616767466e-07,2.50008530808923e-07,0.39343,1.170144,PRT,630493
18949633,179,7903,1996,4.7013023779488605e-06,2.589449588469344e-07,0.39343,1.170144,PRT,630499
18956159,179,7904,1996,9.633729287204947e-08,3.3749491179863636e-08,0.39343,1.170144,PRT,630510
18962685,179,7905,1996,2.233370854829068e-07,3.666013580508398e-08,0.39343,1.170144,PRT,630520
18969211,179,7906,1996,1.6983056282238801e-06,8.129213018190986e-07,0.39343,1.170144,PRT,630531
18975737,179,7907,1996,2.544330797057869e-06,1.2186168396430954e-06,0.39343,1.170144,PRT,630539
18982263,179,7908,1996,4.2679524425441597e-07,2.0095710935101354e-07,0.39343,1.170144,PRT,630590
18988789,179,7909,1996,8.597160792121078e-10,1.6874248440428534e-08,0.39343,1.170144,PRT,630611
18995315,179,7910,1996,1.1089731347758494e-07,1.2154277912960368e-07,0.39343,1.170144,PRT,630612
19001841,179,7911,1996,8.486249235902667e-08,1.0104132791322303e-07,0.39343,1.170144,PRT,630619
19008367,179,7912,1996,1.0307804876418698e-08,6.377268111612077e-08,0.39343,1.170144,PRT,630621
19014893,179,7913,1996,4.117970320907061e-09,6.356016627511743e-07,0.39343,1.170144,PRT,630622
19021419,179,7914,1996,0.0,8.883531330862102e-08,0.39343,1.170144,PRT,630629
19027945,179,7915,1996,2.0839857161585004e-09,5.166742214418409e-08,0.39343,1.170144,PRT,630631
19034471,179,7916,1996,2.9788540918769894e-10,4.484619952614038e-09,0.39343,1.170144,PRT,630639
19040997,179,7917,1996,0.0,2.1834143318181036e-08,0.39343,1.170144,PRT,630641
19047523,179,7918,1996,5.540426181260122e-09,5.939478259021146e-08,0.39343,1.170144,PRT,630649
19054049,179,7919,1996,4.009180023960587e-10,1.1985280225144397e-08,0.39343,1.170144,PRT,630691
19060575,179,7920,1996,4.169577528622895e-08,1.745359332825422e-08,0.39343,1.170144,PRT,630699
19067101,179,7921,1996,3.3633777904713653e-07,1.5641808193130157e-06,0.39343,1.170144,PRT,630710
19073627,179,7922,1996,1.099145946643044e-06,1.4993333009707972e-07,0.39343,1.170144,PRT,630720
19080153,179,7923,1996,4.764468933511556e-06,3.433997553089288e-06,0.39343,1.170144,PRT,630790
19086679,179,7924,1996,1.9437583568019226e-07,1.4348861536952228e-07,0.39343,1.170144,PRT,630800
19093205,179,7925,1996,2.2792355106587305e-07,2.283523670129172e-07,0.39343,1.170144,PRT,630900
19099731,179,7926,1996,2.0497419246945853e-06,3.0206604959668306e-07,0.39343,1.170144,PRT,631010
19106257,179,7927,1996,1.474829751777181e-07,5.266298059615823e-07,0.39343,1.170144,PRT,631090
19112783,179,7928,1996,4.4758843371201836e-07,6.00656029866412e-08,0.39343,1.170144,PRT,640110
19119309,179,7929,1996,7.748505564826926e-08,3.2889091106182016e-08,0.39343,1.170144,PRT,640191
19125835,179,7930,1996,1.086086868490923e-06,3.6278921565966645e-07,0.39343,1.170144,PRT,640192
19132361,179,7931,1996,4.6279968091403843e-07,2.1313694074844266e-07,0.39343,1.170144,PRT,640199
19138887,179,7932,1996,4.190699210230609e-09,8.927479346952312e-09,0.39343,1.170144,PRT,640211
19145413,179,7933,1996,8.830175062402561e-07,1.8103318014094654e-06,0.39343,1.170144,PRT,640219
19151939,179,7934,1996,2.1047619355419272e-07,4.937775039186432e-07,0.39343,1.170144,PRT,640220
19158465,179,7935,1996,1.4364864752517287e-08,3.3911893350936055e-08,0.39343,1.170144,PRT,640230
19164991,179,7936,1996,7.305741177736331e-07,7.92931251725095e-07,0.39343,1.170144,PRT,640291
19171517,179,7937,1996,5.1812197120763126e-06,2.705212176040778e-06,0.39343,1.170144,PRT,640299
19178043,179,7938,1996,3.189419378320604e-07,1.5283568889724536e-07,0.39343,1.170144,PRT,640311
19184569,179,7939,1996,5.595149821883471e-06,5.7583816094602806e-06,0.39343,1.170144,PRT,640319
19191095,179,7940,1996,4.954913166649733e-07,9.96168288698164e-08,0.39343,1.170144,PRT,640320
19197621,179,7941,1996,2.1543721291717524e-07,6.1072165014288e-08,0.39343,1.170144,PRT,640330
19204147,179,7942,1996,4.790996189818242e-06,1.1291819640335153e-06,0.39343,1.170144,PRT,640340
19210673,179,7943,1996,6.648784847832299e-05,2.634787634570732e-06,0.39343,1.170144,PRT,640351
19217199,179,7944,1996,8.511133061740272e-05,7.189309458810364e-06,0.39343,1.170144,PRT,640359
19223725,179,7945,1996,7.860429719310648e-05,4.722611717062609e-06,0.39343,1.170144,PRT,640391
19230251,179,7946,1996,0.00022075753844852736,1.1300989397206706e-05,0.39343,1.170144,PRT,640399
19236777,179,7947,1996,1.4565244964085215e-06,4.60685907248124e-06,0.39343,1.170144,PRT,640411
19243303,179,7948,1996,8.250191867677071e-06,6.079632326955649e-06,0.39343,1.170144,PRT,640419
19249829,179,7949,1996,6.525169281960186e-07,1.0408567261152625e-06,0.39343,1.170144,PRT,640420
19256355,179,7950,1996,1.2675871755534248e-05,6.189524573192318e-07,0.39343,1.170144,PRT,640510
19262881,179,7951,1996,1.209089299522335e-06,1.509517905695051e-06,0.39343,1.170144,PRT,640520
19269407,179,7952,1996,1.0145078532112842e-05,5.519019038114658e-07,0.39343,1.170144,PRT,640590
19275933,179,7953,1996,3.345889007796474e-05,1.677113532481863e-05,0.39343,1.170144,PRT,640610
19282459,179,7954,1996,4.873196804828027e-06,1.5026859115044362e-05,0.39343,1.170144,PRT,640620
19288985,179,7955,1996,3.1709401796916457e-07,9.947166121485779e-08,0.39343,1.170144,PRT,640691
19295511,179,7956,1996,4.5056749992982254e-06,7.79147715459976e-06,0.39343,1.170144,PRT,640699
19302037,179,7957,1996,7.975728797296021e-07,9.304650103442946e-09,0.39343,1.170144,PRT,650100
19308563,179,7958,1996,2.0656216716043043e-08,1.0567409841781537e-08,0.39343,1.170144,PRT,650200
19315089,179,7959,1996,5.0755976673709956e-08,8.8457479686126e-08,0.39343,1.170144,PRT,650300
19321615,179,7960,1996,3.017248884699046e-08,2.734577471467691e-07,0.39343,1.170144,PRT,650400
19328141,179,7961,1996,4.428280248687533e-09,9.220466120887039e-09,0.39343,1.170144,PRT,650510
19334667,179,7962,1996,6.001742495868999e-07,2.6670052424144797e-06,0.39343,1.170144,PRT,650590
19341193,179,7963,1996,4.90174531818383e-07,9.650291638435378e-07,0.39343,1.170144,PRT,650610
19347719,179,7964,1996,2.50323745940487e-08,1.1473812816166939e-07,0.39343,1.170144,PRT,650691
19354245,179,7965,1996,8.994139313012111e-10,4.381875721935569e-09,0.39343,1.170144,PRT,650692
19360771,179,7966,1996,3.2196170192418185e-08,2.6727121872791656e-07,0.39343,1.170144,PRT,650699
19367297,179,7967,1996,4.675467561275942e-08,9.796629251891714e-08,0.39343,1.170144,PRT,650700
19373823,179,7968,1996,8.763906922747254e-07,5.977689169843471e-07,0.39343,1.170144,PRT,660110
19380349,179,7969,1996,7.087460568283645e-08,1.3969128803354674e-06,0.39343,1.170144,PRT,660191
19386875,179,7970,1996,9.813384795686053e-07,1.5240270482318615e-06,0.39343,1.170144,PRT,660199
19393401,179,7971,1996,3.813115059825855e-09,6.584049161677548e-08,0.39343,1.170144,PRT,660200
19399927,179,7972,1996,1.062599376720922e-08,3.140526555538362e-08,0.39343,1.170144,PRT,660310
19406453,179,7973,1996,3.1562034884924615e-07,2.5917199045343355e-07,0.39343,1.170144,PRT,660320
19412979,179,7974,1996,2.5064526823870487e-07,1.322106794576488e-06,0.39343,1.170144,PRT,660390
19419505,179,7975,1996,1.283934599525198e-07,8.684837246050032e-08,0.39343,1.170144,PRT,670100
19426031,179,7976,1996,5.994436272862371e-08,5.63582928540601e-07,0.39343,1.170144,PRT,670210
19432557,179,7977,1996,8.549887014060772e-08,1.4919088702887703e-06,0.39343,1.170144,PRT,670290
19439083,179,7978,1996,2.8230930539090576e-09,6.246186359246483e-09,0.39343,1.170144,PRT,670300
19445609,179,7979,1996,0.0,2.16286548568241e-08,0.39343,1.170144,PRT,670411
19452135,179,7980,1996,2.9524898694972033e-09,1.833122791804965e-08,0.39343,1.170144,PRT,670419
19458661,179,7981,1996,9.842643021786838e-09,4.9884644025411576e-08,0.39343,1.170144,PRT,670420
19465187,179,7982,1996,0.0,2.8213565744307337e-08,0.39343,1.170144,PRT,670490
19471713,179,7983,1996,1.2130915096944019e-05,3.007724665891409e-07,0.39343,1.170144,PRT,680100
19478239,179,7984,1996,8.54178986438275e-07,3.150204399202269e-08,0.39343,1.170144,PRT,680210
19484765,179,7985,1996,4.100147197467209e-06,2.656660886983171e-07,0.39343,1.170144,PRT,680221
19491291,179,7986,1996,5.832859954118943e-07,1.8675255374321424e-08,0.39343,1.170144,PRT,680222
19497817,179,7987,1996,8.153893363545995e-07,6.733664647525529e-07,0.39343,1.170144,PRT,680223
19504343,179,7988,1996,3.938472391686156e-07,4.720301960470356e-08,0.39343,1.170144,PRT,680229
19510869,179,7989,1996,1.8677552128810283e-05,1.0411772218283789e-06,0.39343,1.170144,PRT,680291
19517395,179,7990,1996,4.440722949502637e-06,5.089120605305838e-08,0.39343,1.170144,PRT,680292
19523921,179,7991,1996,3.961534419453615e-06,3.782093349462927e-06,0.39343,1.170144,PRT,680293
19530447,179,7992,1996,6.113884382465133e-07,1.8207769124734393e-07,0.39343,1.170144,PRT,680299
19536973,179,7993,1996,1.060861459303128e-06,4.180298170004459e-08,0.39343,1.170144,PRT,680300
19543499,179,7994,1996,1.2394517925926831e-08,2.4415674972228093e-08,0.39343,1.170144,PRT,680410
19550025,179,7995,1996,5.306387645787333e-07,2.3221501979362412e-06,0.39343,1.170144,PRT,680421
19556551,179,7996,1996,4.0330502515106534e-07,3.054729819993806e-06,0.39343,1.170144,PRT,680422
19563077,179,7997,1996,2.3603857992918677e-08,2.364545781844199e-07,0.39343,1.170144,PRT,680423
19569603,179,7998,1996,3.6737180219557216e-09,1.642843790918464e-07,0.39343,1.170144,PRT,680430
19576129,179,7999,1996,3.2986369574918537e-07,1.6679786755054413e-06,0.39343,1.170144,PRT,680510
19582655,179,8000,1996,2.5104988329297486e-06,1.096622648764511e-06,0.39343,1.170144,PRT,680520
19589181,179,8001,1996,7.226875788376109e-07,2.5292225776106366e-06,0.39343,1.170144,PRT,680530
19595707,179,8002,1996,1.1701775255120036e-08,1.1764598874967134e-06,0.39343,1.170144,PRT,680610
19602233,179,8003,1996,2.500840436427581e-07,6.517066551935231e-08,0.39343,1.170144,PRT,680620
19608759,179,8004,1996,7.0959153016675066e-09,1.4735474819675214e-06,0.39343,1.170144,PRT,680690
19615285,179,8005,1996,5.0959314526777043e-08,2.089731479419472e-06,0.39343,1.170144,PRT,680710
19621811,179,8006,1996,4.2632159736269634e-08,7.147660924889339e-07,0.39343,1.170144,PRT,680790
19628337,179,8007,1996,1.207197742325845e-06,9.154345236950412e-08,0.39343,1.170144,PRT,680800
19634863,179,8008,1996,6.740452855098665e-09,2.327771964519364e-06,0.39343,1.170144,PRT,680911
19641389,179,8009,1996,1.2579673556663031e-08,5.794277460762318e-07,0.39343,1.170144,PRT,680919
19647915,179,8010,1996,4.3602029779103033e-07,9.641505349547359e-07,0.39343,1.170144,PRT,680990
19654441,179,8011,1996,2.0539183811639901e-07,2.998908548033192e-07,0.39343,1.170144,PRT,681011
19660967,179,8012,1996,1.2567061155106171e-06,5.724736188243104e-07,0.39343,1.170144,PRT,681019
19667493,179,8013,1996,0.0,0.0,0.39343,1.170144,PRT,681020
19674019,179,8014,1996,1.8113614745291804e-07,4.2902808974507265e-07,0.39343,1.170144,PRT,681091
19680545,179,8015,1996,4.636615182525225e-07,1.0885290548510652e-06,0.39343,1.170144,PRT,681099
19687071,179,8016,1996,3.29497323969218e-07,3.492259829111021e-07,0.39343,1.170144,PRT,681110
19693597,179,8017,1996,4.355551359363985e-08,7.973151160450437e-08,0.39343,1.170144,PRT,681120
19700123,179,8018,1996,2.0042263675336758e-08,8.009741363892059e-08,0.39343,1.170144,PRT,681130
19706649,179,8019,1996,4.492584708331103e-08,1.087395222550578e-07,0.39343,1.170144,PRT,681190
19713175,179,8020,1996,8.776255682080314e-09,1.3098563679495927e-08,0.39343,1.170144,PRT,681210
19719701,179,8021,1996,3.641990043988324e-08,0.0,0.39343,1.170144,PRT,681220
19726227,179,8022,1996,3.5313512211048765e-08,2.1672404013112993e-08,0.39343,1.170144,PRT,681230
19732753,179,8023,1996,9.272933388752379e-09,5.514382290414039e-09,0.39343,1.170144,PRT,681240
19739279,179,8024,1996,5.9458897392389025e-09,4.5082842689703046e-08,0.39343,1.170144,PRT,681250
19745805,179,8025,1996,7.1722806354572315e-09,2.0901159417020106e-08,0.39343,1.170144,PRT,681260
19752331,179,8026,1996,3.9091778011407086e-10,1.41273980048898e-07,0.39343,1.170144,PRT,681270
19758857,179,8027,1996,1.9631951524736408e-07,9.960953734376825e-08,0.39343,1.170144,PRT,681290
19765383,179,8028,1996,1.4965484163514255e-08,2.584436664311241e-06,0.39343,1.170144,PRT,681310
19771909,179,8029,1996,2.392507725409768e-08,4.2515330651648564e-07,0.39343,1.170144,PRT,681390
19778435,179,8030,1996,9.284448796228607e-09,5.7492688590651047e-08,0.39343,1.170144,PRT,681410
19784961,179,8031,1996,2.9000644617764794e-10,2.7775742748416187e-08,0.39343,1.170144,PRT,681490
19791487,179,8032,1996,1.2785132669002054e-09,2.1932214343528645e-07,0.39343,1.170144,PRT,681510
19798013,179,8033,1996,4.677073657581837e-09,4.7276862877591184e-07,0.39343,1.170144,PRT,681520
19804539,179,8034,1996,0.0,1.6514676776354117e-07,0.39343,1.170144,PRT,681591
19811065,179,8035,1996,8.76395237830308e-08,3.1441789472224807e-07,0.39343,1.170144,PRT,681599
19817591,179,8036,1996,2.46327293472158e-07,2.917064482472738e-07,0.39343,1.170144,PRT,690100
19824117,179,8037,1996,7.57974423789241e-08,1.5640807265463548e-06,0.39343,1.170144,PRT,690210
19830643,179,8038,1996,4.972434768235931e-07,3.59854177565485e-06,0.39343,1.170144,PRT,690220
19837169,179,8039,1996,1.6239754911870587e-07,1.299510355353273e-06,0.39343,1.170144,PRT,690290
19843695,179,8040,1996,1.9135879892142042e-08,5.7218593497841064e-08,0.39343,1.170144,PRT,690310
19850221,179,8041,1996,1.9974080341595931e-07,9.471718851186178e-07,0.39343,1.170144,PRT,690320
19856747,179,8042,1996,4.352399774159964e-08,1.6961090515661994e-06,0.39343,1.170144,PRT,690390
19863273,179,8043,1996,4.590132331136312e-08,6.035335311914135e-07,0.39343,1.170144,PRT,690410
19869799,179,8044,1996,9.226689936624155e-08,1.3184205967261462e-07,0.39343,1.170144,PRT,690490
19876325,179,8045,1996,1.4124853357008803e-06,2.494931524905197e-07,0.39343,1.170144,PRT,690510
19882851,179,8046,1996,9.239447795959662e-08,5.6293232555730476e-08,0.39343,1.170144,PRT,690590
19889377,179,8047,1996,8.942016942330235e-09,2.132572509282371e-08,0.39343,1.170144,PRT,690600
19895903,179,8048,1996,4.1945295984016494e-07,9.194481773515452e-08,0.39343,1.170144,PRT,690710
19902429,179,8049,1996,4.996702580380966e-06,2.574188093017565e-06,0.39343,1.170144,PRT,690790
19908955,179,8050,1996,1.4315609112222915e-06,4.817630575893063e-07,0.39343,1.170144,PRT,690810
19915481,179,8051,1996,2.619633713293097e-05,3.585211573450125e-05,0.39343,1.170144,PRT,690890
19922007,179,8052,1996,2.3930531920796948e-08,1.3052925355094555e-07,0.39343,1.170144,PRT,690911
19928533,179,8053,1996,6.165349162772709e-08,9.020986539859783e-07,0.39343,1.170144,PRT,690919
19935059,179,8054,1996,1.1241340778294206e-07,2.894503838013759e-08,0.39343,1.170144,PRT,690990
19941585,179,8055,1996,1.7727040698092582e-05,3.985442079357733e-06,0.39343,1.170144,PRT,691010
19948111,179,8056,1996,2.9725275876169573e-06,9.390739825761437e-07,0.39343,1.170144,PRT,691090
19954637,179,8057,1996,1.2517167015770946e-05,3.871082779117565e-06,0.39343,1.170144,PRT,691110
19961163,179,8058,1996,1.2596210287872972e-06,4.912861220411914e-07,0.39343,1.170144,PRT,691190
19967689,179,8059,1996,3.6381933838397075e-05,2.842818849920459e-06,0.39343,1.170144,PRT,691200
19974215,179,8060,1996,1.3814316151449193e-06,2.2522678808577754e-06,0.39343,1.170144,PRT,691310
19980741,179,8061,1996,3.9071550289063976e-05,1.1830033692589231e-06,0.39343,1.170144,PRT,691390
19987267,179,8062,1996,2.813447384962522e-07,3.6865060830337193e-07,0.39343,1.170144,PRT,691410
19993793,179,8063,1996,3.832151846606294e-06,6.870934254041984e-07,0.39343,1.170144,PRT,691490
20000319,179,8064,1996,1.3051502226149548e-08,1.1798650301611992e-07,0.39343,1.170144,PRT,700100
20006845,179,8065,1996,3.1606763151858595e-10,1.2235843574798984e-08,0.39343,1.170144,PRT,700210
20013371,179,8066,1996,0.0,1.8039898309125864e-08,0.39343,1.170144,PRT,700220
20019897,179,8067,1996,0.0,7.0154423573262384e-09,0.39343,1.170144,PRT,700231
20026423,179,8068,1996,0.0,3.8890348476811116e-08,0.39343,1.170144,PRT,700232
20032949,179,8069,1996,1.5300037054402577e-08,4.5487224095673364e-07,0.39343,1.170144,PRT,700239
20039475,179,8070,1996,2.0203479380003957e-08,2.891945175236863e-07,0.39343,1.170144,PRT,700311
20046001,179,8071,1996,6.887789463386619e-08,7.820357232111468e-07,0.39343,1.170144,PRT,700319
20052527,179,8072,1996,2.8428813725458394e-08,5.994373507173645e-07,0.39343,1.170144,PRT,700320
20059053,179,8073,1996,8.375943753761953e-10,2.273464678512748e-08,0.39343,1.170144,PRT,700330
20065579,179,8074,1996,4.521009582575057e-09,8.638701772145377e-08,0.39343,1.170144,PRT,700410
20072105,179,8075,1996,1.8045461715254862e-07,1.1361556458325657e-07,0.39343,1.170144,PRT,700490
20078631,179,8076,1996,5.668441147951121e-07,8.102970153077692e-07,0.39343,1.170144,PRT,700510
20085157,179,8077,1996,1.3996541414019731e-06,3.0542452649446063e-06,0.39343,1.170144,PRT,700521
20091683,179,8078,1996,2.1752574418891647e-07,5.7341591599283285e-06,0.39343,1.170144,PRT,700529
20098209,179,8079,1996,6.051952702835743e-09,8.635619445225024e-08,0.39343,1.170144,PRT,700530
20104735,179,8080,1996,2.2184220377026903e-07,7.68438352863357e-07,0.39343,1.170144,PRT,700600
20111261,179,8081,1996,2.712255135691087e-06,3.097105517921633e-06,0.39343,1.170144,PRT,700711
20117787,179,8082,1996,3.929838866449373e-07,1.5631749201513733e-06,0.39343,1.170144,PRT,700719
20124313,179,8083,1996,1.4802189624760558e-06,2.823639816382811e-06,0.39343,1.170144,PRT,700721
20130839,179,8084,1996,9.614456131534207e-09,1.127701452812739e-06,0.39343,1.170144,PRT,700729
20137365,179,8085,1996,9.855279666306804e-08,6.285215909584212e-07,0.39343,1.170144,PRT,700800
20143891,179,8086,1996,1.6334453986510623e-07,4.122310320508538e-06,0.39343,1.170144,PRT,700910
20150417,179,8087,1996,2.82502339984652e-07,2.2525618619307167e-06,0.39343,1.170144,PRT,700991
20156943,179,8088,1996,2.815717132383494e-07,8.906612325134517e-07,0.39343,1.170144,PRT,700992
20163469,179,8089,1996,1.792900458122553e-07,1.6709327378539485e-07,0.39343,1.170144,PRT,701010
20169995,179,8090,1996,3.30627976373753e-05,3.4849557086087883e-06,0.39343,1.170144,PRT,701090
20176521,179,8091,1996,4.912806170101787e-08,2.5439802948990887e-08,0.39343,1.170144,PRT,701110
20183047,179,8092,1996,0.0,0.0,0.39343,1.170144,PRT,701120
20189573,179,8093,1996,9.186870869719513e-09,9.161471046497468e-09,0.39343,1.170144,PRT,701190
20196099,179,8094,1996,5.930434850257648e-09,5.3677231869455804e-08,0.39343,1.170144,PRT,701200
20202625,179,8095,1996,4.575228969565762e-07,7.419979536807586e-07,0.39343,1.170144,PRT,701310
20209151,179,8096,1996,4.5960627659865696e-07,2.2389263767876752e-06,0.39343,1.170144,PRT,701321
20215677,179,8097,1996,2.2173586807333723e-06,5.621099739922744e-06,0.39343,1.170144,PRT,701329
20222203,179,8098,1996,9.620877486387398e-07,1.9343493907664116e-06,0.39343,1.170144,PRT,701331
20228729,179,8099,1996,7.716495762413399e-07,1.9922467590527346e-06,0.39343,1.170144,PRT,701332
20235255,179,8100,1996,2.802270166821648e-06,4.716082155486491e-06,0.39343,1.170144,PRT,701339
20241781,179,8101,1996,3.634183809867596e-07,1.3804761234579279e-06,0.39343,1.170144,PRT,701391
20248307,179,8102,1996,5.963775591345796e-06,2.4592212760843854e-06,0.39343,1.170144,PRT,701399
20254833,179,8103,1996,1.4629416087431694e-08,4.562957457011337e-07,0.39343,1.170144,PRT,701400
20261359,179,8104,1996,7.212857294958994e-08,1.1695568009271292e-06,0.39343,1.170144,PRT,701510
20267885,179,8105,1996,3.130372611301048e-09,2.8350281857710136e-07,0.39343,1.170144,PRT,701590
20274411,179,8106,1996,7.908400028004747e-07,9.208647220028994e-07,0.39343,1.170144,PRT,701610
20280937,179,8107,1996,5.9173739538832946e-08,2.774892981853913e-07,0.39343,1.170144,PRT,701690
20287463,179,8108,1996,2.477509614806665e-08,1.610870449197329e-07,0.39343,1.170144,PRT,701710
20293989,179,8109,1996,3.2855881825990536e-08,2.427909143202617e-07,0.39343,1.170144,PRT,701720
20300515,179,8110,1996,3.431733855324335e-07,3.4503401829942057e-07,0.39343,1.170144,PRT,701790
20307041,179,8111,1996,1.0665358278555591e-07,1.8752976413334652e-07,0.39343,1.170144,PRT,701810
20313567,179,8112,1996,0.0,1.088820384459989e-07,0.39343,1.170144,PRT,701820
20320093,179,8113,1996,8.7633160005215e-08,1.8513217779551413e-07,0.39343,1.170144,PRT,701890
20326619,179,8114,1996,2.097986027353283e-08,6.436306272291933e-07,0.39343,1.170144,PRT,701910
20333145,179,8115,1996,2.0181357676168044e-08,8.848903210793436e-07,0.39343,1.170144,PRT,701920
20339671,179,8116,1996,6.624086632180988e-09,1.1624329799780873e-06,0.39343,1.170144,PRT,701931
20346197,179,8117,1996,5.7419458120941196e-09,1.8366624962683392e-07,0.39343,1.170144,PRT,701932
20352723,179,8118,1996,4.938200673957259e-08,1.801625719307975e-06,0.39343,1.170144,PRT,701939
20359249,179,8119,1996,1.712507762086536e-07,6.886498347824761e-07,0.39343,1.170144,PRT,701990
20365775,179,8120,1996,3.229928460562703e-06,9.150006778951763e-07,0.39343,1.170144,PRT,702000
20372301,179,8121,1996,0.0,2.9416998975254168e-08,0.39343,1.170144,PRT,710110
20378827,179,8122,1996,0.0,2.0554480496730823e-08,0.39343,1.170144,PRT,710121
20385353,179,8123,1996,5.966799294919423e-10,5.805625726757255e-07,0.39343,1.170144,PRT,710122
20391879,179,8124,1996,0.0,2.668890764763931e-07,0.39343,1.170144,PRT,710210
20398405,179,8125,1996,0.0,3.998838601306197e-08,0.39343,1.170144,PRT,710221
20404931,179,8126,1996,0.0,5.365340183659844e-07,0.39343,1.170144,PRT,710229
20411457,179,8127,1996,1.8980512802324612e-07,1.704973293496334e-05,0.39343,1.170144,PRT,710231
20417983,179,8128,1996,1.5429796302289184e-05,1.7131215075685405e-06,0.39343,1.170144,PRT,710239
20424509,179,8129,1996,5.209206697799131e-10,1.5370205476496638e-08,0.39343,1.170144,PRT,710310
20431035,179,8130,1996,3.498895954244243e-08,3.9840136031183e-07,0.39343,1.170144,PRT,710391
20437561,179,8131,1996,2.0516213604095214e-08,1.7962773849516575e-07,0.39343,1.170144,PRT,710399
20444087,179,8132,1996,4.350096692664719e-09,1.4412695533173753e-08,0.39343,1.170144,PRT,710410
20450613,179,8133,1996,0.0,2.2384984967818497e-09,0.39343,1.170144,PRT,710420
20457139,179,8134,1996,2.5476323855961193e-09,4.030692627146544e-07,0.39343,1.170144,PRT,710490
20463665,179,8135,1996,4.513039708453351e-08,1.5304130993180316e-06,0.39343,1.170144,PRT,710510
20470191,179,8136,1996,1.5630650463785873e-09,3.6288599409630553e-09,0.39343,1.170144,PRT,710590
20476717,179,8137,1996,1.3718486748654253e-09,1.363283367902396e-08,0.39343,1.170144,PRT,710610
20483243,179,8138,1996,1.281219387657119e-07,2.0089755084052026e-06,0.39343,1.170144,PRT,710691
20489769,179,8139,1996,3.270515120286748e-07,4.032791923782406e-06,0.39343,1.170144,PRT,710692
20496295,179,8140,1996,7.279252710170617e-09,2.2402617203534932e-07,0.39343,1.170144,PRT,710700
20502821,179,8141,1996,0.0,4.451310935894083e-08,0.39343,1.170144,PRT,710811
20509347,179,8142,1996,1.318477791583495e-07,3.794677959985929e-05,0.39343,1.170144,PRT,710812
20515873,179,8143,1996,1.7466176111792802e-07,2.5279787758400232e-05,0.39343,1.170144,PRT,710813
20522399,179,8144,1996,1.7254322917934082e-08,3.907210633521135e-07,0.39343,1.170144,PRT,710900
20528925,179,8145,1996,1.1030548214071457e-09,5.8061759055408885e-08,0.39343,1.170144,PRT,711011
20535451,179,8146,1996,0.0,7.345085621303028e-08,0.39343,1.170144,PRT,711019
20541977,179,8147,1996,2.948853425031026e-09,1.1354894654981666e-09,0.39343,1.170144,PRT,711021
20548503,179,8148,1996,0.0,5.685799439145986e-08,0.39343,1.170144,PRT,711029
20555029,179,8149,1996,0.0,9.217151790865153e-10,0.39343,1.170144,PRT,711031
20561555,179,8150,1996,0.0,4.0534256167666604e-10,0.39343,1.170144,PRT,711039
20568081,179,8151,1996,9.703245983916704e-09,0.0,0.39343,1.170144,PRT,711041
20574607,179,8152,1996,1.9861047526105583e-09,4.722920281187646e-10,0.39343,1.170144,PRT,711049
20581133,179,8153,1996,4.487372471262915e-09,7.68563303105182e-08,0.39343,1.170144,PRT,711100
20587659,179,8154,1996,3.1321817424229715e-07,3.9622815411647935e-09,0.39343,1.170144,PRT,711210
20594185,179,8155,1996,4.864762677962806e-07,0.0,0.39343,1.170144,PRT,711220
20600711,179,8156,1996,2.516852913560316e-07,1.0443785331965187e-08,0.39343,1.170144,PRT,711290
20607237,179,8157,1996,3.5268571818187586e-07,9.042519742011977e-07,0.39343,1.170144,PRT,711311
20613763,179,8158,1996,5.213573158491893e-06,2.770769723303585e-05,0.39343,1.170144,PRT,711319
20620289,179,8159,1996,8.969108453603256e-08,5.179111294060088e-07,0.39343,1.170144,PRT,711320
20626815,179,8160,1996,8.933904640800271e-07,1.246222888694391e-06,0.39343,1.170144,PRT,711411
20633341,179,8161,1996,8.733518368491565e-07,6.997177084575625e-07,0.39343,1.170144,PRT,711419
20639867,179,8162,1996,7.750778342618287e-08,2.2665012711367653e-07,0.39343,1.170144,PRT,711420
20646393,179,8163,1996,3.4503797243246597e-09,3.7982122620913675e-07,0.39343,1.170144,PRT,711510
20652919,179,8164,1996,3.1598187203659194e-07,8.088864364504545e-07,0.39343,1.170144,PRT,711590
20659445,179,8165,1996,1.736735573342443e-08,1.0422573619825116e-07,0.39343,1.170144,PRT,711610
20665971,179,8166,1996,4.0758481725071725e-09,2.70772476963037e-07,0.39343,1.170144,PRT,711620
20672497,179,8167,1996,4.1119095801300985e-09,8.532709498045462e-08,0.39343,1.170144,PRT,711711
20679023,179,8168,1996,2.961859774738387e-07,2.4565522461177606e-06,0.39343,1.170144,PRT,711719
20685549,179,8169,1996,1.2965803351563302e-07,7.790120599321801e-07,0.39343,1.170144,PRT,711790
20692075,179,8170,1996,2.7022115791125437e-08,2.712954782404906e-07,0.39343,1.170144,PRT,711810
20698601,179,8171,1996,1.0949758539514548e-07,1.2330023576700897e-06,0.39343,1.170144,PRT,720110
20705127,179,8172,1996,9.56233376085233e-09,1.8532739183380324e-08,0.39343,1.170144,PRT,720120
20711653,179,8173,1996,3.731598096375712e-09,2.945942239953431e-08,0.39343,1.170144,PRT,720130
20718179,179,8174,1996,0.0,0.0,0.39343,1.170144,PRT,720140
20724705,179,8175,1996,4.3031259516432606e-10,2.2137039938881202e-07,0.39343,1.170144,PRT,720211
20731231,179,8176,1996,0.0,7.307898838457465e-08,0.39343,1.170144,PRT,720219
20737757,179,8177,1996,1.818949521981937e-08,1.139753351071323e-06,0.39343,1.170144,PRT,720221
20744283,179,8178,1996,1.0233560801900908e-09,1.7013682304449282e-07,0.39343,1.170144,PRT,720229
20750809,179,8179,1996,0.0,1.5020185711545294e-06,0.39343,1.170144,PRT,720230
20757335,179,8180,1996,0.0,2.4512519695467603e-07,0.39343,1.170144,PRT,720241
20763861,179,8181,1996,0.0,1.908725973934208e-07,0.39343,1.170144,PRT,720249
20770387,179,8182,1996,0.0,0.0,0.39343,1.170144,PRT,720250
20776913,179,8183,1996,0.0,1.5889892423928374e-08,0.39343,1.170144,PRT,720260
20783439,179,8184,1996,0.0,2.192508853398159e-07,0.39343,1.170144,PRT,720270
20789965,179,8185,1996,0.0,4.4639716765776875e-08,0.39343,1.170144,PRT,720280
20796491,179,8186,1996,0.0,3.716424540141285e-08,0.39343,1.170144,PRT,720291
20803017,179,8187,1996,0.0,1.4645692933712344e-08,0.39343,1.170144,PRT,720292
20809543,179,8188,1996,0.0,7.556009583895857e-09,0.39343,1.170144,PRT,720293
20816069,179,8189,1996,1.580641194631778e-09,5.897097921031289e-07,0.39343,1.170144,PRT,720299
20822595,179,8190,1996,0.0,1.1885187458483437e-09,0.39343,1.170144,PRT,720310
20829121,179,8191,1996,0.0,6.604697437713898e-08,0.39343,1.170144,PRT,720390
20835647,179,8192,1996,5.078594703685203e-07,1.4458433287475781e-08,0.39343,1.170144,PRT,720410
20842173,179,8193,1996,6.112605566161194e-07,5.448095689976317e-09,0.39343,1.170144,PRT,720421
20848699,179,8194,1996,5.3976048248510045e-08,1.141415487577299e-07,0.39343,1.170144,PRT,720429
20855225,179,8195,1996,2.9300772501039967e-07,2.234852733757775e-09,0.39343,1.170144,PRT,720430
20861751,179,8196,1996,4.063826693176068e-07,1.4607578138460653e-08,0.39343,1.170144,PRT,720441
20868277,179,8197,1996,1.0585895906228837e-06,1.2584855783423674e-06,0.39343,1.170144,PRT,720449
20874803,179,8198,1996,1.2024303636306864e-06,4.5538894500714567e-10,0.39343,1.170144,PRT,720450
20881329,179,8199,1996,3.268921145462407e-08,2.001342274931797e-06,0.39343,1.170144,PRT,720510
20887855,179,8200,1996,1.0733571916000301e-09,3.180364802401432e-08,0.39343,1.170144,PRT,720521
20894381,179,8201,1996,5.221328179353055e-10,3.2617282901087136e-07,0.39343,1.170144,PRT,720529
20900907,179,8202,1996,1.9475281375651933e-08,3.018791213834487e-08,0.39343,1.170144,PRT,720610
20907433,179,8203,1996,2.4742974221948747e-09,2.3512685757765233e-07,0.39343,1.170144,PRT,720690
20913959,179,8204,1996,3.7316059753387223e-06,1.0323740298572473e-07,0.39343,1.170144,PRT,720711
20920485,179,8205,1996,1.2532702815641572e-08,1.0236971138599497e-08,0.39343,1.170144,PRT,720712
20927011,179,8206,1996,9.740449841176089e-07,2.189910418661e-08,0.39343,1.170144,PRT,720719
20933537,179,8207,1996,6.624454216109111e-06,3.764316608957539e-08,0.39343,1.170144,PRT,720720
20940063,179,8208,1996,0.0,0.0,0.39343,1.170144,PRT,720811
20946589,179,8209,1996,0.0,0.0,0.39343,1.170144,PRT,720812
20953115,179,8210,1996,0.0,6.75361028559724e-09,0.39343,1.170144,PRT,720813
20959641,179,8211,1996,0.0,0.0,0.39343,1.170144,PRT,720814
20966167,179,8212,1996,6.097105221624113e-10,5.10290158953684e-07,0.39343,1.170144,PRT,720821
20972693,179,8213,1996,4.3272658821579016e-07,2.556829952393941e-06,0.39343,1.170144,PRT,720822
20979219,179,8214,1996,2.2395888718291924e-06,5.843439580842958e-06,0.39343,1.170144,PRT,720823
20985745,179,8215,1996,6.024854827784906e-06,3.399037005719427e-05,0.39343,1.170144,PRT,720824
20992271,179,8216,1996,0.0,0.0,0.39343,1.170144,PRT,720831
20998797,179,8217,1996,0.0,1.6949086012322721e-07,0.39343,1.170144,PRT,720832
21005323,179,8218,1996,0.0,7.980972979302088e-08,0.39343,1.170144,PRT,720833
21011849,179,8219,1996,0.0,0.0,0.39343,1.170144,PRT,720834
21018375,179,8220,1996,0.0,0.0,0.39343,1.170144,PRT,720835
21024901,179,8221,1996,0.0,0.0,0.39343,1.170144,PRT,720841
21031427,179,8222,1996,5.026020807815444e-07,1.017857662080989e-05,0.39343,1.170144,PRT,720842
21037953,179,8223,1996,1.3128688790314552e-06,5.7237206775243975e-06,0.39343,1.170144,PRT,720843
21044479,179,8224,1996,3.147900273628023e-07,3.2979525915159194e-06,0.39343,1.170144,PRT,720844
21051005,179,8225,1996,3.3794690572342e-08,1.2253999474658875e-06,0.39343,1.170144,PRT,720845
21057531,179,8226,1996,1.8733840652702244e-07,6.906158953514589e-07,0.39343,1.170144,PRT,720890
21064057,179,8227,1996,0.0,0.0,0.39343,1.170144,PRT,720911
21070583,179,8228,1996,0.0,0.0,0.39343,1.170144,PRT,720912
21077109,179,8229,1996,0.0,0.0,0.39343,1.170144,PRT,720913
21083635,179,8230,1996,0.0,0.0,0.39343,1.170144,PRT,720914
21090161,179,8231,1996,1.0842059175907927e-08,2.0282804864836824e-07,0.39343,1.170144,PRT,720921
21096687,179,8232,1996,2.294932829271063e-07,7.589962243506061e-06,0.39343,1.170144,PRT,720922
21103213,179,8233,1996,1.6750493537145202e-07,8.18172393732574e-06,0.39343,1.170144,PRT,720923
21109739,179,8234,1996,2.6364222379786174e-09,5.059006602726981e-07,0.39343,1.170144,PRT,720924
21116265,179,8235,1996,0.0,0.0,0.39343,1.170144,PRT,720931
21122791,179,8236,1996,0.0,0.0,0.39343,1.170144,PRT,720932
21129317,179,8237,1996,0.0,0.0,0.39343,1.170144,PRT,720933
21135843,179,8238,1996,0.0,0.0,0.39343,1.170144,PRT,720934
21142369,179,8239,1996,8.681708125959703e-09,4.85598731723635e-07,0.39343,1.170144,PRT,720941
21148895,179,8240,1996,7.887781387881521e-08,1.0692346826286555e-06,0.39343,1.170144,PRT,720942
21155421,179,8241,1996,2.900549321038636e-08,7.091512859988567e-07,0.39343,1.170144,PRT,720943
21161947,179,8242,1996,6.272866704156021e-10,2.0099091551723678e-08,0.39343,1.170144,PRT,720944
21168473,179,8243,1996,1.235369883679399e-07,3.056057540600574e-07,0.39343,1.170144,PRT,720990
21174999,179,8244,1996,3.7076884740105954e-08,1.994398090669941e-08,0.39343,1.170144,PRT,721011
21181525,179,8245,1996,7.530707693377124e-06,8.156986440908388e-06,0.39343,1.170144,PRT,721012
21188051,179,8246,1996,2.0015929756660856e-07,1.638485446939684e-07,0.39343,1.170144,PRT,721020
21194577,179,8247,1996,0.0,0.0,0.39343,1.170144,PRT,721031
21201103,179,8248,1996,2.3256850279733698e-07,8.353717779481496e-06,0.39343,1.170144,PRT,721039
21207629,179,8249,1996,3.736616389739037e-07,9.727803874657228e-07,0.39343,1.170144,PRT,721041
21214155,179,8250,1996,1.0006250294764626e-05,1.5815525818330297e-05,0.39343,1.170144,PRT,721049
21220681,179,8251,1996,1.5162761275804378e-08,1.2690006217698033e-07,0.39343,1.170144,PRT,721050
21227207,179,8252,1996,1.5573679500482425e-08,1.4294078976020473e-06,0.39343,1.170144,PRT,721060
21233733,179,8253,1996,3.1839689541398813e-06,8.824072581702468e-06,0.39343,1.170144,PRT,721070
21240259,179,8254,1996,7.3205869622695e-08,1.6904031010005204e-06,0.39343,1.170144,PRT,721090
21246785,179,8255,1996,0.0,0.0,0.39343,1.170144,PRT,721111
21253311,179,8256,1996,0.0,0.0,0.39343,1.170144,PRT,721112
21259837,179,8257,1996,0.0,2.5994091501851113e-07,0.39343,1.170144,PRT,721119
21266363,179,8258,1996,4.486766397185219e-09,7.608674287943626e-08,0.39343,1.170144,PRT,721121
21272889,179,8259,1996,7.930782343694069e-09,4.1996836863024707e-07,0.39343,1.170144,PRT,721122
21279415,179,8260,1996,4.9459281184478866e-08,9.28805193869334e-07,0.39343,1.170144,PRT,721129
21285941,179,8261,1996,0.0,0.0,0.39343,1.170144,PRT,721130
21292467,179,8262,1996,5.802222909491398e-07,2.8161358417802587e-06,0.39343,1.170144,PRT,721141
21298993,179,8263,1996,1.6903406026947962e-08,2.1683284958574847e-06,0.39343,1.170144,PRT,721149
21305519,179,8264,1996,7.696231675625625e-09,1.0257881246707574e-06,0.39343,1.170144,PRT,721190
21312045,179,8265,1996,1.2173482709791016e-07,3.7636040280028334e-07,0.39343,1.170144,PRT,721210
21318571,179,8266,1996,6.404081741977256e-09,0.0,0.39343,1.170144,PRT,721221
21325097,179,8267,1996,2.9037857566135343e-07,5.618071105148744e-07,0.39343,1.170144,PRT,721229
21331623,179,8268,1996,2.1642905314532513e-08,8.643762754088798e-07,0.39343,1.170144,PRT,721230
21338149,179,8269,1996,7.057568994771666e-07,1.5759009531364091e-06,0.39343,1.170144,PRT,721240
21344675,179,8270,1996,1.6260967504589955e-09,9.264652768738825e-07,0.39343,1.170144,PRT,721250
21351201,179,8271,1996,4.007664838766346e-09,8.826392281284786e-08,0.39343,1.170144,PRT,721260
21357727,179,8272,1996,6.208119810435732e-07,1.2847552895288385e-06,0.39343,1.170144,PRT,721310
21364253,179,8273,1996,2.7498793053233523e-08,1.2754751654675577e-06,0.39343,1.170144,PRT,721320
21370779,179,8274,1996,3.407956660145195e-06,1.0295753764434665e-05,0.39343,1.170144,PRT,721331
21377305,179,8275,1996,5.991354386177286e-07,1.1006525426381222e-07,0.39343,1.170144,PRT,721339
21383831,179,8276,1996,0.0,0.0,0.39343,1.170144,PRT,721341
21390357,179,8277,1996,0.0,0.0,0.39343,1.170144,PRT,721349
21396883,179,8278,1996,0.0,0.0,0.39343,1.170144,PRT,721350
21403409,179,8279,1996,5.113083349076507e-08,1.0075434007662791e-06,0.39343,1.170144,PRT,721410
21409935,179,8280,1996,1.1485628026420839e-06,4.2071206451519804e-05,0.39343,1.170144,PRT,721420
21416461,179,8281,1996,1.5478525870284117e-08,6.028945283631939e-07,0.39343,1.170144,PRT,721430
21422987,179,8282,1996,2.902003898825107e-07,7.451178982468611e-06,0.39343,1.170144,PRT,721440
21429513,179,8283,1996,0.0,0.0,0.39343,1.170144,PRT,721450
21436039,179,8284,1996,0.0,0.0,0.39343,1.170144,PRT,721460
21442565,179,8285,1996,3.4028029092255055e-08,7.856529829970331e-07,0.39343,1.170144,PRT,721510
21449091,179,8286,1996,0.0,0.0,0.39343,1.170144,PRT,721520
21455617,179,8287,1996,0.0,0.0,0.39343,1.170144,PRT,721530
21462143,179,8288,1996,6.619086521039994e-08,6.093783521850095e-07,0.39343,1.170144,PRT,721540
21468669,179,8289,1996,1.6536731209941743e-08,6.22096430777993e-07,0.39343,1.170144,PRT,721590
21475195,179,8290,1996,1.584150363541639e-07,8.383120526837656e-07,0.39343,1.170144,PRT,721610
21481721,179,8291,1996,1.6191268985654887e-08,2.250867907856531e-06,0.39343,1.170144,PRT,721621
21488247,179,8292,1996,1.0692964952794654e-08,8.934028463075558e-07,0.39343,1.170144,PRT,721622
21494773,179,8293,1996,3.7606654091420234e-07,2.4785723233501693e-06,0.39343,1.170144,PRT,721631
21501299,179,8294,1996,3.6235290275816967e-07,4.4480910642778205e-06,0.39343,1.170144,PRT,721632
21507825,179,8295,1996,9.337086329876525e-08,5.109179924897299e-06,0.39343,1.170144,PRT,721633
21514351,179,8296,1996,1.9092242558547913e-08,7.277781521548587e-07,0.39343,1.170144,PRT,721640
21520877,179,8297,1996,9.152627684329677e-09,1.7791661619146643e-06,0.39343,1.170144,PRT,721650
21527403,179,8298,1996,9.540969649613538e-08,1.2355968152112221e-06,0.39343,1.170144,PRT,721660
21533929,179,8299,1996,1.8421288250834296e-07,1.6070225120419194e-06,0.39343,1.170144,PRT,721690
21540455,179,8300,1996,1.3250415738449452e-06,6.171774678760108e-06,0.39343,1.170144,PRT,721711
21546981,179,8301,1996,7.45035651341543e-07,2.248420275135368e-06,0.39343,1.170144,PRT,721712
21553507,179,8302,1996,1.039415528063847e-06,1.288235667484821e-06,0.39343,1.170144,PRT,721713
21560033,179,8303,1996,1.520791379459275e-08,0.0,0.39343,1.170144,PRT,721719
21566559,179,8304,1996,0.0,0.0,0.39343,1.170144,PRT,721721
21573085,179,8305,1996,0.0,3.7455243577334446e-09,0.39343,1.170144,PRT,721722
21579611,179,8306,1996,0.0,0.0,0.39343,1.170144,PRT,721723
21586137,179,8307,1996,0.0,0.0,0.39343,1.170144,PRT,721729
21592663,179,8308,1996,0.0,4.033539636635344e-09,0.39343,1.170144,PRT,721731
21599189,179,8309,1996,0.0,2.8894991996807112e-08,0.39343,1.170144,PRT,721732
21605715,179,8310,1996,0.0,0.0,0.39343,1.170144,PRT,721733
21612241,179,8311,1996,2.4941342267578727e-07,1.0999260414973248e-06,0.39343,1.170144,PRT,721739
21618767,179,8312,1996,0.0,8.733524754071538e-08,0.39343,1.170144,PRT,721810
21625293,179,8313,1996,3.3349226125235268e-09,5.646624058287293e-08,0.39343,1.170144,PRT,721890
21631819,179,8314,1996,0.0,3.1891477769594304e-08,0.39343,1.170144,PRT,721911
21638345,179,8315,1996,3.0143094254222194e-09,5.0689031921723325e-08,0.39343,1.170144,PRT,721912
21644871,179,8316,1996,0.0,9.225537045820525e-08,0.39343,1.170144,PRT,721913
21651397,179,8317,1996,2.492237214894683e-07,5.086774059650343e-07,0.39343,1.170144,PRT,721914
21657923,179,8318,1996,0.0,1.6715710778161637e-06,0.39343,1.170144,PRT,721921
21664449,179,8319,1996,7.288495339855484e-08,7.78484750025698e-07,0.39343,1.170144,PRT,721922
21670975,179,8320,1996,4.0385746167288544e-08,2.477759981061805e-07,0.39343,1.170144,PRT,721923
21677501,179,8321,1996,2.1180955652512442e-07,1.9815351758550013e-07,0.39343,1.170144,PRT,721924
21684027,179,8322,1996,1.4306984678097297e-08,2.2623053293290576e-07,0.39343,1.170144,PRT,721931
21690553,179,8323,1996,1.4973060089485459e-07,1.3780351193968089e-06,0.39343,1.170144,PRT,721932
21697079,179,8324,1996,7.907851530964431e-07,7.145064147317192e-06,0.39343,1.170144,PRT,721933
21703605,179,8325,1996,2.496349427511852e-07,9.661259750776805e-06,0.39343,1.170144,PRT,721934
21710131,179,8326,1996,8.496552495223503e-09,2.593781417807949e-07,0.39343,1.170144,PRT,721935
21716657,179,8327,1996,1.9198305522144754e-08,1.2739376477704047e-06,0.39343,1.170144,PRT,721990
21723183,179,8328,1996,6.278927444932983e-10,1.646625441473436e-07,0.39343,1.170144,PRT,722011
21729709,179,8329,1996,1.731256663680069e-07,9.346046085416302e-08,0.39343,1.170144,PRT,722012
21736235,179,8330,1996,1.767645351304951e-07,2.2617670821335033e-06,0.39343,1.170144,PRT,722020
21742761,179,8331,1996,2.0683187012500526e-08,6.965051283673483e-07,0.39343,1.170144,PRT,722090
21749287,179,8332,1996,0.0,1.189788134246726e-06,0.39343,1.170144,PRT,722100
21755813,179,8333,1996,5.0206873559317167e-08,5.38833500535169e-07,0.39343,1.170144,PRT,722210
21762339,179,8334,1996,4.330762929586209e-08,1.3152060280379189e-06,0.39343,1.170144,PRT,722220
21768865,179,8335,1996,1.1544862676404481e-07,2.590500231086282e-07,0.39343,1.170144,PRT,722230
21775391,179,8336,1996,1.4708508754571052e-08,3.8409008327732603e-07,0.39343,1.170144,PRT,722240
21781917,179,8337,1996,6.734907277287745e-08,1.3765231220408243e-06,0.39343,1.170144,PRT,722300
21788443,179,8338,1996,2.7031509939329726e-08,0.0,0.39343,1.170144,PRT,722410
21794969,179,8339,1996,9.610486346325296e-08,1.154964137273767e-06,0.39343,1.170144,PRT,722490
21801495,179,8340,1996,7.330011414177676e-08,2.3127623581492486e-06,0.39343,1.170144,PRT,722510
21808021,179,8341,1996,0.0,1.607678749386253e-07,0.39343,1.170144,PRT,722520
21814547,179,8342,1996,1.350030008068361e-09,1.0973746702464769e-09,0.39343,1.170144,PRT,722530
21821073,179,8343,1996,3.1623733226034094e-08,1.7041184614970892e-06,0.39343,1.170144,PRT,722540
21827599,179,8344,1996,4.052817357554716e-09,3.7566578551429644e-06,0.39343,1.170144,PRT,722550
21834125,179,8345,1996,5.0947496082261966e-08,3.05650828948355e-07,0.39343,1.170144,PRT,722590
21840651,179,8346,1996,3.3454076940676715e-08,3.339388014016537e-06,0.39343,1.170144,PRT,722610
21847177,179,8347,1996,2.1364111238792244e-08,6.78443355480078e-10,0.39343,1.170144,PRT,722620
21853703,179,8348,1996,4.627375583210746e-10,2.763345856057662e-07,0.39343,1.170144,PRT,722691
21860229,179,8349,1996,0.0,4.12220459338084e-07,0.39343,1.170144,PRT,722692
21866755,179,8350,1996,3.0634499116418297e-07,7.53870878118161e-08,0.39343,1.170144,PRT,722699
21873281,179,8351,1996,0.0,3.1167959525816575e-08,0.39343,1.170144,PRT,722710
21879807,179,8352,1996,0.0,5.963805441381789e-09,0.39343,1.170144,PRT,722720
21886333,179,8353,1996,1.396481949679311e-06,6.550299339064682e-07,0.39343,1.170144,PRT,722790
21892859,179,8354,1996,0.0,1.4879021767253123e-07,0.39343,1.170144,PRT,722810
21899385,179,8355,1996,1.3052108300227245e-08,2.4993660984744805e-07,0.39343,1.170144,PRT,722820
21905911,179,8356,1996,3.216465434037798e-08,4.341733551009492e-06,0.39343,1.170144,PRT,722830
21912437,179,8357,1996,1.4123671512557294e-06,3.301574491363837e-06,0.39343,1.170144,PRT,722840
21918963,179,8358,1996,4.3297629073580104e-08,3.284646882210056e-07,0.39343,1.170144,PRT,722850
21925489,179,8359,1996,5.3804226247483166e-09,2.9039894505363973e-07,0.39343,1.170144,PRT,722860
21932015,179,8360,1996,4.653133731512836e-09,1.5497442606036844e-07,0.39343,1.170144,PRT,722870
21938541,179,8361,1996,4.09245460223605e-08,6.374020068190628e-08,0.39343,1.170144,PRT,722880
21945067,179,8362,1996,0.0,8.908919098829749e-10,0.39343,1.170144,PRT,722910
21951593,179,8363,1996,1.3938188601819138e-08,8.44434945966198e-08,0.39343,1.170144,PRT,722920
21958119,179,8364,1996,2.946695801314427e-07,1.09070590680944e-06,0.39343,1.170144,PRT,722990
21964645,179,8365,1996,1.003707461628218e-06,6.390651376240453e-07,0.39343,1.170144,PRT,730110
21971171,179,8366,1996,7.840174269078482e-09,1.0408288857430786e-06,0.39343,1.170144,PRT,730120
21977697,179,8367,1996,1.2420276074228922e-08,1.2061609245548433e-06,0.39343,1.170144,PRT,730210
21984223,179,8368,1996,3.2609815750445864e-09,0.0,0.39343,1.170144,PRT,730220
21990749,179,8369,1996,0.0,7.107110097071564e-07,0.39343,1.170144,PRT,730230
21997275,179,8370,1996,1.6600368988099847e-09,1.4717448178686175e-07,0.39343,1.170144,PRT,730240
22003801,179,8371,1996,5.651489255997957e-08,5.703063784229991e-07,0.39343,1.170144,PRT,730290
22010327,179,8372,1996,1.1084306984763113e-07,6.307724187628845e-06,0.39343,1.170144,PRT,730300
22016853,179,8373,1996,1.2332395332962966e-07,1.2804307517162817e-06,0.39343,1.170144,PRT,730410
22023379,179,8374,1996,4.05542347608881e-08,2.1194444480656804e-07,0.39343,1.170144,PRT,730420
22029905,179,8375,1996,5.0965375267554e-08,1.4198878160471817e-06,0.39343,1.170144,PRT,730431
22036431,179,8376,1996,3.4063938981358554e-07,3.15509436171656e-06,0.39343,1.170144,PRT,730439
22042957,179,8377,1996,4.338944929635108e-08,5.97614137772325e-07,0.39343,1.170144,PRT,730441
22049483,179,8378,1996,3.164615796690885e-09,1.0497189131607838e-06,0.39343,1.170144,PRT,730449
22056009,179,8379,1996,2.111501479285909e-08,1.2211794796160179e-06,0.39343,1.170144,PRT,730451
22062535,179,8380,1996,6.146803295995204e-09,8.937395822377794e-07,0.39343,1.170144,PRT,730459
22069061,179,8381,1996,1.1254947141338487e-07,6.885209073446248e-07,0.39343,1.170144,PRT,730490
22075587,179,8382,1996,0.0,1.3306372171868183e-07,0.39343,1.170144,PRT,730511
22082113,179,8383,1996,1.0795876331187475e-07,1.7583359291601125e-06,0.39343,1.170144,PRT,730512
22088639,179,8384,1996,4.390461226239288e-08,4.7601534646535143e-07,0.39343,1.170144,PRT,730519
22095165,179,8385,1996,0.0,1.5656895023389781e-09,0.39343,1.170144,PRT,730520
22101691,179,8386,1996,1.4849117940596578e-08,1.0180110492744018e-06,0.39343,1.170144,PRT,730531
22108217,179,8387,1996,1.4906391940938873e-09,9.575198863129505e-08,0.39343,1.170144,PRT,730539
22114743,179,8388,1996,3.151212468462633e-07,2.2503969415604207e-08,0.39343,1.170144,PRT,730590
22121269,179,8389,1996,1.768918106868113e-08,1.540277539762171e-06,0.39343,1.170144,PRT,730610
22127795,179,8390,1996,0.0,1.2670683673670436e-09,0.39343,1.170144,PRT,730620
22134321,179,8391,1996,1.1770470721456515e-06,4.9778893697403255e-06,0.39343,1.170144,PRT,730630
22140847,179,8392,1996,1.7731363824488787e-07,4.30963492761353e-06,0.39343,1.170144,PRT,730640
22147373,179,8393,1996,1.0294774283748228e-08,1.5580566002985746e-07,0.39343,1.170144,PRT,730650
22153899,179,8394,1996,2.1141245678941785e-06,5.200154306802045e-06,0.39343,1.170144,PRT,730660
22160425,179,8395,1996,1.3747457089568134e-07,1.0602730656824778e-06,0.39343,1.170144,PRT,730690
22166951,179,8396,1996,1.1117738030888837e-06,5.910414899059227e-07,0.39343,1.170144,PRT,730711
22173477,179,8397,1996,2.523695489897506e-07,2.338461010272949e-06,0.39343,1.170144,PRT,730719
22180003,179,8398,1996,1.0318108135739534e-08,7.331244979131631e-07,0.39343,1.170144,PRT,730721
22186529,179,8399,1996,3.976027771910603e-08,1.9058027348549045e-07,0.39343,1.170144,PRT,730722
22193055,179,8400,1996,9.702942946877857e-09,3.6320218118039345e-07,0.39343,1.170144,PRT,730723
22199581,179,8401,1996,6.75099854405058e-08,8.896768764969515e-07,0.39343,1.170144,PRT,730729
22206107,179,8402,1996,6.17903431544709e-07,7.500550899639637e-07,0.39343,1.170144,PRT,730791
22212633,179,8403,1996,1.290471108453152e-07,3.969914443205197e-07,0.39343,1.170144,PRT,730792
22219159,179,8404,1996,1.315756518974639e-08,1.0116697416435274e-06,0.39343,1.170144,PRT,730793
22225685,179,8405,1996,3.26652109211473e-07,2.6268213109301265e-06,0.39343,1.170144,PRT,730799
22232211,179,8406,1996,4.884144017856416e-06,6.419275918907474e-06,0.39343,1.170144,PRT,730810
22238737,179,8407,1996,1.5535466529883678e-07,8.715332396581406e-07,0.39343,1.170144,PRT,730820
22245263,179,8408,1996,2.900000823998321e-07,2.794136644826988e-06,0.39343,1.170144,PRT,730830
22251789,179,8409,1996,1.4288926700952337e-06,8.987753752730332e-06,0.39343,1.170144,PRT,730840
22258315,179,8410,1996,6.5815520503712276e-06,2.091424704341053e-05,0.39343,1.170144,PRT,730890
22264841,179,8411,1996,2.726317569478834e-06,2.268420931085442e-06,0.39343,1.170144,PRT,730900
22271367,179,8412,1996,1.7936159285712734e-06,2.4274729773717367e-06,0.39343,1.170144,PRT,731010
22277893,179,8413,1996,4.735024339631879e-06,6.12079266006445e-06,0.39343,1.170144,PRT,731021
22284419,179,8414,1996,5.304843672074401e-06,1.863636171151459e-06,0.39343,1.170144,PRT,731029
22290945,179,8415,1996,8.766011514982055e-06,6.159315117908831e-06,0.39343,1.170144,PRT,731100
22297471,179,8416,1996,2.799689503398817e-06,8.554701403472685e-06,0.39343,1.170144,PRT,731210
22303997,179,8417,1996,2.613470212656261e-07,2.538153702720613e-07,0.39343,1.170144,PRT,731290
22310523,179,8418,1996,4.4121738300727555e-07,3.198209155239267e-07,0.39343,1.170144,PRT,731300
22317049,179,8419,1996,3.2573451305784093e-08,3.0681946171407206e-07,0.39343,1.170144,PRT,731411
22323575,179,8420,1996,1.9876350896567413e-07,2.749107494283639e-07,0.39343,1.170144,PRT,731419
22330101,179,8421,1996,2.404932244002541e-08,5.61498877822839e-07,0.39343,1.170144,PRT,731420
22336627,179,8422,1996,1.0859968664903851e-07,7.713231457144066e-07,0.39343,1.170144,PRT,731430
22343153,179,8423,1996,6.701515625977071e-07,1.5094761451367752e-06,0.39343,1.170144,PRT,731441
22349679,179,8424,1996,7.923388239946175e-08,1.6091900838762328e-07,0.39343,1.170144,PRT,731442
22356205,179,8425,1996,2.0065718742143601e-07,1.1355822667387795e-07,0.39343,1.170144,PRT,731449
22362731,179,8426,1996,1.3848156297577363e-07,1.2535164033405537e-06,0.39343,1.170144,PRT,731450
22369257,179,8427,1996,1.6505421423087955e-06,8.951760128692648e-07,0.39343,1.170144,PRT,731511
22375783,179,8428,1996,6.11610564395989e-08,3.2527133124491837e-07,0.39343,1.170144,PRT,731512
22382309,179,8429,1996,7.624411897418622e-10,1.1190205596194148e-07,0.39343,1.170144,PRT,731519
22388835,179,8430,1996,6.336504482314125e-10,1.3459063355976475e-07,0.39343,1.170144,PRT,731520
22395361,179,8431,1996,9.852340207029978e-09,9.676120212295936e-08,0.39343,1.170144,PRT,731581
22401887,179,8432,1996,1.6264603949056133e-08,2.3890585666860685e-07,0.39343,1.170144,PRT,731582
22408413,179,8433,1996,5.5980335223451493e-08,2.6531377541699063e-07,0.39343,1.170144,PRT,731589
22414939,179,8434,1996,5.594518292694511e-08,1.47457857003733e-07,0.39343,1.170144,PRT,731590
22421465,179,8435,1996,7.093915257211109e-08,2.1429198476106995e-07,0.39343,1.170144,PRT,731600
22427991,179,8436,1996,1.988996635072286e-06,3.5287151393207525e-06,0.39343,1.170144,PRT,731700
22434517,179,8437,1996,5.1996307273715295e-08,2.1235144453325567e-07,0.39343,1.170144,PRT,731811
22441043,179,8438,1996,7.561531711857638e-08,6.616907429514527e-07,0.39343,1.170144,PRT,731812
22447569,179,8439,1996,5.514668032958032e-09,8.409548994432175e-08,0.39343,1.170144,PRT,731813
22454095,179,8440,1996,4.978534903827944e-08,2.7019866700634786e-06,0.39343,1.170144,PRT,731814
22460621,179,8441,1996,4.898863435944385e-07,1.0931055811751861e-05,0.39343,1.170144,PRT,731815
22467147,179,8442,1996,5.5210166589219e-07,2.3518207431581695e-06,0.39343,1.170144,PRT,731816
22473673,179,8443,1996,1.0037974636287558e-06,1.6900120100579378e-06,0.39343,1.170144,PRT,731819
22480199,179,8444,1996,2.2414740652478667e-08,4.873162175409764e-07,0.39343,1.170144,PRT,731821
22486725,179,8445,1996,3.59271622147162e-08,4.953826339482426e-07,0.39343,1.170144,PRT,731822
22493251,179,8446,1996,2.0016505527034667e-08,6.332693687147731e-07,0.39343,1.170144,PRT,731823
22499777,179,8447,1996,2.1393202794521662e-08,2.420756819015387e-07,0.39343,1.170144,PRT,731824
22506303,179,8448,1996,2.387147000192545e-07,2.2317710697034257e-06,0.39343,1.170144,PRT,731829
22512829,179,8449,1996,1.1038730214120356e-08,6.16044464158029e-08,0.39343,1.170144,PRT,731910
22519355,179,8450,1996,9.494150427111505e-10,5.7436013547276795e-08,0.39343,1.170144,PRT,731920
22525881,179,8451,1996,3.740386170502307e-09,7.888735174792999e-08,0.39343,1.170144,PRT,731930
22532407,179,8452,1996,7.053187079189922e-09,7.150865882020503e-08,0.39343,1.170144,PRT,731990
22538933,179,8453,1996,4.736842864902006e-06,3.2789727492125866e-06,0.39343,1.170144,PRT,732010
22545459,179,8454,1996,1.3942067475916394e-07,3.689366681275609e-06,0.39343,1.170144,PRT,732020
22551985,179,8455,1996,5.841344991206691e-07,1.2019358166429429e-06,0.39343,1.170144,PRT,732090
22558511,179,8456,1996,7.44993529193143e-06,4.582861003091769e-06,0.39343,1.170144,PRT,732111
22565037,179,8457,1996,2.4131445477553247e-08,1.6072810297836266e-07,0.39343,1.170144,PRT,732112
22571563,179,8458,1996,2.3028845211704376e-07,5.243217065343409e-07,0.39343,1.170144,PRT,732113
22578089,179,8459,1996,4.565322688765817e-07,1.571966180534426e-06,0.39343,1.170144,PRT,732181
22584615,179,8460,1996,1.6279483067663574e-07,2.851894811252392e-07,0.39343,1.170144,PRT,732182
22591141,179,8461,1996,4.1890961442951025e-07,4.2280096078345195e-06,0.39343,1.170144,PRT,732183
22597667,179,8462,1996,4.6712462553247875e-07,2.1480882138468285e-06,0.39343,1.170144,PRT,732190
22604193,179,8463,1996,5.621337070632569e-09,2.319189175494688e-07,0.39343,1.170144,PRT,732211
22610719,179,8464,1996,9.219689781026764e-08,1.24071347789901e-06,0.39343,1.170144,PRT,732219
22617245,179,8465,1996,2.3510522584953457e-08,7.005658455101631e-07,0.39343,1.170144,PRT,732290
22623771,179,8466,1996,4.2129269770301185e-07,4.910123583813837e-07,0.39343,1.170144,PRT,732310
22630297,179,8467,1996,2.3261426139020304e-08,3.977626889166126e-08,0.39343,1.170144,PRT,732391
22636823,179,8468,1996,3.8662374527359304e-08,1.1130845945502168e-07,0.39343,1.170144,PRT,732392
22643349,179,8469,1996,7.001502293992143e-06,5.2237095817005915e-06,0.39343,1.170144,PRT,732393
22649875,179,8470,1996,8.859827236653848e-07,8.169896419209638e-07,0.39343,1.170144,PRT,732394
22656401,179,8471,1996,1.7558335736047291e-06,2.480054160302955e-06,0.39343,1.170144,PRT,732399
22662927,179,8472,1996,1.4712787637559588e-06,1.512909459606447e-06,0.39343,1.170144,PRT,732410
22669453,179,8473,1996,2.6537495928229137e-06,1.1316183280326038e-07,0.39343,1.170144,PRT,732421
22675979,179,8474,1996,2.456048531715441e-06,6.757597424613569e-07,0.39343,1.170144,PRT,732429
22682505,179,8475,1996,1.089263302732129e-06,8.361381836224106e-07,0.39343,1.170144,PRT,732490
22689031,179,8476,1996,3.0033128173564987e-06,1.8546954344844192e-06,0.39343,1.170144,PRT,732510
22695557,179,8477,1996,1.070332881952326e-07,1.8868348241396506e-07,0.39343,1.170144,PRT,732591
22702083,179,8478,1996,3.5851018097964836e-06,1.2350648652427094e-06,0.39343,1.170144,PRT,732599
22708609,179,8479,1996,4.3530058482376607e-08,4.0196227648734446e-07,0.39343,1.170144,PRT,732611
22715135,179,8480,1996,3.6715773683132986e-06,1.7514066593833552e-06,0.39343,1.170144,PRT,732619
22721661,179,8481,1996,1.501110638971284e-06,2.9695485555343145e-06,0.39343,1.170144,PRT,732620
22728187,179,8482,1996,1.0381726216490114e-05,1.8884724346034644e-05,0.39343,1.170144,PRT,732690
22734713,179,8483,1996,1.204875266460113e-09,1.9296029387420683e-09,0.39343,1.170144,PRT,740110
22741239,179,8484,1996,0.0,0.0,0.39343,1.170144,PRT,740120
22747765,179,8485,1996,1.3737881119140533e-08,2.4194277726766104e-08,0.39343,1.170144,PRT,740200
22754291,179,8486,1996,0.0,8.582656451475285e-08,0.39343,1.170144,PRT,740311
22760817,179,8487,1996,1.6777978996568727e-07,2.5853431335722268e-08,0.39343,1.170144,PRT,740312
22767343,179,8488,1996,0.0,0.0,0.39343,1.170144,PRT,740313
22773869,179,8489,1996,1.458259686492966e-07,2.657197808446717e-08,0.39343,1.170144,PRT,740319
22780395,179,8490,1996,1.3405146450485301e-08,1.5829800306301556e-06,0.39343,1.170144,PRT,740321
22786921,179,8491,1996,2.1488356424719973e-08,3.004585995360683e-07,0.39343,1.170144,PRT,740322
22793447,179,8492,1996,2.7261212014776602e-09,2.985283337313219e-08,0.39343,1.170144,PRT,740323
22799973,179,8493,1996,4.5741198540035776e-07,4.6971016503171534e-08,0.39343,1.170144,PRT,740329
22806499,179,8494,1996,2.7654305600829602e-06,2.8239516948378704e-07,0.39343,1.170144,PRT,740400
22813025,179,8495,1996,0.0,2.0573040744853385e-08,0.39343,1.170144,PRT,740500
22819551,179,8496,1996,0.0,1.9829305087942153e-08,0.39343,1.170144,PRT,740610
22826077,179,8497,1996,2.2902327247985287e-08,6.917338188678411e-08,0.39343,1.170144,PRT,740620
22832603,179,8498,1996,3.976555056358199e-07,8.185506913612721e-07,0.39343,1.170144,PRT,740710
22839129,179,8499,1996,3.157818675909522e-07,7.2158708310387615e-06,0.39343,1.170144,PRT,740721
22845655,179,8500,1996,3.467046761461306e-09,7.832756140723342e-08,0.39343,1.170144,PRT,740722
22852181,179,8501,1996,3.013066973562942e-08,3.3474004068444463e-07,0.39343,1.170144,PRT,740729
22858707,179,8502,1996,8.759618948647553e-08,2.0426122460777217e-05,0.39343,1.170144,PRT,740811
22865233,179,8503,1996,5.58667872449951e-07,7.74210623172774e-06,0.39343,1.170144,PRT,740819
22871759,179,8504,1996,1.1587075735916023e-07,7.57469577655925e-07,0.39343,1.170144,PRT,740821
22878285,179,8505,1996,0.0,3.1828671215679566e-07,0.39343,1.170144,PRT,740822
22884811,179,8506,1996,1.2627038245834992e-07,2.670710331945946e-07,0.39343,1.170144,PRT,740829
22891337,179,8507,1996,1.8509502332842984e-09,3.596880964880883e-06,0.39343,1.170144,PRT,740911
22897863,179,8508,1996,2.5795421857868258e-08,1.2974352533265703e-06,0.39343,1.170144,PRT,740919
22904389,179,8509,1996,2.102198242193272e-08,2.344249819089175e-06,0.39343,1.170144,PRT,740921
22910915,179,8510,1996,2.2745960135939657e-08,1.3999832756677427e-06,0.39343,1.170144,PRT,740929
22917441,179,8511,1996,0.0,5.438318416411753e-07,0.39343,1.170144,PRT,740931
22923967,179,8512,1996,1.350333045107209e-09,9.281980086093245e-08,0.39343,1.170144,PRT,740939
22930493,179,8513,1996,3.1727977967397846e-10,9.97735966798516e-08,0.39343,1.170144,PRT,740940
22937019,179,8514,1996,4.1216067653732385e-09,2.1567041461717236e-07,0.39343,1.170144,PRT,740990
22943545,179,8515,1996,6.45165855707641e-10,4.6643229264007006e-07,0.39343,1.170144,PRT,741011
22950071,179,8516,1996,4.887684399581278e-09,4.000353250126199e-07,0.39343,1.170144,PRT,741012
22956597,179,8517,1996,9.348935078095486e-08,8.095787999920265e-07,0.39343,1.170144,PRT,741021
22963123,179,8518,1996,0.0,7.833187003626189e-08,0.39343,1.170144,PRT,741022
22969649,179,8519,1996,3.784599274470248e-08,7.928390802071864e-06,0.39343,1.170144,PRT,741110
22976175,179,8520,1996,7.99823838854166e-08,9.847033582864557e-07,0.39343,1.170144,PRT,741121
22982701,179,8521,1996,2.1724725315021504e-09,7.260901638747122e-08,0.39343,1.170144,PRT,741122
22989227,179,8522,1996,2.172563442613805e-08,2.0716219801798865e-08,0.39343,1.170144,PRT,741129
22995753,179,8523,1996,6.346625919411652e-08,9.269097285298174e-07,0.39343,1.170144,PRT,741210
23002279,179,8524,1996,1.8570533992466994e-07,3.3766941127428865e-06,0.39343,1.170144,PRT,741220
23008805,179,8525,1996,1.1145611377722086e-07,2.825532961691312e-06,0.39343,1.170144,PRT,741300
23015331,179,8526,1996,1.376394230448147e-09,4.523961049973826e-08,0.39343,1.170144,PRT,741410
23021857,179,8527,1996,2.920670980418151e-09,3.62203242111797e-08,0.39343,1.170144,PRT,741490
23028383,179,8528,1996,9.922644800042742e-09,1.5604793755445734e-07,0.39343,1.170144,PRT,741510
23034909,179,8529,1996,2.264595791311978e-09,3.560187022909576e-08,0.39343,1.170144,PRT,741521
23041435,179,8530,1996,1.68700113452669e-07,2.155448015093429e-07,0.39343,1.170144,PRT,741529
23047961,179,8531,1996,2.966429573284217e-09,2.961453304455858e-08,0.39343,1.170144,PRT,741531
23054487,179,8532,1996,5.486485588345157e-09,8.615700321793489e-08,0.39343,1.170144,PRT,741532
23061013,179,8533,1996,2.5586326301063058e-08,1.942091334264535e-07,0.39343,1.170144,PRT,741539
23067539,179,8534,1996,6.921669004329839e-09,1.3787612891046041e-08,0.39343,1.170144,PRT,741600
23074065,179,8535,1996,1.496966607465036e-07,2.090513661304637e-08,0.39343,1.170144,PRT,741700
23080591,179,8536,1996,6.846515818695506e-07,2.9557858001184326e-07,0.39343,1.170144,PRT,741810
23087117,179,8537,1996,1.2604689264219943e-06,8.096855214187312e-07,0.39343,1.170144,PRT,741820
23093643,179,8538,1996,1.6431577357461445e-08,6.931821810874054e-08,0.39343,1.170144,PRT,741910
23100169,179,8539,1996,8.896046223536975e-08,3.9739479828418323e-07,0.39343,1.170144,PRT,741991
23106695,179,8540,1996,1.8622095744627002e-06,1.0504255283214498e-06,0.39343,1.170144,PRT,741999
23113221,179,8541,1996,0.0,1.1431455678487235e-08,0.39343,1.170144,PRT,750110
23119747,179,8542,1996,0.0,0.0,0.39343,1.170144,PRT,750120
23126273,179,8543,1996,1.1569954143221106e-09,3.4116586373087737e-07,0.39343,1.170144,PRT,750210
23132799,179,8544,1996,3.6728089108391774e-09,2.6937681259082075e-07,0.39343,1.170144,PRT,750220
23139325,179,8545,1996,1.416095112907639e-07,2.2040294645542346e-08,0.39343,1.170144,PRT,750300
23145851,179,8546,1996,1.7042803064818097e-09,1.4312271333510605e-07,0.39343,1.170144,PRT,750400
23152377,179,8547,1996,0.0,6.851250448042003e-08,0.39343,1.170144,PRT,750511
23158903,179,8548,1996,0.0,2.983758745503151e-08,0.39343,1.170144,PRT,750512
23165429,179,8549,1996,6.8371216704912144e-09,6.121799553525098e-08,0.39343,1.170144,PRT,750521
23171955,179,8550,1996,0.0,1.478287305331821e-07,0.39343,1.170144,PRT,750522
23178481,179,8551,1996,0.0,3.3701764827548474e-08,0.39343,1.170144,PRT,750610
23185007,179,8552,1996,1.8312528257591708e-09,1.0410774604947202e-07,0.39343,1.170144,PRT,750620
23191533,179,8553,1996,0.0,3.793681572951449e-08,0.39343,1.170144,PRT,750711
23198059,179,8554,1996,0.0,2.0508411309426608e-08,0.39343,1.170144,PRT,750712
23204585,179,8555,1996,0.0,3.1476192217851982e-09,0.39343,1.170144,PRT,750720
23211111,179,8556,1996,2.1022588496010417e-08,9.170499281477085e-07,0.39343,1.170144,PRT,750800
23217637,179,8557,1996,2.8296386539481765e-07,2.363687038935528e-06,0.39343,1.170144,PRT,760110
23224163,179,8558,1996,8.330997300159999e-07,3.0610274447549925e-05,0.39343,1.170144,PRT,760120
23230689,179,8559,1996,2.9439457401868807e-06,1.2255298692027454e-07,0.39343,1.170144,PRT,760200
23237215,179,8560,1996,0.0,4.6541147899332914e-08,0.39343,1.170144,PRT,760310
23243741,179,8561,1996,0.0,1.5874812222328792e-07,0.39343,1.170144,PRT,760320
23250267,179,8562,1996,1.0189290120895588e-06,1.5795954368118055e-06,0.39343,1.170144,PRT,760410
23256793,179,8563,1996,2.7980894678336995e-07,1.0885409864391439e-06,0.39343,1.170144,PRT,760421
23263319,179,8564,1996,3.938274508499788e-06,4.868244041090286e-06,0.39343,1.170144,PRT,760429
23269845,179,8565,1996,6.298079385788184e-08,7.390687488074157e-07,0.39343,1.170144,PRT,760511
23276371,179,8566,1996,1.2606340816081665e-09,3.0393069166699616e-08,0.39343,1.170144,PRT,760519
23282897,179,8567,1996,0.0,2.1139956895096997e-07,0.39343,1.170144,PRT,760521
23289423,179,8568,1996,1.2332395332962967e-08,1.2741577192838577e-07,0.39343,1.170144,PRT,760529
23295949,179,8569,1996,1.8865934497936138e-07,7.013130612135974e-06,0.39343,1.170144,PRT,760611
23302475,179,8570,1996,4.127843267632733e-07,6.76845715836328e-06,0.39343,1.170144,PRT,760612
23309001,179,8571,1996,1.2168452294946135e-08,1.1738926074617605e-06,0.39343,1.170144,PRT,760691
23315527,179,8572,1996,5.133477741790986e-08,4.029128263376214e-07,0.39343,1.170144,PRT,760692
23322053,179,8573,1996,9.086505002453016e-08,2.6497793435587293e-06,0.39343,1.170144,PRT,760711
23328579,179,8574,1996,6.700876217825101e-08,2.5152503565373715e-06,0.39343,1.170144,PRT,760719
23335105,179,8575,1996,2.547953604857298e-07,3.4387393650516e-06,0.39343,1.170144,PRT,760720
23341631,179,8576,1996,1.2915196166075665e-07,5.181819101687969e-07,0.39343,1.170144,PRT,760810
23348157,179,8577,1996,2.4192961996439417e-07,7.469233795262836e-07,0.39343,1.170144,PRT,760820
23354683,179,8578,1996,2.5857423236016584e-07,2.0809783338316707e-07,0.39343,1.170144,PRT,760900
23361209,179,8579,1996,4.1666259478645147e-07,2.045622386890199e-06,0.39343,1.170144,PRT,761010
23367735,179,8580,1996,1.1423163001603077e-06,4.089557779799258e-06,0.39343,1.170144,PRT,761090
23374261,179,8581,1996,1.8504350703182563e-08,7.278799020865306e-08,0.39343,1.170144,PRT,761100
23380787,179,8582,1996,7.418467925817442e-08,1.4206047056309157e-07,0.39343,1.170144,PRT,761210
23387313,179,8583,1996,4.2739283329502446e-07,6.965332338859339e-06,0.39343,1.170144,PRT,761290
23393839,179,8584,1996,9.698730732037868e-08,2.2822277670906147e-07,0.39343,1.170144,PRT,761300
23400365,179,8585,1996,4.329745331209757e-06,5.817842347217927e-08,0.39343,1.170144,PRT,761410
23406891,179,8586,1996,3.2032833228479047e-07,1.5556679626518014e-06,0.39343,1.170144,PRT,761490
23413417,179,8587,1996,1.2350207850106459e-06,2.3721614493684887e-06,0.39343,1.170144,PRT,761510
23419943,179,8588,1996,1.4255710811124197e-07,1.3727557231049464e-07,0.39343,1.170144,PRT,761520
23426469,179,8589,1996,2.998072700880737e-07,2.716040423655282e-07,0.39343,1.170144,PRT,761610
23432995,179,8590,1996,6.823881073152824e-06,1.3448597696066365e-05,0.39343,1.170144,PRT,761690
23439521,179,8591,1996,6.693154834075251e-07,4.264966707609565e-06,0.39343,1.170144,PRT,780110
23446047,179,8592,1996,3.8135696153841274e-08,7.655025193299703e-07,0.39343,1.170144,PRT,780191
23452573,179,8593,1996,5.639913241113959e-08,2.385475113066405e-06,0.39343,1.170144,PRT,780199
23459099,179,8594,1996,1.7223867695529848e-07,3.4034854994748028e-09,0.39343,1.170144,PRT,780200
23465625,179,8595,1996,6.809969551810423e-08,4.1621687847847426e-08,0.39343,1.170144,PRT,780300
23472151,179,8596,1996,0.0,5.1621352956879875e-08,0.39343,1.170144,PRT,780411
23478677,179,8597,1996,8.327154790507405e-09,5.2237486907948496e-08,0.39343,1.170144,PRT,780419
23485203,179,8598,1996,0.0,7.559655346919931e-09,0.39343,1.170144,PRT,780420
23491729,179,8599,1996,0.0,3.521807081256135e-09,0.39343,1.170144,PRT,780500
23498255,179,8600,1996,5.540123144221274e-09,2.8577479180710425e-07,0.39343,1.170144,PRT,780600
23504781,179,8601,1996,1.9242851966855427e-08,2.7397451748378155e-06,0.39343,1.170144,PRT,790111
23511307,179,8602,1996,0.0,1.354108639535811e-06,0.39343,1.170144,PRT,790112
23517833,179,8603,1996,1.2231362784211006e-07,2.896524585028103e-06,0.39343,1.170144,PRT,790120
23524359,179,8604,1996,3.4189850870999945e-08,1.9591568195472265e-07,0.39343,1.170144,PRT,790200
23530885,179,8605,1996,4.284034618195829e-09,1.4496050933224186e-07,0.39343,1.170144,PRT,790310
23537411,179,8606,1996,3.79462980045612e-08,1.5479578367218877e-08,0.39343,1.170144,PRT,790390
23543937,179,8607,1996,1.0813876731295054e-08,1.4956752749256416e-06,0.39343,1.170144,PRT,790400
23550463,179,8608,1996,1.0295592483753118e-07,5.185428407081803e-07,0.39343,1.170144,PRT,790500
23556989,179,8609,1996,3.6652329848679742e-09,7.010139429291221e-08,0.39343,1.170144,PRT,790600
23563515,179,8610,1996,0.0,0.0,0.39343,1.170144,PRT,790710
23570041,179,8611,1996,3.013245765415862e-07,9.316992668444449e-07,0.39343,1.170144,PRT,790790
23576567,179,8612,1996,5.324785024415802e-08,6.514000796664987e-07,0.39343,1.170144,PRT,800110
23583093,179,8613,1996,7.664715823585422e-09,4.0103658411223165e-07,0.39343,1.170144,PRT,800120
23589619,179,8614,1996,3.0955233518335144e-09,0.0,0.39343,1.170144,PRT,800200
23596145,179,8615,1996,9.713246206198693e-09,8.699387154846113e-08,0.39343,1.170144,PRT,800300
23602671,179,8616,1996,2.013529604626313e-08,5.902821768979086e-09,0.39343,1.170144,PRT,800400
23609197,179,8617,1996,1.7884639958738165e-08,4.21837982195593e-08,0.39343,1.170144,PRT,800510
23615723,179,8618,1996,0.0,0.0,0.39343,1.170144,PRT,800520
23622249,179,8619,1996,0.0,1.2876172135027372e-09,0.39343,1.170144,PRT,800600
23628775,179,8620,1996,5.31792729622667e-07,1.3379055429248144e-07,0.39343,1.170144,PRT,800700
23635301,179,8621,1996,1.6554307358194932e-07,2.980775848483453e-08,0.39343,1.170144,PRT,810110
23641827,179,8622,1996,5.729824330540195e-09,2.5539895715651846e-08,0.39343,1.170144,PRT,810191
23648353,179,8623,1996,3.233405204509408e-10,4.0522324579587814e-08,0.39343,1.170144,PRT,810192
23654879,179,8624,1996,1.3084836300422842e-08,3.9561831739245235e-08,0.39343,1.170144,PRT,810193
23661405,179,8625,1996,9.622577524175336e-08,4.130450646475293e-08,0.39343,1.170144,PRT,810199
23667931,179,8626,1996,0.0,2.981074138185423e-08,0.39343,1.170144,PRT,810210
23674457,179,8627,1996,0.0,6.415548623364861e-08,0.39343,1.170144,PRT,810291
23680983,179,8628,1996,0.0,1.874319913977009e-08,0.39343,1.170144,PRT,810292
23687509,179,8629,1996,0.0,2.7233849789837817e-09,0.39343,1.170144,PRT,810293
23694035,179,8630,1996,0.0,7.371136255275052e-08,0.39343,1.170144,PRT,810299
23700561,179,8631,1996,3.7364466889972817e-10,4.0460015175176354e-08,0.39343,1.170144,PRT,810310
23707087,179,8632,1996,4.511797256594074e-08,3.31426373528563e-08,0.39343,1.170144,PRT,810390
23713613,179,8633,1996,0.0,3.579410137036515e-08,0.39343,1.170144,PRT,810411
23720139,179,8634,1996,0.0,1.1022566783687151e-07,0.39343,1.170144,PRT,810419
23726665,179,8635,1996,1.210511755382688e-08,0.0,0.39343,1.170144,PRT,810420
23733191,179,8636,1996,9.506271908665428e-10,1.4521074124889426e-08,0.39343,1.170144,PRT,810430
23739717,179,8637,1996,0.0,1.9504832178799508e-08,0.39343,1.170144,PRT,810490
23746243,179,8638,1996,4.663770331576405e-08,6.67862688318209e-07,0.39343,1.170144,PRT,810510
23752769,179,8639,1996,0.0,2.1697924354281518e-08,0.39343,1.170144,PRT,810590
23759295,179,8640,1996,0.0,2.4330165257663432e-08,0.39343,1.170144,PRT,810600
23765821,179,8641,1996,0.0,1.3512523499229498e-09,0.39343,1.170144,PRT,810710
23772347,179,8642,1996,0.0,0.0,0.39343,1.170144,PRT,810790
23778873,179,8643,1996,0.0,1.851384750225557e-08,0.39343,1.170144,PRT,810810
23785399,179,8644,1996,5.791613582761326e-08,3.684530742340675e-07,0.39343,1.170144,PRT,810890
23791925,179,8645,1996,0.0,2.8442917381821854e-08,0.39343,1.170144,PRT,810910
23798451,179,8646,1996,2.143077938733883e-08,1.4737831308320775e-08,0.39343,1.170144,PRT,810990
23804977,179,8647,1996,0.0,2.1062898722088148e-08,0.39343,1.170144,PRT,811000
23811503,179,8648,1996,6.6968155215045364e-09,3.7401882863982085e-08,0.39343,1.170144,PRT,811100
23818029,179,8649,1996,0.0,0.0,0.39343,1.170144,PRT,811211
23824555,179,8650,1996,0.0,2.9500851524807885e-09,0.39343,1.170144,PRT,811219
23831081,179,8651,1996,3.5755643250728166e-08,6.124318444341732e-08,0.39343,1.170144,PRT,811220
23837607,179,8652,1996,0.0,0.0,0.39343,1.170144,PRT,811230
23844133,179,8653,1996,0.0,1.6745983868581543e-08,0.39343,1.170144,PRT,811240
23850659,179,8654,1996,0.0,0.0,0.39343,1.170144,PRT,811291
23857185,179,8655,1996,0.0,4.457773879436761e-10,0.39343,1.170144,PRT,811299
23863711,179,8656,1996,4.919412377548676e-08,5.6094704187419505e-08,0.39343,1.170144,PRT,811300
23870237,179,8657,1996,3.8887834084262305e-08,1.5988957748282547e-07,0.39343,1.170144,PRT,820110
23876763,179,8658,1996,2.2096248724649294e-08,1.170213701137467e-07,0.39343,1.170144,PRT,820120
23883289,179,8659,1996,2.5488475641219e-07,3.775482586801273e-07,0.39343,1.170144,PRT,820130
23889815,179,8660,1996,3.7069308814134755e-08,1.4491112581491576e-07,0.39343,1.170144,PRT,820140
23896341,179,8661,1996,2.9404774812772643e-07,3.275154641027374e-07,0.39343,1.170144,PRT,820150
23902867,179,8662,1996,7.248433843319763e-08,7.976200344070572e-08,0.39343,1.170144,PRT,820160
23909393,179,8663,1996,5.214691668202281e-07,2.0577084227480087e-07,0.39343,1.170144,PRT,820190
23915919,179,8664,1996,5.19228813992024e-07,2.2690599339136613e-07,0.39343,1.170144,PRT,820210
23922445,179,8665,1996,1.0641297137671051e-07,4.77998641550448e-07,0.39343,1.170144,PRT,820220
23928971,179,8666,1996,6.512175053734379e-08,6.894774229889411e-07,0.39343,1.170144,PRT,820231
23935497,179,8667,1996,2.3558614563018653e-07,1.7188950704666661e-06,0.39343,1.170144,PRT,820232
23942023,179,8668,1996,9.70718546542173e-09,5.70046203516281e-07,0.39343,1.170144,PRT,820240
23948549,179,8669,1996,1.2182695035771997e-08,2.042078042364794e-07,0.39343,1.170144,PRT,820291
23955075,179,8670,1996,2.048375833723458e-07,1.5438046497714623e-06,0.39343,1.170144,PRT,820299
23961601,179,8671,1996,3.921964145957866e-06,7.926508594052434e-07,0.39343,1.170144,PRT,820310
23968127,179,8672,1996,1.0671661448963632e-07,1.033221835476846e-06,0.39343,1.170144,PRT,820320
23974653,179,8673,1996,2.9241559063649043e-08,9.324966946477108e-08,0.39343,1.170144,PRT,820330
23981179,179,8674,1996,1.9666194710126246e-08,2.8099254501852487e-07,0.39343,1.170144,PRT,820340
23987705,179,8675,1996,7.957055654962201e-08,9.113227658698893e-07,0.39343,1.170144,PRT,820411
23994231,179,8676,1996,9.029291609518493e-09,3.4470921395727574e-07,0.39343,1.170144,PRT,820412
24000757,179,8677,1996,9.78749028071648e-09,5.333307183998315e-07,0.39343,1.170144,PRT,820420
24007283,179,8678,1996,4.95023124439953e-08,2.587616763967241e-07,0.39343,1.170144,PRT,820510
24013809,179,8679,1996,1.1248886400561525e-07,3.5476555410968247e-07,0.39343,1.170144,PRT,820520
24020335,179,8680,1996,1.1822990070659283e-08,1.7496083039134798e-07,0.39343,1.170144,PRT,820530
24026861,179,8681,1996,2.392689547633077e-08,8.631897452610446e-07,0.39343,1.170144,PRT,820540
24033387,179,8682,1996,1.830592205014482e-07,6.795178612731734e-07,0.39343,1.170144,PRT,820551
24039913,179,8683,1996,1.0667537114864908e-06,2.74107090684657e-06,0.39343,1.170144,PRT,820559
24046439,179,8684,1996,4.830410399238984e-09,8.183909406542172e-08,0.39343,1.170144,PRT,820560
24052965,179,8685,1996,1.1274735459975269e-07,4.6577439813072565e-07,0.39343,1.170144,PRT,820570
24059491,179,8686,1996,1.748160069707017e-08,6.849725856231935e-09,0.39343,1.170144,PRT,820580
24066017,179,8687,1996,4.865089957964762e-07,2.97173767051377e-07,0.39343,1.170144,PRT,820590
24072543,179,8688,1996,2.6634895062885314e-07,1.3937493523295771e-06,0.39343,1.170144,PRT,820600
24079069,179,8689,1996,1.854707892566015e-08,1.1472450626527943e-06,0.39343,1.170144,PRT,820711
24085595,179,8690,1996,2.2534955445789713e-07,1.0889831180640635e-06,0.39343,1.170144,PRT,820712
24092121,179,8691,1996,3.243790283830733e-06,9.162700662935587e-07,0.39343,1.170144,PRT,820720
24098647,179,8692,1996,1.3284646802357736e-06,2.1434130199179563e-06,0.39343,1.170144,PRT,820730
24105173,179,8693,1996,3.5850493843887624e-08,6.812396557195433e-07,0.39343,1.170144,PRT,820740
24111699,179,8694,1996,1.9531464442654372e-07,2.2505772411136113e-06,0.39343,1.170144,PRT,820750
24118225,179,8695,1996,2.3954774883904797e-08,3.603750576717246e-07,0.39343,1.170144,PRT,820760
24124751,179,8696,1996,6.158409614583087e-07,1.1875681959980668e-06,0.39343,1.170144,PRT,820770
24131277,179,8697,1996,1.8900086772214321e-07,3.005311833635476e-07,0.39343,1.170144,PRT,820780
24137803,179,8698,1996,2.1507581094464497e-06,3.6406712188620506e-06,0.39343,1.170144,PRT,820790
24144329,179,8699,1996,5.063930741375343e-08,3.510873106513933e-07,0.39343,1.170144,PRT,820810
24150855,179,8700,1996,1.8861934409023342e-07,3.154174966568489e-07,0.39343,1.170144,PRT,820820
24157381,179,8701,1996,7.768718135318096e-08,9.022401758779128e-08,0.39343,1.170144,PRT,820830
24163907,179,8702,1996,3.290073130774006e-09,3.204373809079975e-07,0.39343,1.170144,PRT,820840
24170433,179,8703,1996,2.613261117099456e-07,1.1779387415524792e-06,0.39343,1.170144,PRT,820890
24176959,179,8704,1996,1.6118758282999311e-06,1.6595281282486384e-06,0.39343,1.170144,PRT,820900
24183485,179,8705,1996,3.1733402330393224e-07,7.721106305276067e-07,0.39343,1.170144,PRT,821000
24190011,179,8706,1996,1.9892351252218596e-07,1.608311786420433e-07,0.39343,1.170144,PRT,821110
24196537,179,8707,1996,1.4304914935121964e-06,2.6918027282052295e-07,0.39343,1.170144,PRT,821191
24203063,179,8708,1996,1.0038332219993398e-06,2.1477488264525875e-07,0.39343,1.170144,PRT,821192
24209589,179,8709,1996,1.720317026577652e-07,3.432562116756809e-07,0.39343,1.170144,PRT,821193
24216115,179,8710,1996,1.9772500103354164e-07,2.045829863949569e-07,0.39343,1.170144,PRT,821194
24222641,179,8711,1996,1.1311312030564238e-07,2.0108103215053186e-06,0.39343,1.170144,PRT,821210
24229167,179,8712,1996,1.1950356538087145e-07,9.571844761147356e-07,0.39343,1.170144,PRT,821220
24235693,179,8713,1996,0.0,6.366496539040947e-09,0.39343,1.170144,PRT,821290
24242219,179,8714,1996,9.971736800336136e-08,4.800044740796935e-07,0.39343,1.170144,PRT,821300
24248745,179,8715,1996,4.020392394397967e-09,1.464688609252022e-07,0.39343,1.170144,PRT,821410
24255271,179,8716,1996,2.653058971411379e-08,4.1561433328049533e-07,0.39343,1.170144,PRT,821420
24261797,179,8717,1996,2.794762121147147e-07,1.045303231272625e-07,0.39343,1.170144,PRT,821490
24268323,179,8718,1996,9.15730960657988e-07,2.4447658256939293e-07,0.39343,1.170144,PRT,821510
24274849,179,8719,1996,4.395347395453675e-06,9.42325671760616e-07,0.39343,1.170144,PRT,821520
24281375,179,8720,1996,3.270224204729454e-08,2.9571546184174715e-07,0.39343,1.170144,PRT,821591
24287901,179,8721,1996,1.430636042179727e-06,1.0087107077999874e-06,0.39343,1.170144,PRT,821599
24294427,179,8722,1996,8.573220866052077e-08,4.058271167258658e-07,0.39343,1.170144,PRT,830110
24300953,179,8723,1996,5.530751117720818e-06,6.1663865724435276e-06,0.39343,1.170144,PRT,830120
24307479,179,8724,1996,8.126877611532685e-08,1.9400729072812066e-07,0.39343,1.170144,PRT,830130
24314005,179,8725,1996,2.2449244449721914e-06,3.2131730238550807e-06,0.39343,1.170144,PRT,830140
24320531,179,8726,1996,1.2645826542243575e-07,1.7406430412042782e-07,0.39343,1.170144,PRT,830150
24327057,179,8727,1996,1.068080407642568e-06,2.340972278130532e-06,0.39343,1.170144,PRT,830160
24333583,179,8728,1996,6.409354586453213e-08,5.567680031495989e-07,0.39343,1.170144,PRT,830170
24340109,179,8729,1996,8.238007354419067e-07,2.474645836573241e-06,0.39343,1.170144,PRT,830210
24346635,179,8730,1996,1.6545367765548914e-07,3.882048239994976e-07,0.39343,1.170144,PRT,830220
24353161,179,8731,1996,1.6348711879188427e-06,4.019562444067046e-06,0.39343,1.170144,PRT,830230
24359687,179,8732,1996,1.0120387377224536e-05,4.098802440529305e-06,0.39343,1.170144,PRT,830241
24366213,179,8733,1996,1.6554898280420685e-06,4.212557538406483e-06,0.39343,1.170144,PRT,830242
24372739,179,8734,1996,3.37675414840316e-06,2.2047019421156754e-06,0.39343,1.170144,PRT,830249
24379265,179,8735,1996,4.972880232683038e-07,3.8821344125755444e-07,0.39343,1.170144,PRT,830250
24385791,179,8736,1996,1.2019358071832863e-07,2.8706598849703064e-06,0.39343,1.170144,PRT,830260
24392317,179,8737,1996,5.7769465900810777e-08,1.89639335192277e-06,0.39343,1.170144,PRT,830300
24398843,179,8738,1996,5.72424844902539e-08,3.4458492658145504e-07,0.39343,1.170144,PRT,830400
24405369,179,8739,1996,2.963459810303505e-08,6.601303563771487e-07,0.39343,1.170144,PRT,830510
24411895,179,8740,1996,9.037473609567392e-09,6.830946862327929e-07,0.39343,1.170144,PRT,830520
24418421,179,8741,1996,3.160100544812048e-08,1.1587958342120694e-07,0.39343,1.170144,PRT,830590
24424947,179,8742,1996,2.0497122270647783e-08,2.5569061819844445e-08,0.39343,1.170144,PRT,830610
24431473,179,8743,1996,1.3507660850357231e-06,5.583509271680516e-07,0.39343,1.170144,PRT,830621
24437999,179,8744,1996,5.064721668046737e-07,2.450029976067691e-06,0.39343,1.170144,PRT,830629
24444525,179,8745,1996,5.003959711387301e-08,5.246637453925995e-07,0.39343,1.170144,PRT,830630
24451051,179,8746,1996,6.701209558567834e-08,1.3917836231935965e-06,0.39343,1.170144,PRT,830710
24457577,179,8747,1996,3.054916388627867e-08,5.210753202779035e-07,0.39343,1.170144,PRT,830790
24464103,179,8748,1996,1.1306827082389284e-07,1.1995809851623928e-06,0.39343,1.170144,PRT,830810
24470629,179,8749,1996,1.5157003572066265e-08,8.516465966608198e-07,0.39343,1.170144,PRT,830820
24477155,179,8750,1996,1.9925927756122965e-07,4.137583747548396e-06,0.39343,1.170144,PRT,830890
24483681,179,8751,1996,1.2336189356689346e-06,1.5575664108883377e-06,0.39343,1.170144,PRT,830910
24490207,179,8752,1996,1.1214185629243026e-06,5.64564533663183e-06,0.39343,1.170144,PRT,830990
24496733,179,8753,1996,4.6164965535160984e-08,8.499324251735003e-07,0.39343,1.170144,PRT,831000
24503259,179,8754,1996,6.34485618310478e-07,1.3434616857735043e-06,0.39343,1.170144,PRT,831110
24509785,179,8755,1996,4.230336454911943e-07,5.018409374288898e-07,0.39343,1.170144,PRT,831120
24516311,179,8756,1996,2.257322902379623e-09,1.9057828488747731e-07,0.39343,1.170144,PRT,831130
24522837,179,8757,1996,2.1009224562597216e-07,1.231329946741046e-07,0.39343,1.170144,PRT,831190
24529363,179,8758,1996,0.0,5.875312829797431e-09,0.39343,1.170144,PRT,840110
24535889,179,8759,1996,0.0,3.776679059939174e-09,0.39343,1.170144,PRT,840120
24542415,179,8760,1996,0.0,0.0,0.39343,1.170144,PRT,840130
24548941,179,8761,1996,0.0,2.029364272400839e-09,0.39343,1.170144,PRT,840140
24555467,179,8762,1996,1.6195723630125956e-07,3.5778192586260095e-09,0.39343,1.170144,PRT,840211
24561993,179,8763,1996,1.761857343862952e-09,6.881211991439853e-09,0.39343,1.170144,PRT,840212
24568519,179,8764,1996,8.697344837164265e-08,3.5272690971322034e-07,0.39343,1.170144,PRT,840219
24575045,179,8765,1996,2.356779658529575e-08,1.156744263928522e-07,0.39343,1.170144,PRT,840220
24581571,179,8766,1996,1.4474261123541458e-08,1.3028117594880738e-06,0.39343,1.170144,PRT,840290
24588097,179,8767,1996,3.6515054070081544e-08,8.150681922340755e-06,0.39343,1.170144,PRT,840310
24594623,179,8768,1996,7.6208663640641e-08,2.701550172799596e-07,0.39343,1.170144,PRT,840390
24601149,179,8769,1996,8.448975680124348e-09,2.0888432389736064e-07,0.39343,1.170144,PRT,840410
24607675,179,8770,1996,0.0,1.2502978574563001e-08,0.39343,1.170144,PRT,840420
24614201,179,8771,1996,4.342823803732364e-09,2.1730669934897752e-07,0.39343,1.170144,PRT,840490
24620727,179,8772,1996,1.578247202024878e-08,3.373921675679579e-07,0.39343,1.170144,PRT,840510
24627253,179,8773,1996,6.12649981439238e-09,3.422940616703274e-08,0.39343,1.170144,PRT,840590
24633779,179,8774,1996,0.0,0.0,0.39343,1.170144,PRT,840611
24640305,179,8775,1996,0.0,6.401267175300554e-07,0.39343,1.170144,PRT,840619
24646831,179,8776,1996,2.46127895100596e-07,1.765865092670831e-06,0.39343,1.170144,PRT,840690
24653357,179,8777,1996,2.039224418187284e-06,3.314187505695126e-07,0.39343,1.170144,PRT,840710
24659883,179,8778,1996,6.224380777940322e-08,1.4274033908048106e-06,0.39343,1.170144,PRT,840721
24666409,179,8779,1996,3.09946283333854e-09,4.468114589105045e-08,0.39343,1.170144,PRT,840729
24672935,179,8780,1996,9.490210945606478e-09,7.257136559842258e-07,0.39343,1.170144,PRT,840731
24679461,179,8781,1996,8.363822272208028e-09,1.258179334248345e-07,0.39343,1.170144,PRT,840732
24685987,179,8782,1996,1.3827883119678424e-08,3.1858334469375447e-08,0.39343,1.170144,PRT,840733
24692513,179,8783,1996,4.0336140216177266e-05,5.8061294386339814e-05,0.39343,1.170144,PRT,840734
24699039,179,8784,1996,6.067619717744191e-08,1.6413848228428298e-06,0.39343,1.170144,PRT,840790
24705565,179,8785,1996,5.157666158231842e-07,6.214797333908206e-06,0.39343,1.170144,PRT,840810
24712091,179,8786,1996,6.20345607040786e-07,0.00010771400259111881,0.39343,1.170144,PRT,840820
24718617,179,8787,1996,1.7979005692635469e-07,5.212582381518113e-06,0.39343,1.170144,PRT,840890
24725143,179,8788,1996,2.8058502463985997e-08,2.4107342850292033e-07,0.39343,1.170144,PRT,840910
24731669,179,8789,1996,1.7859581219921736e-05,1.9618194197136088e-05,0.39343,1.170144,PRT,840991
24738195,179,8790,1996,5.571716876780462e-06,1.5959411159003438e-05,0.39343,1.170144,PRT,840999
24744721,179,8791,1996,0.0,5.67900506260112e-08,0.39343,1.170144,PRT,841011
24751247,179,8792,1996,0.0,9.156864127767046e-07,0.39343,1.170144,PRT,841012
24757773,179,8793,1996,0.0,0.0,0.39343,1.170144,PRT,841013
24764299,179,8794,1996,5.104416489765451e-08,5.606646609563303e-07,0.39343,1.170144,PRT,841090
24770825,179,8795,1996,0.0,5.250690879542762e-07,0.39343,1.170144,PRT,841111
24777351,179,8796,1996,9.857825177433129e-07,3.0966043912223234e-06,0.39343,1.170144,PRT,841112
24783877,179,8797,1996,2.549853647090876e-07,1.6668229686268098e-07,0.39343,1.170144,PRT,841121
24790403,179,8798,1996,9.322961773495814e-07,1.4021597961931152e-06,0.39343,1.170144,PRT,841122
24796929,179,8799,1996,9.000351572308498e-08,2.1200012555093574e-07,0.39343,1.170144,PRT,841181
24803455,179,8800,1996,0.0,2.3795033532329708e-07,0.39343,1.170144,PRT,841182
24809981,179,8801,1996,1.5279575993539552e-06,1.8351044297250508e-06,0.39343,1.170144,PRT,841191
24816507,179,8802,1996,3.497301979419902e-07,1.0363131110882589e-06,0.39343,1.170144,PRT,841199
24823033,179,8803,1996,0.0,1.458968075634247e-09,0.39343,1.170144,PRT,841210
24829559,179,8804,1996,8.633646451598391e-08,5.672532176068377e-07,0.39343,1.170144,PRT,841221
24836085,179,8805,1996,1.3586089866381512e-07,7.541873966352512e-07,0.39343,1.170144,PRT,841229
24842611,179,8806,1996,3.3982573536427833e-09,4.508413527841158e-07,0.39343,1.170144,PRT,841231
24849137,179,8807,1996,7.4401653777989676e-09,5.3629174084138455e-08,0.39343,1.170144,PRT,841239
24855663,179,8808,1996,4.884047955115101e-09,4.175933197365635e-07,0.39343,1.170144,PRT,841280
24862189,179,8809,1996,7.108854983226321e-08,1.3676722037173775e-06,0.39343,1.170144,PRT,841290
24868715,179,8810,1996,1.7767819180262218e-07,1.1193244836824218e-06,0.39343,1.170144,PRT,841311
24875241,179,8811,1996,4.7135290133552656e-08,6.922283169071066e-07,0.39343,1.170144,PRT,841319
24881767,179,8812,1996,5.124962400999354e-09,1.727090745744786e-07,0.39343,1.170144,PRT,841320
24888293,179,8813,1996,1.430238760621797e-06,3.4455440160195346e-06,0.39343,1.170144,PRT,841330
24894819,179,8814,1996,9.333449885410348e-08,5.945874915963385e-07,0.39343,1.170144,PRT,841340
24901345,179,8815,1996,4.702649983660618e-08,1.7859423096444104e-06,0.39343,1.170144,PRT,841350
24907871,179,8816,1996,7.909660662086355e-08,3.5620092415556086e-06,0.39343,1.170144,PRT,841360
24914397,179,8817,1996,4.2277848830448415e-07,8.799109379410624e-06,0.39343,1.170144,PRT,841370
24920923,179,8818,1996,4.92854288352917e-07,5.839053065058992e-06,0.39343,1.170144,PRT,841381
24927449,179,8819,1996,2.012384124619467e-07,1.27409143268342e-07,0.39343,1.170144,PRT,841382
24933975,179,8820,1996,1.2414869893455871e-06,6.44701387829364e-06,0.39343,1.170144,PRT,841391
24940501,179,8821,1996,4.301762284968444e-08,8.30554531834539e-08,0.39343,1.170144,PRT,841392
24947027,179,8822,1996,5.641337515196545e-08,1.240842073903859e-06,0.39343,1.170144,PRT,841410
24953553,179,8823,1996,2.1098347755722444e-08,1.554089347262377e-07,0.39343,1.170144,PRT,841420
24960079,179,8824,1996,9.04252523700499e-07,1.3881582101558563e-05,0.39343,1.170144,PRT,841430
24966605,179,8825,1996,1.6468547876200917e-07,1.8932248524218468e-06,0.39343,1.170144,PRT,841440
24973131,179,8826,1996,1.0963546724782138e-07,2.489089023942616e-06,0.39343,1.170144,PRT,841451
24979657,179,8827,1996,1.6857071663708086e-07,5.63667874819062e-06,0.39343,1.170144,PRT,841459
24986183,179,8828,1996,4.331641736998868e-08,2.2813623955219e-06,0.39343,1.170144,PRT,841460
24992709,179,8829,1996,4.167289598979592e-07,7.3158770936861496e-06,0.39343,1.170144,PRT,841480
24999235,179,8830,1996,1.6267270674997997e-06,5.899662218169222e-06,0.39343,1.170144,PRT,841490
25005761,179,8831,1996,9.408797014749544e-07,2.354717467597298e-06,0.39343,1.170144,PRT,841510
25012287,179,8832,1996,8.394441134613241e-07,8.111953313169012e-06,0.39343,1.170144,PRT,841581
25018813,179,8833,1996,1.482245674191872e-06,9.141406755410974e-06,0.39343,1.170144,PRT,841582
25025339,179,8834,1996,8.523462184273216e-08,6.138858410147746e-06,0.39343,1.170144,PRT,841583
25031865,179,8835,1996,1.278821455568714e-06,7.407159045416927e-06,0.39343,1.170144,PRT,841590
25038391,179,8836,1996,1.2165876480115927e-07,8.125408167325861e-07,0.39343,1.170144,PRT,841610
25044917,179,8837,1996,7.508621444874757e-08,8.69200282755735e-07,0.39343,1.170144,PRT,841620
25051443,179,8838,1996,2.8692455949256257e-08,2.2292183727205688e-09,0.39343,1.170144,PRT,841630
25057969,179,8839,1996,2.5374927662762614e-07,1.2220097192865003e-06,0.39343,1.170144,PRT,841690
25064495,179,8840,1996,1.21332090873281e-07,5.079462647622061e-07,0.39343,1.170144,PRT,841710
25071021,179,8841,1996,6.945857420770696e-07,1.362640056445148e-06,0.39343,1.170144,PRT,841720
25077547,179,8842,1996,6.868722372902296e-07,1.6106692693650006e-06,0.39343,1.170144,PRT,841780
25084073,179,8843,1996,3.674281670847979e-07,1.7126734101495816e-06,0.39343,1.170144,PRT,841790
25090599,179,8844,1996,7.343311709812721e-07,9.608035919254343e-06,0.39343,1.170144,PRT,841810
25097125,179,8845,1996,5.783219153748195e-06,6.795831204313044e-06,0.39343,1.170144,PRT,841821
25103651,179,8846,1996,3.955936416234973e-08,2.514853962666754e-07,0.39343,1.170144,PRT,841822
25110177,179,8847,1996,1.0759420975414047e-07,5.268860036722741e-07,0.39343,1.170144,PRT,841829
25116703,179,8848,1996,3.6510293358201245e-06,1.614059497544388e-06,0.39343,1.170144,PRT,841830
25123229,179,8849,1996,7.245694388488577e-07,1.5720533474140018e-06,0.39343,1.170144,PRT,841840
25129755,179,8850,1996,7.831322254136689e-06,8.267505758385198e-06,0.39343,1.170144,PRT,841850
25136281,179,8851,1996,3.119569340866113e-07,4.275064808320247e-06,0.39343,1.170144,PRT,841861
25142807,179,8852,1996,6.815718164437372e-07,8.777304402196636e-06,0.39343,1.170144,PRT,841869
25149333,179,8853,1996,9.811163534191296e-07,1.4567938751398895e-07,0.39343,1.170144,PRT,841891
25155859,179,8854,1996,1.0658364183698976e-06,6.62345157414274e-06,0.39343,1.170144,PRT,841899
25162385,179,8855,1996,1.513598462001472e-05,2.75388841534021e-06,0.39343,1.170144,PRT,841911
25168911,179,8856,1996,1.527273341720236e-07,6.668362403104308e-07,0.39343,1.170144,PRT,841919
25175437,179,8857,1996,9.103081128478009e-08,6.039514682071733e-07,0.39343,1.170144,PRT,841920
25181963,179,8858,1996,0.0,3.308171996705403e-07,0.39343,1.170144,PRT,841931
25188489,179,8859,1996,9.314813107521189e-08,1.6075362331953118e-07,0.39343,1.170144,PRT,841932
25195015,179,8860,1996,2.957332401377996e-07,1.7118928854294273e-06,0.39343,1.170144,PRT,841939
25201541,179,8861,1996,3.319904096878214e-07,3.0752309397771847e-07,0.39343,1.170144,PRT,841940
25208067,179,8862,1996,1.5799511792943208e-06,2.7657182534873278e-06,0.39343,1.170144,PRT,841950
25214593,179,8863,1996,9.954463689121794e-09,8.20328829418014e-07,0.39343,1.170144,PRT,841960
25221119,179,8864,1996,1.0776415292552649e-06,8.686889810632587e-06,0.39343,1.170144,PRT,841981
25227645,179,8865,1996,6.655253991626518e-07,4.591584651142376e-06,0.39343,1.170144,PRT,841989
25234171,179,8866,1996,3.8128174774537068e-06,5.30963093605397e-06,0.39343,1.170144,PRT,841990
25240697,179,8867,1996,7.918145699174102e-08,4.1856176696895864e-07,0.39343,1.170144,PRT,842010
25247223,179,8868,1996,4.974334810469508e-07,8.164775779325823e-07,0.39343,1.170144,PRT,842091
25253749,179,8869,1996,2.1124711978102233e-08,3.2955709139621924e-08,0.39343,1.170144,PRT,842099
25260275,179,8870,1996,4.371309285384087e-09,6.549480699549277e-08,0.39343,1.170144,PRT,842111
25266801,179,8871,1996,7.861689898836698e-09,1.3082522322189997e-07,0.39343,1.170144,PRT,842112
25273327,179,8872,1996,2.0563760115490482e-07,1.5840230502880433e-06,0.39343,1.170144,PRT,842119
25279853,179,8873,1996,3.841224775549407e-07,4.4470609705070185e-06,0.39343,1.170144,PRT,842121
25286379,179,8874,1996,2.252492491980384e-07,3.505288460427055e-07,0.39343,1.170144,PRT,842122
25292905,179,8875,1996,3.9828309534327434e-07,5.985398301474377e-06,0.39343,1.170144,PRT,842123
25299431,179,8876,1996,4.227830338600669e-07,3.965882892166575e-06,0.39343,1.170144,PRT,842129
25305957,179,8877,1996,1.8982543150484894e-07,2.5472820304668917e-06,0.39343,1.170144,PRT,842131
25312483,179,8878,1996,6.577824997830434e-07,4.1579532884299054e-06,0.39343,1.170144,PRT,842139
25319009,179,8879,1996,1.534294709910347e-07,3.427302275012076e-07,0.39343,1.170144,PRT,842191
25325535,179,8880,1996,9.334389300230776e-07,6.009319146974338e-06,0.39343,1.170144,PRT,842199
25332061,179,8881,1996,3.590625265903568e-08,8.330750798161834e-06,0.39343,1.170144,PRT,842211
25338587,179,8882,1996,7.157068176107056e-08,2.1769341537593117e-06,0.39343,1.170144,PRT,842219
25345113,179,8883,1996,1.4238498307317623e-08,2.4994502824570363e-06,0.39343,1.170144,PRT,842220
25351639,179,8884,1996,1.0651073112544291e-06,1.0782333206411777e-05,0.39343,1.170144,PRT,842230
25358165,179,8885,1996,8.13003828784787e-07,9.638053806262566e-06,0.39343,1.170144,PRT,842240
25364691,179,8886,1996,4.282007300405935e-07,5.191033270581815e-06,0.39343,1.170144,PRT,842290
25371217,179,8887,1996,3.050552655268454e-08,9.122925388342932e-07,0.39343,1.170144,PRT,842310
25377743,179,8888,1996,8.341700568372116e-09,2.2135217057369165e-07,0.39343,1.170144,PRT,842320
25384269,179,8889,1996,1.6406122246198203e-08,3.348958141954733e-07,0.39343,1.170144,PRT,842330
25390795,179,8890,1996,8.154787322810597e-08,1.9861182314092652e-06,0.39343,1.170144,PRT,842381
25397321,179,8891,1996,7.15728030203425e-08,2.8017556266812996e-07,0.39343,1.170144,PRT,842382
25403847,179,8892,1996,9.53978780516203e-08,8.019647896327477e-07,0.39343,1.170144,PRT,842389
25410373,179,8893,1996,4.507706256569624e-08,1.5459288038824892e-06,0.39343,1.170144,PRT,842390
25416899,179,8894,1996,5.072446082166975e-08,1.2460717552453932e-06,0.39343,1.170144,PRT,842410
25423425,179,8895,1996,4.414492063419944e-08,1.5985577131660223e-06,0.39343,1.170144,PRT,842420
25429951,179,8896,1996,2.121419881567408e-07,4.684166151674734e-06,0.39343,1.170144,PRT,842430
25436477,179,8897,1996,5.172857404989299e-07,5.99294171660419e-06,0.39343,1.170144,PRT,842481
25443003,179,8898,1996,2.472806479963742e-07,2.1199578377860706e-06,0.39343,1.170144,PRT,842489
25449529,179,8899,1996,2.6062367185389565e-07,3.606847818122699e-06,0.39343,1.170144,PRT,842490
25456055,179,8900,1996,2.529116822522499e-08,1.2255374921617958e-06,0.39343,1.170144,PRT,842511
25462581,179,8901,1996,4.588283805199339e-09,5.197466053721294e-07,0.39343,1.170144,PRT,842519
25469107,179,8902,1996,9.188083017874906e-10,0.0,0.39343,1.170144,PRT,842520
25475633,179,8903,1996,1.6972922723659721e-07,7.235656386970414e-07,0.39343,1.170144,PRT,842531
25482159,179,8904,1996,7.607744860281976e-09,7.395165147933725e-07,0.39343,1.170144,PRT,842539
25488685,179,8905,1996,4.043423209350424e-09,1.906564367893934e-06,0.39343,1.170144,PRT,842541
25495211,179,8906,1996,3.940208793918756e-08,9.408239488276994e-07,0.39343,1.170144,PRT,842542
25501737,179,8907,1996,1.7238498323765435e-06,8.201120722345827e-07,0.39343,1.170144,PRT,842549
25508263,179,8908,1996,1.67261596629257e-07,4.082996069221928e-07,0.39343,1.170144,PRT,842611
25514789,179,8909,1996,0.0,1.1708768985748465e-06,0.39343,1.170144,PRT,842612
25521315,179,8910,1996,2.0815077822918392e-06,1.9292383624396608e-07,0.39343,1.170144,PRT,842619
25527841,179,8911,1996,2.3621764451544213e-06,4.89839847849541e-06,0.39343,1.170144,PRT,842620
25534367,179,8912,1996,5.839841927494004e-07,3.5802420338720086e-07,0.39343,1.170144,PRT,842630
25540893,179,8913,1996,1.0208681461011478e-07,1.8074354084033393e-06,0.39343,1.170144,PRT,842641
25547419,179,8914,1996,1.0494960551611294e-07,7.714232384810675e-07,0.39343,1.170144,PRT,842649
25553945,179,8915,1996,1.2497853556174039e-08,2.1315470555735997e-06,0.39343,1.170144,PRT,842691
25560471,179,8916,1996,2.8431541058808027e-08,8.117748750645283e-07,0.39343,1.170144,PRT,842699
25566997,179,8917,1996,1.6243148926705687e-07,5.183499798442067e-06,0.39343,1.170144,PRT,842710
25573523,179,8918,1996,2.073000623500256e-07,1.1387809266429017e-05,0.39343,1.170144,PRT,842720
25580049,179,8919,1996,1.0624902833869368e-07,1.1205666945746246e-06,0.39343,1.170144,PRT,842790
25586575,179,8920,1996,1.1370555771659044e-07,4.855314508241907e-06,0.39343,1.170144,PRT,842810
25593101,179,8921,1996,8.50509813971902e-08,1.1625559416218993e-06,0.39343,1.170144,PRT,842820
25599627,179,8922,1996,1.557610379679321e-09,2.527176641688126e-09,0.39343,1.170144,PRT,842831
25606153,179,8923,1996,3.384044916520807e-08,2.523050300810878e-07,0.39343,1.170144,PRT,842832
25612679,179,8924,1996,4.370127440932579e-08,1.0873388789402059e-06,0.39343,1.170144,PRT,842833
25619205,179,8925,1996,1.1476158118956837e-06,2.7914510432102537e-06,0.39343,1.170144,PRT,842839
25625731,179,8926,1996,7.41574059246781e-08,2.7213483231853327e-06,0.39343,1.170144,PRT,842840
25632257,179,8927,1996,1.88624192682855e-07,7.981138695803182e-07,0.39343,1.170144,PRT,842850
25638783,179,8928,1996,0.0,0.0,0.39343,1.170144,PRT,842860
25645309,179,8929,1996,3.652005418122254e-07,2.804997041442704e-06,0.39343,1.170144,PRT,842890
25651835,179,8930,1996,3.5084719246718436e-08,2.563108619187402e-06,0.39343,1.170144,PRT,842911
25658361,179,8931,1996,3.736416385293397e-08,6.279926238869282e-08,0.39343,1.170144,PRT,842919
25664887,179,8932,1996,1.4064615654426574e-07,9.53299749896083e-07,0.39343,1.170144,PRT,842920
25671413,179,8933,1996,6.805423996227701e-08,2.5839908869232975e-07,0.39343,1.170144,PRT,842930
25677939,179,8934,1996,1.6945043316085694e-07,2.5526674853194545e-06,0.39343,1.170144,PRT,842940
25684465,179,8935,1996,5.404304973779937e-07,9.95783958988826e-06,0.39343,1.170144,PRT,842951
25690991,179,8936,1996,6.02267023377185e-07,1.5269223475090808e-05,0.39343,1.170144,PRT,842952
25697517,179,8937,1996,1.6688219425661915e-07,1.6393233758558172e-05,0.39343,1.170144,PRT,842959
25704043,179,8938,1996,1.618308698560599e-08,3.183606217162837e-07,0.39343,1.170144,PRT,843010
25710569,179,8939,1996,0.0,0.0,0.39343,1.170144,PRT,843020
25717095,179,8940,1996,0.0,2.111434043835784e-06,0.39343,1.170144,PRT,843031
25723621,179,8941,1996,1.5153548949823398e-07,5.243843473717545e-07,0.39343,1.170144,PRT,843039
25730147,179,8942,1996,2.8579635259693104e-07,3.3020384975669006e-06,0.39343,1.170144,PRT,843041
25736673,179,8943,1996,1.974783288839193e-07,6.162148207211539e-07,0.39343,1.170144,PRT,843049
25743199,179,8944,1996,9.6799121319254e-09,4.295795942607145e-07,0.39343,1.170144,PRT,843050
25749725,179,8945,1996,6.12977261441194e-08,3.222566166570108e-07,0.39343,1.170144,PRT,843061
25756251,179,8946,1996,0.0,1.4827947941615858e-07,0.39343,1.170144,PRT,843062
25762777,179,8947,1996,1.786433647713534e-08,1.7258826724518085e-06,0.39343,1.170144,PRT,843069
25769303,179,8948,1996,5.7225817453117255e-08,8.643365034486171e-07,0.39343,1.170144,PRT,843110
25775829,179,8949,1996,1.038232168427145e-06,4.515493931066913e-06,0.39343,1.170144,PRT,843120
25782355,179,8950,1996,3.600858826705469e-06,8.192252238073263e-06,0.39343,1.170144,PRT,843131
25788881,179,8951,1996,7.023295505677943e-07,3.085480173936865e-06,0.39343,1.170144,PRT,843139
25795407,179,8952,1996,1.364842458527257e-07,8.971420734382476e-07,0.39343,1.170144,PRT,843141
25801933,179,8953,1996,3.804023948660412e-09,1.8830200302844599e-07,0.39343,1.170144,PRT,843142
25808459,179,8954,1996,2.1110196503941407e-07,3.5985530443769247e-06,0.39343,1.170144,PRT,843143
25814985,179,8955,1996,9.103487198110065e-07,1.2957655601481445e-05,0.39343,1.170144,PRT,843149
25821511,179,8956,1996,2.081382627994795e-07,3.4463928159381396e-07,0.39343,1.170144,PRT,843210
25828037,179,8957,1996,1.039166128580875e-06,8.317708909525712e-08,0.39343,1.170144,PRT,843221
25834563,179,8958,1996,3.419100241174757e-07,2.9895727432275436e-06,0.39343,1.170144,PRT,843229
25841089,179,8959,1996,7.901993825003497e-08,9.846026026537904e-07,0.39343,1.170144,PRT,843230
25847615,179,8960,1996,6.139833444101697e-08,2.975612122309355e-07,0.39343,1.170144,PRT,843240
25854141,179,8961,1996,2.4162597685146837e-07,1.1725327378537807e-06,0.39343,1.170144,PRT,843280
25860667,179,8962,1996,2.9933332015931524e-07,1.5820076062017344e-06,0.39343,1.170144,PRT,843290
25867193,179,8963,1996,6.871061818842204e-09,1.233348705157377e-06,0.39343,1.170144,PRT,843311
25873719,179,8964,1996,7.469863007606083e-10,4.884082892831878e-07,0.39343,1.170144,PRT,843319
25880245,179,8965,1996,2.4251448144937102e-08,1.2724382448685034e-06,0.39343,1.170144,PRT,843320
25886771,179,8966,1996,6.643662824890577e-08,3.1171572145540433e-07,0.39343,1.170144,PRT,843330
25893297,179,8967,1996,5.684671811751826e-09,9.092731841843551e-07,0.39343,1.170144,PRT,843340
25899823,179,8968,1996,1.3716971563460013e-08,4.272602261113986e-07,0.39343,1.170144,PRT,843351
25906349,179,8969,1996,8.189272937831513e-09,3.8507211926281085e-08,0.39343,1.170144,PRT,843352
25912875,179,8970,1996,3.8749043120469865e-08,3.286115130409751e-07,0.39343,1.170144,PRT,843353
25919401,179,8971,1996,1.2999379855467673e-08,1.4107913058691132e-06,0.39343,1.170144,PRT,843359
25925927,179,8972,1996,1.2573915852924917e-08,7.915445360439379e-07,0.39343,1.170144,PRT,843360
25932453,179,8973,1996,2.1713149300137505e-07,2.325964991791432e-06,0.39343,1.170144,PRT,843390
25938979,179,8974,1996,3.018248906927245e-10,1.0957075622454682e-07,0.39343,1.170144,PRT,843410
25945505,179,8975,1996,1.5869989117068115e-07,6.006987847236943e-07,0.39343,1.170144,PRT,843420
25952031,179,8976,1996,4.467220508179516e-08,1.241999769380504e-06,0.39343,1.170144,PRT,843490
25958557,179,8977,1996,1.1561650928356666e-07,1.1725907386291637e-06,0.39343,1.170144,PRT,843510
25965083,179,8978,1996,2.0073173453299265e-09,5.747810553855475e-08,0.39343,1.170144,PRT,843590
25971609,179,8979,1996,1.9710225991870877e-07,5.885554109565059e-07,0.39343,1.170144,PRT,843610
25978135,179,8980,1996,1.0800543101585735e-08,3.515364023693589e-07,0.39343,1.170144,PRT,843621
25984661,179,8981,1996,8.189303241535398e-08,1.764234442300063e-06,0.39343,1.170144,PRT,843629
25991187,179,8982,1996,1.928482259673589e-07,7.92028096794131e-07,0.39343,1.170144,PRT,843680
25997713,179,8983,1996,1.323617299762359e-07,1.6974241777188838e-07,0.39343,1.170144,PRT,843691
26004239,179,8984,1996,1.8079007915455348e-07,5.223834863375419e-07,0.39343,1.170144,PRT,843699
26010765,179,8985,1996,9.462331538032451e-09,1.1942525367862066e-07,0.39343,1.170144,PRT,843710
26017291,179,8986,1996,8.79725614887249e-08,3.7918454341193245e-07,0.39343,1.170144,PRT,843780
26023817,179,8987,1996,5.3995139581957477e-08,4.466394451823686e-07,0.39343,1.170144,PRT,843790
26030343,179,8988,1996,1.2888198596284688e-06,3.386941689737556e-06,0.39343,1.170144,PRT,843810
26036869,179,8989,1996,1.309156372268527e-07,6.475660626971808e-07,0.39343,1.170144,PRT,843820
26043395,179,8990,1996,4.996474696527752e-09,3.484401552629129e-07,0.39343,1.170144,PRT,843830
26049921,179,8991,1996,4.741347813521523e-08,3.945086797011249e-07,0.39343,1.170144,PRT,843840
26056447,179,8992,1996,2.2504015364123322e-07,2.447095468266313e-06,0.39343,1.170144,PRT,843850
26062973,179,8993,1996,4.709195583699737e-08,1.3197844435301525e-06,0.39343,1.170144,PRT,843860
26069499,179,8994,1996,3.4716347422294664e-07,1.9957258112767087e-06,0.39343,1.170144,PRT,843880
26076025,179,8995,1996,3.5114204750598357e-07,3.533840419266597e-06,0.39343,1.170144,PRT,843890
26082551,179,8996,1996,6.081953369681707e-10,1.1702985479860272e-06,0.39343,1.170144,PRT,843910
26089077,179,8997,1996,1.466559870987016e-07,1.6844767474883858e-06,0.39343,1.170144,PRT,843920
26095603,179,8998,1996,4.3797943224718345e-09,7.110331625852837e-07,0.39343,1.170144,PRT,843930
26102129,179,8999,1996,6.004548618848733e-07,4.0770226522234825e-06,0.39343,1.170144,PRT,843991
26108655,179,9000,1996,4.758802746959174e-08,1.5696657040662349e-06,0.39343,1.170144,PRT,843999
26115181,179,9001,1996,9.726769537094329e-06,2.975691003363876e-06,0.39343,1.170144,PRT,844010
26121707,179,9002,1996,2.177171726863568e-06,6.769684786203387e-07,0.39343,1.170144,PRT,844090
26128233,179,9003,1996,2.4836764185472243e-07,2.3486688153073558e-06,0.39343,1.170144,PRT,844110
26134759,179,9004,1996,1.510972979400596e-08,8.413377045607454e-07,0.39343,1.170144,PRT,844120
26141285,179,9005,1996,1.3619999711028616e-08,2.6807636892013335e-06,0.39343,1.170144,PRT,844130
26147811,179,9006,1996,8.217758419483235e-09,2.9632662429778295e-07,0.39343,1.170144,PRT,844140
26154337,179,9007,1996,2.0565729856242995e-07,1.434788049526575e-06,0.39343,1.170144,PRT,844180
26160863,179,9008,1996,3.6070165393348627e-07,1.5547949681240366e-06,0.39343,1.170144,PRT,844190
26167389,179,9009,1996,1.3400903931941427e-08,9.338771131018262e-07,0.39343,1.170144,PRT,844210
26173915,179,9010,1996,0.0,2.9577346261713017e-07,0.39343,1.170144,PRT,844220
26180441,179,9011,1996,1.7575542179113085e-08,5.51573785139299e-07,0.39343,1.170144,PRT,844230
26186967,179,9012,1996,1.3609241896149508e-07,5.845838492912799e-07,0.39343,1.170144,PRT,844240
26193493,179,9013,1996,3.946972580625846e-07,8.546437452996113e-07,0.39343,1.170144,PRT,844250
26200019,179,9014,1996,4.5875898503803764e-07,1.0707997092649901e-06,0.39343,1.170144,PRT,844311
26206545,179,9015,1996,0.0,1.3180394487736294e-07,0.39343,1.170144,PRT,844312
26213071,179,9016,1996,4.340763151868197e-07,7.4977777997103244e-06,0.39343,1.170144,PRT,844319
26219597,179,9017,1996,1.1929507589814397e-07,1.570031274667649e-07,0.39343,1.170144,PRT,844321
26226123,179,9018,1996,1.931830818952861e-08,1.7636743205263644e-07,0.39343,1.170144,PRT,844329
26232649,179,9019,1996,3.2829063048052475e-07,1.0657297786305108e-06,0.39343,1.170144,PRT,844330
26239175,179,9020,1996,9.72627679886916e-09,3.536211159531252e-07,0.39343,1.170144,PRT,844340
26245701,179,9021,1996,3.225189870386235e-07,3.822773104718554e-06,0.39343,1.170144,PRT,844350
26252227,179,9022,1996,3.491501850496349e-07,2.5478656839837457e-06,0.39343,1.170144,PRT,844360
26258753,179,9023,1996,2.715672484378177e-07,5.069296603145931e-06,0.39343,1.170144,PRT,844390
26265279,179,9024,1996,2.556026511572212e-08,1.1810310114628988e-06,0.39343,1.170144,PRT,844400
26271805,179,9025,1996,0.0,5.772320024367322e-07,0.39343,1.170144,PRT,844511
26278331,179,9026,1996,7.2586461915289455e-09,1.4784410902448362e-06,0.39343,1.170144,PRT,844512
26284857,179,9027,1996,1.355969534029784e-07,4.4043269935038257e-07,0.39343,1.170144,PRT,844513
26291383,179,9028,1996,1.2456276874444077e-07,2.1025171703449017e-06,0.39343,1.170144,PRT,844519
26297909,179,9029,1996,2.7524248164496765e-08,3.303659204947603e-06,0.39343,1.170144,PRT,844520
26304435,179,9030,1996,5.8380388571128576e-08,1.3494927721143304e-06,0.39343,1.170144,PRT,844530
26310961,179,9031,1996,1.5716288730964348e-07,1.5483900253567417e-06,0.39343,1.170144,PRT,844540
26317487,179,9032,1996,6.148045747854481e-08,1.3159785983660206e-06,0.39343,1.170144,PRT,844590
26324013,179,9033,1996,1.0369927469382561e-09,4.643058847846283e-06,0.39343,1.170144,PRT,844610
26330539,179,9034,1996,3.7081733332727523e-08,1.2604131926830963e-07,0.39343,1.170144,PRT,844621
26337065,179,9035,1996,1.8708143111807923e-07,2.8896118869014554e-07,0.39343,1.170144,PRT,844629
26343591,179,9036,1996,3.868276892007378e-07,4.1169812092663474e-06,0.39343,1.170144,PRT,844630
26350117,179,9037,1996,1.0063193378660497e-07,2.9645691061094328e-06,0.39343,1.170144,PRT,844711
26356643,179,9038,1996,2.5796603702319764e-07,7.260875124106946e-06,0.39343,1.170144,PRT,844712
26363169,179,9039,1996,2.6055063992753324e-07,6.01256023030274e-06,0.39343,1.170144,PRT,844720
26369695,179,9040,1996,2.1874668041843552e-07,4.24968764620867e-06,0.39343,1.170144,PRT,844790
26376221,179,9041,1996,2.6755140159900246e-09,2.260708816557515e-06,0.39343,1.170144,PRT,844811
26382747,179,9042,1996,5.670004819071577e-08,1.5344542619137174e-06,0.39343,1.170144,PRT,844819
26389273,179,9043,1996,5.171448282758655e-08,3.443413233248464e-07,0.39343,1.170144,PRT,844820
26395799,179,9044,1996,4.428280248687533e-09,4.1917723805402287e-07,0.39343,1.170144,PRT,844831
26402325,179,9045,1996,9.971736800336136e-08,8.304995139561757e-07,0.39343,1.170144,PRT,844832
26408851,179,9046,1996,2.0170145305730666e-09,3.211479732646899e-07,0.39343,1.170144,PRT,844833
26415377,179,9047,1996,5.428332780590204e-08,1.5201022186199441e-06,0.39343,1.170144,PRT,844839
26421903,179,9048,1996,1.3359387857619236e-08,4.333486503616033e-09,0.39343,1.170144,PRT,844841
26428429,179,9049,1996,3.051582981200538e-10,3.366464433130335e-07,0.39343,1.170144,PRT,844842
26434955,179,9050,1996,4.764733181809432e-07,3.2878114045149524e-06,0.39343,1.170144,PRT,844849
26441481,179,9051,1996,6.8351879911463245e-06,4.4604946129517265e-06,0.39343,1.170144,PRT,844851
26448007,179,9052,1996,7.604775097301265e-08,1.8768729423928677e-06,0.39343,1.170144,PRT,844859
26454533,179,9053,1996,2.394018062011387e-06,3.467239951775803e-07,0.39343,1.170144,PRT,844900
26461059,179,9054,1996,4.862686874246697e-07,1.9466564261500805e-05,0.39343,1.170144,PRT,845011
26467585,179,9055,1996,1.234481985155574e-08,2.2914283472313705e-07,0.39343,1.170144,PRT,845012
26474111,179,9056,1996,1.8944663520628877e-08,2.078293726513943e-07,0.39343,1.170144,PRT,845019
26480637,179,9057,1996,3.138615218757717e-08,9.433057191480878e-07,0.39343,1.170144,PRT,845020
26487163,179,9058,1996,1.0248773261251085e-07,1.7311169938553732e-06,0.39343,1.170144,PRT,845090
26493689,179,9059,1996,0.0,5.750528304473421e-07,0.39343,1.170144,PRT,845110
26500215,179,9060,1996,5.0015960224842854e-08,3.140454303143885e-06,0.39343,1.170144,PRT,845121
26506741,179,9061,1996,1.4867300162927465e-08,2.7815766597760485e-06,0.39343,1.170144,PRT,845129
26513267,179,9062,1996,6.130287777377981e-08,2.772689615255363e-06,0.39343,1.170144,PRT,845130
26519793,179,9063,1996,4.42353771902956e-07,3.506625792590886e-06,0.39343,1.170144,PRT,845140
26526319,179,9064,1996,1.9885623829956168e-07,3.9266196815623015e-06,0.39343,1.170144,PRT,845150
26532845,179,9065,1996,1.8044522300434431e-07,5.4448880813811365e-06,0.39343,1.170144,PRT,845180
26539371,179,9066,1996,1.7599451801478203e-07,3.1346300309964245e-06,0.39343,1.170144,PRT,845190
26545897,179,9067,1996,9.030382542858345e-08,1.1626043308402187e-06,0.39343,1.170144,PRT,845210
26552423,179,9068,1996,1.2020964168138757e-07,3.1089075156965667e-06,0.39343,1.170144,PRT,845221
26558949,179,9069,1996,4.204069204384588e-07,8.12015163991115e-06,0.39343,1.170144,PRT,845229
26565475,179,9070,1996,6.936708429530832e-06,5.716112301526157e-07,0.39343,1.170144,PRT,845230
26572001,179,9071,1996,2.5173589854151924e-08,3.181988824112157e-08,0.39343,1.170144,PRT,845240
26578527,179,9072,1996,7.259737124868798e-08,1.9373051102799293e-06,0.39343,1.170144,PRT,845290
26585053,179,9073,1996,8.629525147870057e-08,1.0683858827100504e-06,0.39343,1.170144,PRT,845310
26591579,179,9074,1996,4.909669736749709e-07,5.676447725556233e-06,0.39343,1.170144,PRT,845320
26598105,179,9075,1996,3.2549511379715086e-08,2.4943051165310606e-07,0.39343,1.170144,PRT,845380
26604631,179,9076,1996,1.60110831623558e-07,1.4265946942794703e-06,0.39343,1.170144,PRT,845390
26611157,179,9077,1996,0.0,0.0,0.39343,1.170144,PRT,845410
26617683,179,9078,1996,1.1246310585731316e-08,3.213806392322263e-08,0.39343,1.170144,PRT,845420
26624209,179,9079,1996,1.027134952064527e-07,9.705962439812998e-07,0.39343,1.170144,PRT,845430
26630735,179,9080,1996,8.619767355219147e-08,4.3526532741326e-07,0.39343,1.170144,PRT,845490
26637261,179,9081,1996,4.453129285873079e-09,5.675362613907068e-07,0.39343,1.170144,PRT,845510
26643787,179,9082,1996,1.2576946223313397e-08,3.7986862112844975e-08,0.39343,1.170144,PRT,845521
26650313,179,9083,1996,2.3596585103986324e-08,2.4103133651164235e-08,0.39343,1.170144,PRT,845522
26656839,179,9084,1996,3.6261048424119057e-07,6.156212242142341e-07,0.39343,1.170144,PRT,845530
26663365,179,9085,1996,2.279202176584457e-08,1.2340244970488395e-07,0.39343,1.170144,PRT,845590
26669891,179,9086,1996,2.126713938636085e-09,2.3191593465244912e-07,0.39343,1.170144,PRT,845610
26676417,179,9087,1996,2.9061252025534414e-10,2.9108103417214388e-08,0.39343,1.170144,PRT,845620
26682943,179,9088,1996,6.389354141889237e-08,2.5839627151181112e-06,0.39343,1.170144,PRT,845630
26689469,179,9089,1996,8.754133978244402e-09,2.25687977108323e-07,0.39343,1.170144,PRT,845690
26695995,179,9090,1996,2.8893369506012557e-08,2.018121733533599e-06,0.39343,1.170144,PRT,845710
26702521,179,9091,1996,0.0,6.396192936037047e-08,0.39343,1.170144,PRT,845720
26709047,179,9092,1996,1.8853146334896747e-08,8.403354511621271e-07,0.39343,1.170144,PRT,845730
26715573,179,9093,1996,3.310528130896254e-08,1.3333997112600604e-06,0.39343,1.170144,PRT,845811
26722099,179,9094,1996,1.210499633901134e-07,5.053315898079402e-07,0.39343,1.170144,PRT,845819
26728625,179,9095,1996,1.1766928218472382e-09,4.841739012472262e-08,0.39343,1.170144,PRT,845891
26735151,179,9096,1996,2.2944146359346327e-08,2.9240544044888954e-07,0.39343,1.170144,PRT,845899
26741677,179,9097,1996,6.65287515087156e-09,2.0048846308591887e-07,0.39343,1.170144,PRT,845910
26748203,179,9098,1996,2.9915816475086104e-09,1.5353633826387206e-07,0.39343,1.170144,PRT,845921
26754729,179,9099,1996,3.378196301671038e-08,4.29005883733926e-07,0.39343,1.170144,PRT,845929
26761255,179,9100,1996,0.0,2.107502916996825e-07,0.39343,1.170144,PRT,845931
26767781,179,9101,1996,1.0637509174685449e-08,1.0196006019528984e-07,0.39343,1.170144,PRT,845939
26774307,179,9102,1996,0.0,5.048553205837952e-08,0.39343,1.170144,PRT,845940
26780833,179,9103,1996,6.284624541263327e-08,4.0491501310384276e-07,0.39343,1.170144,PRT,845951
26787359,179,9104,1996,1.0195681172044895e-08,2.435406157712123e-07,0.39343,1.170144,PRT,845959
26793885,179,9105,1996,7.366194036616142e-08,3.4675780134380353e-06,0.39343,1.170144,PRT,845961
26800411,179,9106,1996,1.1601863943411811e-07,1.168582719333697e-06,0.39343,1.170144,PRT,845969
26806937,179,9107,1996,1.008689087509842e-08,2.7739384548076097e-07,0.39343,1.170144,PRT,845970
26813463,179,9108,1996,6.542266631691996e-09,9.542983575316773e-08,0.39343,1.170144,PRT,846011
26819989,179,9109,1996,2.30693006563906e-08,6.430996715596872e-07,0.39343,1.170144,PRT,846019
26826515,179,9110,1996,1.458517267975987e-09,4.471435547786975e-07,0.39343,1.170144,PRT,846021
26833041,179,9111,1996,2.5010858964290483e-08,2.710657951699739e-07,0.39343,1.170144,PRT,846029
26839567,179,9112,1996,0.0,5.691036080580566e-09,0.39343,1.170144,PRT,846031
26846093,179,9113,1996,2.9603688325072546e-08,3.445855894474594e-07,0.39343,1.170144,PRT,846039
26852619,179,9114,1996,7.142886042688964e-09,6.073440164175759e-07,0.39343,1.170144,PRT,846040
26859145,179,9115,1996,4.9693528815508455e-08,1.2429473363337612e-06,0.39343,1.170144,PRT,846090
26865671,179,9116,1996,8.021390418309656e-10,1.4143903368398792e-08,0.39343,1.170144,PRT,846110
26872197,179,9117,1996,9.721428206247592e-09,2.505865499647399e-08,0.39343,1.170144,PRT,846120
26878723,179,9118,1996,5.750127812143019e-09,1.449658122602769e-07,0.39343,1.170144,PRT,846130
26885249,179,9119,1996,1.307935133001969e-07,1.2074899708936196e-07,0.39343,1.170144,PRT,846140
26891775,179,9120,1996,1.0153398414014418e-06,1.4760991846513717e-06,0.39343,1.170144,PRT,846150
26898301,179,9121,1996,4.5289885478079276e-07,4.0888558047006227e-07,0.39343,1.170144,PRT,846190
26904827,179,9122,1996,5.39116831814587e-07,1.0375599620424925e-06,0.39343,1.170144,PRT,846210
26911353,179,9123,1996,3.84159751110719e-07,7.156394184497009e-07,0.39343,1.170144,PRT,846221
26917879,179,9124,1996,1.821086842216933e-06,1.20347698010312e-06,0.39343,1.170144,PRT,846229
26924405,179,9125,1996,2.976072211860364e-07,4.611028499648772e-08,0.39343,1.170144,PRT,846231
26930931,179,9126,1996,1.0739820539741351e-06,4.896395628863184e-07,0.39343,1.170144,PRT,846239
26937457,179,9127,1996,2.0849251309789295e-08,8.889616440782284e-07,0.39343,1.170144,PRT,846241
26943983,179,9128,1996,1.0575810833575973e-07,7.647236517748271e-07,0.39343,1.170144,PRT,846249
26950509,179,9129,1996,2.067320194207048e-06,1.170085105132618e-06,0.39343,1.170144,PRT,846291
26957035,179,9130,1996,5.201779259976963e-07,3.492326778577463e-06,0.39343,1.170144,PRT,846299
26963561,179,9131,1996,8.015026640493846e-09,1.9600606373441947e-06,0.39343,1.170144,PRT,846310
26970087,179,9132,1996,1.7702514698390448e-08,1.0318006507634611e-07,0.39343,1.170144,PRT,846320
26976613,179,9133,1996,8.995351461167503e-09,8.802462818526769e-07,0.39343,1.170144,PRT,846330
26983139,179,9134,1996,4.6611187574864833e-07,2.3350996167647524e-06,0.39343,1.170144,PRT,846390
26989665,179,9135,1996,1.4001159698491777e-07,1.6065213853426102e-06,0.39343,1.170144,PRT,846410
26996191,179,9136,1996,9.264205922033552e-08,2.7477638648927668e-06,0.39343,1.170144,PRT,846420
27002717,179,9137,1996,4.66651281677798e-07,3.1458394265634456e-06,0.39343,1.170144,PRT,846490
27009243,179,9138,1996,3.4621436221727435e-07,3.508112269605702e-06,0.39343,1.170144,PRT,846510
27015769,179,9139,1996,4.495242343161801e-07,2.491770316930322e-06,0.39343,1.170144,PRT,846591
27022295,179,9140,1996,3.963551737021226e-07,1.2444964541859906e-06,0.39343,1.170144,PRT,846592
27028821,179,9141,1996,6.723634299442595e-08,1.8752296975680166e-06,0.39343,1.170144,PRT,846593
27035347,179,9142,1996,3.3593170941508e-08,6.548678631683981e-07,0.39343,1.170144,PRT,846594
27041873,179,9143,1996,3.885450000998901e-08,8.383468531489954e-07,0.39343,1.170144,PRT,846595
27048399,179,9144,1996,1.2199665109947491e-08,6.829137238135979e-07,0.39343,1.170144,PRT,846596
27054925,179,9145,1996,5.99599388324205e-07,4.795172675664762e-06,0.39343,1.170144,PRT,846599
27061451,179,9146,1996,8.223455515813579e-08,1.0524979788841353e-06,0.39343,1.170144,PRT,846610
27067977,179,9147,1996,2.1135166755942493e-07,7.284768129234722e-07,0.39343,1.170144,PRT,846620
27074503,179,9148,1996,1.4740327643650104e-08,3.072599361739807e-07,0.39343,1.170144,PRT,846630
27081029,179,9149,1996,3.3687354853182e-07,1.8750815470160383e-06,0.39343,1.170144,PRT,846691
27087555,179,9150,1996,2.9777146726109206e-07,1.2100304048553953e-06,0.39343,1.170144,PRT,846692
27094081,179,9151,1996,5.130971625479712e-07,3.09876036290156e-06,0.39343,1.170144,PRT,846693
27100607,179,9152,1996,6.995713074401988e-07,3.6036226435784017e-06,0.39343,1.170144,PRT,846694
27107133,179,9153,1996,5.415817350885776e-08,9.008093796074646e-07,0.39343,1.170144,PRT,846711
27113659,179,9154,1996,6.311564534016926e-08,7.224036345913682e-07,0.39343,1.170144,PRT,846719
27120185,179,9155,1996,2.8023350167479614e-08,2.8924055356769033e-06,0.39343,1.170144,PRT,846781
27126711,179,9156,1996,2.7519096534836347e-08,2.134290657965717e-06,0.39343,1.170144,PRT,846789
27133237,179,9157,1996,1.5697924686410154e-08,1.1317518955324858e-06,0.39343,1.170144,PRT,846791
27139763,179,9158,1996,3.27322427141405e-08,4.1642170407382676e-07,0.39343,1.170144,PRT,846792
27146289,179,9159,1996,4.0243621796068776e-08,4.5739113177336704e-07,0.39343,1.170144,PRT,846799
27152815,179,9160,1996,5.177993882797774e-09,1.7124182067378964e-07,0.39343,1.170144,PRT,846810
27159341,179,9161,1996,1.0311744357923724e-08,2.5353696655022285e-07,0.39343,1.170144,PRT,846820
27165867,179,9162,1996,9.91231123701802e-08,3.5407285913510825e-07,0.39343,1.170144,PRT,846880
27172393,179,9163,1996,9.939917911257083e-09,2.887126139385041e-07,0.39343,1.170144,PRT,846890
27178919,179,9164,1996,4.82225870289397e-08,3.436864117125217e-07,0.39343,1.170144,PRT,846910
27185445,179,9165,1996,5.593578877874082e-08,4.7157546996803284e-07,0.39343,1.170144,PRT,846921
27191971,179,9166,1996,0.0,0.0,0.39343,1.170144,PRT,846929
27198497,179,9167,1996,5.1836000680164646e-08,1.1063134183155036e-07,0.39343,1.170144,PRT,846931
27205023,179,9168,1996,0.0,1.0446105362980506e-08,0.39343,1.170144,PRT,846939
27211549,179,9169,1996,4.582950353315612e-08,1.6966658590098761e-06,0.39343,1.170144,PRT,847010
27218075,179,9170,1996,3.9761186830222573e-08,5.366420655246979e-07,0.39343,1.170144,PRT,847021
27224601,179,9171,1996,7.698443846009217e-08,1.997738935332002e-07,0.39343,1.170144,PRT,847029
27231127,179,9172,1996,1.0109618653012029e-08,6.409549686025246e-08,0.39343,1.170144,PRT,847030
27237653,179,9173,1996,0.0,1.3363378648244624e-09,0.39343,1.170144,PRT,847040
27244179,179,9174,1996,8.480946087722825e-08,1.6759019128557621e-06,0.39343,1.170144,PRT,847050
27250705,179,9175,1996,3.3211344272559376e-08,8.939729110713202e-07,0.39343,1.170144,PRT,847090
27257231,179,9176,1996,1.6739817542266585e-06,2.3478319469768296e-06,0.39343,1.170144,PRT,847110
27263757,179,9177,1996,8.496470675223014e-07,2.4419627973645196e-05,0.39343,1.170144,PRT,847120
27270283,179,9178,1996,1.7856469635606845e-06,6.497833594248127e-05,0.39343,1.170144,PRT,847191
27276809,179,9179,1996,2.2442750365979395e-06,5.747476104812966e-05,0.39343,1.170144,PRT,847192
27283335,179,9180,1996,1.6468620605090239e-06,2.482485851096712e-05,0.39343,1.170144,PRT,847193
27289861,179,9181,1996,8.791713601431958e-07,1.5607297400344265e-05,0.39343,1.170144,PRT,847199
27296387,179,9182,1996,3.025430884747945e-08,5.311174088112161e-07,0.39343,1.170144,PRT,847210
27302913,179,9183,1996,1.5276097128333575e-09,1.5307100632879927e-07,0.39343,1.170144,PRT,847220
27309439,179,9184,1996,5.219509957119966e-08,8.272315845545961e-07,0.39343,1.170144,PRT,847230
27315965,179,9185,1996,8.15438125317854e-07,5.0801851715668325e-06,0.39343,1.170144,PRT,847290
27322491,179,9186,1996,1.531882535081116e-08,2.909159805370539e-07,0.39343,1.170144,PRT,847310
27329017,179,9187,1996,4.649618501862198e-08,2.0982559362357628e-07,0.39343,1.170144,PRT,847321
27335543,179,9188,1996,1.3073017855907764e-08,1.017562951855443e-06,0.39343,1.170144,PRT,847329
27342069,179,9189,1996,5.437020246419901e-06,5.391934434042059e-05,0.39343,1.170144,PRT,847330
27348595,179,9190,1996,6.4033332404913e-07,4.668134405925869e-06,0.39343,1.170144,PRT,847340
27355121,179,9191,1996,1.9071939076945088e-07,6.709122033713462e-07,0.39343,1.170144,PRT,847410
27361647,179,9192,1996,3.78990242265009e-08,2.6677218005652117e-06,0.39343,1.170144,PRT,847420
27368173,179,9193,1996,5.898258377472755e-07,1.9041273410288411e-06,0.39343,1.170144,PRT,847431
27374699,179,9194,1996,9.734125458175327e-08,1.4896551258738878e-06,0.39343,1.170144,PRT,847432
27381225,179,9195,1996,4.303338077570454e-08,1.1595074208677684e-06,0.39343,1.170144,PRT,847439
27387751,179,9196,1996,1.7828699321366805e-07,5.622612068711731e-06,0.39343,1.170144,PRT,847480
27394277,179,9197,1996,1.413042317778283e-06,4.239922304232185e-06,0.39343,1.170144,PRT,847490
27400803,179,9198,1996,0.0,1.0384989117376928e-07,0.39343,1.170144,PRT,847510
27407329,179,9199,1996,1.1178612111252647e-07,1.780151512230171e-06,0.39343,1.170144,PRT,847520
27413855,179,9200,1996,2.3833105512807276e-07,2.3819718662332716e-06,0.39343,1.170144,PRT,847590
27420381,179,9201,1996,1.811252381195195e-09,9.397295570544726e-07,0.39343,1.170144,PRT,847611
27426907,179,9202,1996,1.5714440205027376e-07,2.17776074766677e-06,0.39343,1.170144,PRT,847619
27433433,179,9203,1996,2.818002031656409e-08,4.343237262540422e-07,0.39343,1.170144,PRT,847690
27439959,179,9204,1996,1.2734613364255685e-06,7.067995699885273e-06,0.39343,1.170144,PRT,847710
27446485,179,9205,1996,9.76714134355783e-07,3.884364625247272e-06,0.39343,1.170144,PRT,847720
27453011,179,9206,1996,4.0330896463257035e-08,1.5674046681253043e-06,0.39343,1.170144,PRT,847730
27459537,179,9207,1996,1.271179770560081e-07,1.9726892290265874e-07,0.39343,1.170144,PRT,847740
27466063,179,9208,1996,1.206966222028165e-07,1.0601017148203462e-07,0.39343,1.170144,PRT,847751
27472589,179,9209,1996,1.0510930603558591e-07,1.841831856803475e-06,0.39343,1.170144,PRT,847759
27479115,179,9210,1996,9.676215080051452e-07,3.817286231367322e-06,0.39343,1.170144,PRT,847780
27485641,179,9211,1996,1.7488679642297663e-06,4.051533465757166e-06,0.39343,1.170144,PRT,847790
27492167,179,9212,1996,1.680985849305555e-07,4.608675325333233e-08,0.39343,1.170144,PRT,847810
27498693,179,9213,1996,5.006626437329164e-08,1.1152753666946836e-07,0.39343,1.170144,PRT,847890
27505219,179,9214,1996,1.433195493009838e-07,2.3677938252656473e-06,0.39343,1.170144,PRT,847910
27511745,179,9215,1996,1.6790888374423658e-07,1.1858298299015876e-06,0.39343,1.170144,PRT,847920
27518271,179,9216,1996,2.2482439126957336e-07,2.1855935038074936e-06,0.39343,1.170144,PRT,847930
27524797,179,9217,1996,8.136086907143279e-07,1.8241071512794305e-06,0.39343,1.170144,PRT,847940
27531323,179,9218,1996,4.859971662378618e-07,3.317903201082663e-06,0.39343,1.170144,PRT,847981
27537849,179,9219,1996,3.047182883396463e-07,2.2463952194919956e-06,0.39343,1.170144,PRT,847982
27544375,179,9220,1996,3.87211212877104e-06,2.3744145309173668e-05,0.39343,1.170144,PRT,847989
27550901,179,9221,1996,2.9669450392872974e-06,1.8433090205509293e-05,0.39343,1.170144,PRT,847990
27557427,179,9222,1996,6.126802851431229e-08,3.087745849939826e-07,0.39343,1.170144,PRT,848010
27563953,179,9223,1996,6.621268387719701e-08,3.9488419329260453e-07,0.39343,1.170144,PRT,848020
27570479,179,9224,1996,2.320369758311974e-07,2.465255013889229e-07,0.39343,1.170144,PRT,848030
27577005,179,9225,1996,3.8302239249651425e-06,4.7205240205818224e-07,0.39343,1.170144,PRT,848041
27583531,179,9226,1996,8.330188191266275e-07,3.3489249986545143e-07,0.39343,1.170144,PRT,848049
27590057,179,9227,1996,9.088977784690018e-07,5.163050050774028e-07,0.39343,1.170144,PRT,848050
27596583,179,9228,1996,5.348321911223135e-07,4.0564748003867955e-07,0.39343,1.170144,PRT,848060
27603109,179,9229,1996,5.3020871865616315e-05,7.866978918230331e-06,0.39343,1.170144,PRT,848071
27609635,179,9230,1996,2.259136882094168e-06,1.6284175066322005e-06,0.39343,1.170144,PRT,848079
27616161,179,9231,1996,3.115181364543592e-07,1.8615935495589707e-06,0.39343,1.170144,PRT,848110
27622687,179,9232,1996,2.459818312478712e-07,2.8214652844554516e-06,0.39343,1.170144,PRT,848120
27629213,179,9233,1996,2.8279113428267426e-07,1.0876262313531034e-06,0.39343,1.170144,PRT,848130
27635739,179,9234,1996,2.0648992313036903e-06,1.5660786046835476e-06,0.39343,1.170144,PRT,848140
27642265,179,9235,1996,1.0082629871295178e-05,3.2948868693889754e-05,0.39343,1.170144,PRT,848180
27648791,179,9236,1996,2.166196937464645e-06,5.484039930496674e-06,0.39343,1.170144,PRT,848190
27655317,179,9237,1996,9.769271087866855e-06,6.8066336001533774e-06,0.39343,1.170144,PRT,848210
27661843,179,9238,1996,6.358038294294672e-07,1.5945543339325862e-06,0.39343,1.170144,PRT,848220
27668369,179,9239,1996,2.2231100206936708e-08,1.2597105547184565e-06,0.39343,1.170144,PRT,848230
27674895,179,9240,1996,2.143077938733883e-09,2.934540944678143e-07,0.39343,1.170144,PRT,848240
27681421,179,9241,1996,5.3160272539930917e-08,7.72854366184518e-07,0.39343,1.170144,PRT,848250
27687947,179,9242,1996,5.4835764327722156e-08,5.882156921292626e-07,0.39343,1.170144,PRT,848280
27694473,179,9243,1996,3.531108791473798e-08,1.0686987554641165e-06,0.39343,1.170144,PRT,848291
27700999,179,9244,1996,2.6421223646793506e-07,1.8937528251943333e-06,0.39343,1.170144,PRT,848299
27707525,179,9245,1996,5.33324884891083e-07,3.046467526682246e-06,0.39343,1.170144,PRT,848310
27714051,179,9246,1996,7.923812491800562e-09,3.155795673949191e-07,0.39343,1.170144,PRT,848320
27720577,179,9247,1996,2.996560546056885e-07,1.875704972493155e-06,0.39343,1.170144,PRT,848330
27727103,179,9248,1996,2.0872615465484484e-07,4.858481019144816e-06,0.39343,1.170144,PRT,848340
27733629,179,9249,1996,4.4179163819589275e-08,1.4885501282445909e-06,0.39343,1.170144,PRT,848350
27740155,179,9250,1996,6.127833177363312e-08,1.3952351664783886e-06,0.39343,1.170144,PRT,848360
27746681,179,9251,1996,3.8882955187936846e-07,2.077377645695894e-06,0.39343,1.170144,PRT,848390
27753207,179,9252,1996,7.527349133875571e-08,2.243702326349213e-06,0.39343,1.170144,PRT,848410
27759733,179,9253,1996,8.318912183050737e-08,2.862637217719329e-06,0.39343,1.170144,PRT,848490
27766259,179,9254,1996,4.930445956133135e-07,1.4382336270173275e-07,0.39343,1.170144,PRT,848510
27772785,179,9255,1996,6.51853883155019e-07,4.160745611473344e-06,0.39343,1.170144,PRT,848590
27779311,179,9256,1996,1.7316900066456218e-07,6.294735659706076e-06,0.39343,1.170144,PRT,850110
27785837,179,9257,1996,2.7382426830315846e-08,1.1073710210254874e-06,0.39343,1.170144,PRT,850120
27792363,179,9258,1996,1.457774827230809e-07,3.260585177684165e-06,0.39343,1.170144,PRT,850131
27798889,179,9259,1996,1.1045578851198323e-07,3.012039923579905e-07,0.39343,1.170144,PRT,850132
27805415,179,9260,1996,1.585611002068887e-08,1.5140190972977744e-07,0.39343,1.170144,PRT,850133
27811941,179,9261,1996,4.526703648535013e-07,3.9870893013786106e-07,0.39343,1.170144,PRT,850134
27818467,179,9262,1996,3.8414823570324276e-07,1.826796730092191e-06,0.39343,1.170144,PRT,850140
27824993,179,9263,1996,1.519867419527827e-06,1.5684519964122203e-06,0.39343,1.170144,PRT,850151
27831519,179,9264,1996,7.954373777168394e-07,2.776321789526348e-06,0.39343,1.170144,PRT,850152
27838045,179,9265,1996,4.929491389460764e-07,6.089663809632891e-07,0.39343,1.170144,PRT,850153
27844571,179,9266,1996,2.544741412245508e-06,6.794260543315672e-07,0.39343,1.170144,PRT,850161
27851097,179,9267,1996,2.3248065235977493e-06,1.9991972405416321e-07,0.39343,1.170144,PRT,850162
27857623,179,9268,1996,1.562698371561581e-07,8.676849710697287e-08,0.39343,1.170144,PRT,850163
27864149,179,9269,1996,3.225162597052739e-08,1.3559656586470738e-06,0.39343,1.170144,PRT,850164
27870675,179,9270,1996,2.799731928584256e-07,2.019239325616979e-06,0.39343,1.170144,PRT,850211
27877201,179,9271,1996,2.1226865763897932e-07,1.8863025427381358e-06,0.39343,1.170144,PRT,850212
27883727,179,9272,1996,1.4522231886791114e-07,3.489591130577398e-06,0.39343,1.170144,PRT,850213
27890253,179,9273,1996,3.8080846449809765e-08,4.68748346459364e-07,0.39343,1.170144,PRT,850220
27896779,179,9274,1996,1.4642446680102162e-08,1.9220263803120367e-06,0.39343,1.170144,PRT,850230
27903305,179,9275,1996,3.412500094468645e-09,5.10775045435886e-07,0.39343,1.170144,PRT,850240
27909831,179,9276,1996,3.375965949065116e-07,3.0374373031046156e-06,0.39343,1.170144,PRT,850300
27916357,179,9277,1996,5.287711473083123e-07,3.2617667363369674e-06,0.39343,1.170144,PRT,850410
27922883,179,9278,1996,5.906271888928055e-06,6.09038301924764e-07,0.39343,1.170144,PRT,850421
27929409,179,9279,1996,7.85647220710181e-06,3.2454516153712313e-07,0.39343,1.170144,PRT,850422
27935935,179,9280,1996,7.391953094029348e-06,9.618616586416213e-08,0.39343,1.170144,PRT,850423
27942461,179,9281,1996,2.1663829415990898e-05,3.4661760518387773e-06,0.39343,1.170144,PRT,850431
27948987,179,9282,1996,2.7686236613613026e-06,3.697754919128001e-07,0.39343,1.170144,PRT,850432
27955513,179,9283,1996,1.1768591891815657e-06,1.0952571447954938e-06,0.39343,1.170144,PRT,850433
27962039,179,9284,1996,9.267257505014754e-07,1.0277091103514428e-06,0.39343,1.170144,PRT,850434
27968565,179,9285,1996,2.192852681475803e-06,7.572478158341606e-06,0.39343,1.170144,PRT,850440
27975091,179,9286,1996,4.858977700891196e-06,4.5944853527775305e-06,0.39343,1.170144,PRT,850450
27981617,179,9287,1996,4.457197255082576e-06,1.588460374751245e-05,0.39343,1.170144,PRT,850490
27988143,179,9288,1996,3.1337969298400316e-08,4.904873685059169e-07,0.39343,1.170144,PRT,850511
27994669,179,9289,1996,2.3944168587545112e-08,1.4600571644794387e-06,0.39343,1.170144,PRT,850519
28001195,179,9290,1996,2.1922026670274735e-06,6.158946564410398e-07,0.39343,1.170144,PRT,850520
28007721,179,9291,1996,7.106218560988342e-10,4.913825690448283e-09,0.39343,1.170144,PRT,850530
28014247,179,9292,1996,1.0816088901678644e-07,7.42662808283149e-07,0.39343,1.170144,PRT,850590
28020773,179,9293,1996,1.4028675461619188e-07,3.6361743358883556e-06,0.39343,1.170144,PRT,850611
28027299,179,9294,1996,5.362907083902895e-08,1.1139463203559072e-07,0.39343,1.170144,PRT,850612
28033825,179,9295,1996,1.7064015657537465e-09,2.940321136236312e-07,0.39343,1.170144,PRT,850613
28040351,179,9296,1996,7.083430175666964e-08,8.786146371829024e-07,0.39343,1.170144,PRT,850619
28046877,179,9297,1996,0.0,0.0,0.39343,1.170144,PRT,850620
28053403,179,9298,1996,8.437763309686968e-09,3.5094446302745e-08,0.39343,1.170144,PRT,850690
28059929,179,9299,1996,1.1335156196928962e-05,9.50706286653957e-06,0.39343,1.170144,PRT,850710
28066455,179,9300,1996,9.19360132235233e-07,3.5989109920192882e-06,0.39343,1.170144,PRT,850720
28072981,179,9301,1996,7.918297217693526e-08,1.4544781527535978e-06,0.39343,1.170144,PRT,850730
28079507,179,9302,1996,1.6024598614288425e-09,8.191731225393823e-08,0.39343,1.170144,PRT,850740
28086033,179,9303,1996,8.368813292237856e-07,6.470145581815389e-07,0.39343,1.170144,PRT,850780
28092559,179,9304,1996,1.653936763217972e-07,2.4091921272700198e-06,0.39343,1.170144,PRT,850790
28099085,179,9305,1996,2.38141050904715e-07,4.810227688356177e-06,0.39343,1.170144,PRT,850810
28105611,179,9306,1996,6.721391825355119e-08,2.0776265518805374e-06,0.39343,1.170144,PRT,850820
28112137,179,9307,1996,2.724490862208657e-07,6.4800448227247595e-06,0.39343,1.170144,PRT,850880
28118663,179,9308,1996,8.775376874667655e-08,1.5796809465263702e-06,0.39343,1.170144,PRT,850890
28125189,179,9309,1996,3.912488177753085e-06,5.5325481332639964e-06,0.39343,1.170144,PRT,850910
28131715,179,9310,1996,7.853507898787799e-09,1.474233879715054e-07,0.39343,1.170144,PRT,850920
28138241,179,9311,1996,1.4730630458406964e-09,8.344588126003208e-08,0.39343,1.170144,PRT,850930
28144767,179,9312,1996,1.2344347113775137e-06,4.703700812823731e-06,0.39343,1.170144,PRT,850940
28151293,179,9313,1996,5.198736768106928e-07,2.089633375250824e-06,0.39343,1.170144,PRT,850980
28157819,179,9314,1996,1.8683324378326264e-07,1.4899510955448422e-06,0.39343,1.170144,PRT,850990
28164345,179,9315,1996,1.4665568406166273e-07,1.1707274222908593e-06,0.39343,1.170144,PRT,851010
28170871,179,9316,1996,1.1368737549425955e-08,7.193216391040164e-07,0.39343,1.170144,PRT,851020
28177397,179,9317,1996,3.29098224189055e-10,1.1328545731307672e-07,0.39343,1.170144,PRT,851090
28183923,179,9318,1996,9.1005053136478e-09,2.7885264783989413e-06,0.39343,1.170144,PRT,851110
28190449,179,9319,1996,3.630686762439289e-09,2.2284958487757977e-07,0.39343,1.170144,PRT,851120
28196975,179,9320,1996,2.087140937806987e-06,2.708457236565207e-07,0.39343,1.170144,PRT,851130
28203501,179,9321,1996,8.144908315344147e-08,4.085940188580369e-06,0.39343,1.170144,PRT,851140
28210027,179,9322,1996,1.6716129136939826e-07,4.271697780451013e-06,0.39343,1.170144,PRT,851150
28216553,179,9323,1996,1.5194618347550327e-05,1.933174792206655e-06,0.39343,1.170144,PRT,851180
28223079,179,9324,1996,1.9696092344379e-06,5.533094003418601e-06,0.39343,1.170144,PRT,851190
28229605,179,9325,1996,4.087969654061097e-09,1.7879584165967234e-07,0.39343,1.170144,PRT,851210
28236131,179,9326,1996,4.444768493971259e-07,1.5514828255599648e-05,0.39343,1.170144,PRT,851220
28242657,179,9327,1996,1.2078753331447093e-08,8.644564821954095e-07,0.39343,1.170144,PRT,851230
28249183,179,9328,1996,1.2135421257711691e-08,1.6127990578370645e-06,0.39343,1.170144,PRT,851240
28255709,179,9329,1996,3.053052710838951e-07,5.101251716051945e-06,0.39343,1.170144,PRT,851290
28262235,179,9330,1996,1.428010529275147e-07,1.0793003029051233e-06,0.39343,1.170144,PRT,851310
28268761,179,9331,1996,6.768877729342618e-08,1.1612152951280464e-07,0.39343,1.170144,PRT,851390
28275287,179,9332,1996,2.920367943379303e-07,1.7663861053502715e-06,0.39343,1.170144,PRT,851410
28281813,179,9333,1996,6.924608463606666e-08,7.287055016949824e-07,0.39343,1.170144,PRT,851420
28288339,179,9334,1996,6.111044925411126e-08,6.805516008069997e-07,0.39343,1.170144,PRT,851430
28294865,179,9335,1996,1.0294471246709381e-08,1.573932241103409e-07,0.39343,1.170144,PRT,851440
28301391,179,9336,1996,9.472937834392135e-08,1.5460312166801654e-06,0.39343,1.170144,PRT,851490
28307917,179,9337,1996,2.6535741343774208e-08,2.2115065930836097e-07,0.39343,1.170144,PRT,851511
28314443,179,9338,1996,3.964148719987757e-08,5.788169150531981e-07,0.39343,1.170144,PRT,851519
28320969,179,9339,1996,1.455729327218584e-07,7.546742717154663e-07,0.39343,1.170144,PRT,851521
28327495,179,9340,1996,7.49504538553436e-08,4.2214986065065246e-07,0.39343,1.170144,PRT,851529
28334021,179,9341,1996,5.1519023937529514e-08,1.2596641540981501e-06,0.39343,1.170144,PRT,851531
28340547,179,9342,1996,2.9060979292199454e-07,2.274173282271427e-06,0.39343,1.170144,PRT,851539
28347073,179,9343,1996,2.8606878289485547e-07,1.705088234461493e-06,0.39343,1.170144,PRT,851580
28353599,179,9344,1996,1.7022802620254122e-07,4.099577662321424e-06,0.39343,1.170144,PRT,851590
28360125,179,9345,1996,9.555000264512206e-08,9.279812514258932e-07,0.39343,1.170144,PRT,851610
28366651,179,9346,1996,1.915493183077442e-06,3.0930322063247344e-08,0.39343,1.170144,PRT,851621
28373177,179,9347,1996,4.191783476755608e-06,2.202425660256644e-06,0.39343,1.170144,PRT,851629
28379703,179,9348,1996,3.0034910031353416e-08,1.1135860526825282e-06,0.39343,1.170144,PRT,851631
28386229,179,9349,1996,1.7400386770658874e-09,1.9143503919813488e-07,0.39343,1.170144,PRT,851632
28392755,179,9350,1996,1.1643895180700046e-08,1.8472484663582433e-07,0.39343,1.170144,PRT,851633
28399281,179,9351,1996,8.05480025184266e-07,3.7912180314461815e-06,0.39343,1.170144,PRT,851640
28405807,179,9352,1996,1.2166394673452356e-06,6.7516190361200905e-06,0.39343,1.170144,PRT,851650
28412333,179,9353,1996,6.084793432809792e-06,9.53794811371452e-06,0.39343,1.170144,PRT,851660
28418859,179,9354,1996,1.1543063848541879e-05,2.431359692188402e-06,0.39343,1.170144,PRT,851671
28425385,179,9355,1996,3.850031031898333e-07,1.183556530939576e-06,0.39343,1.170144,PRT,851672
28431911,179,9356,1996,2.658936980853916e-06,2.147406787594329e-06,0.39343,1.170144,PRT,851679
28438437,179,9357,1996,1.1240674096808741e-07,2.6327208183690837e-06,0.39343,1.170144,PRT,851680
28444963,179,9358,1996,8.070767273419568e-07,5.957641450407086e-06,0.39343,1.170144,PRT,851690
28451489,179,9359,1996,4.7507652955778055e-06,8.697453906144345e-06,0.39343,1.170144,PRT,851710
28458015,179,9360,1996,2.3614767326317208e-08,2.0524552096633192e-07,0.39343,1.170144,PRT,851720
28464541,179,9361,1996,1.590483837653565e-07,1.0066171780983628e-05,0.39343,1.170144,PRT,851730
28471067,179,9362,1996,6.704039924510675e-07,1.676837316217839e-05,0.39343,1.170144,PRT,851740
28477593,179,9363,1996,0.0,0.0,0.39343,1.170144,PRT,851781
28484119,179,9364,1996,8.681032353363071e-07,1.3641103926727574e-05,0.39343,1.170144,PRT,851782
28490645,179,9365,1996,8.219883315199638e-06,1.6138105250731437e-05,0.39343,1.170144,PRT,851790
28497171,179,9366,1996,1.959437493191924e-08,5.30800890294126e-07,0.39343,1.170144,PRT,851810
28503697,179,9367,1996,7.497587866290296e-07,3.5376051667384574e-06,0.39343,1.170144,PRT,851821
28510223,179,9368,1996,1.8013773132102514e-06,3.639265611499769e-06,0.39343,1.170144,PRT,851822
28516749,179,9369,1996,1.1594378928552263e-07,2.0852862999941182e-06,0.39343,1.170144,PRT,851829
28523275,179,9370,1996,9.353904885532596e-08,7.882875439314304e-07,0.39343,1.170144,PRT,851830
28529801,179,9371,1996,1.1103498320433364e-06,2.70033016791854e-06,0.39343,1.170144,PRT,851840
28536327,179,9372,1996,5.80323808357154e-07,1.139057341766727e-06,0.39343,1.170144,PRT,851850
28542853,179,9373,1996,4.0330896463257035e-08,6.727151989032523e-07,0.39343,1.170144,PRT,851890
28549379,179,9374,1996,0.0,1.2922241322331588e-08,0.39343,1.170144,PRT,851910
28555905,179,9375,1996,0.0,5.803623871424036e-08,0.39343,1.170144,PRT,851921
28562431,179,9376,1996,1.5055789201090993e-08,3.018260921030985e-08,0.39343,1.170144,PRT,851929
28568957,179,9377,1996,5.348603735669264e-10,3.2385975808859705e-08,0.39343,1.170144,PRT,851931
28575483,179,9378,1996,9.788066051090293e-08,1.7590640874659208e-07,0.39343,1.170144,PRT,851939
28582009,179,9379,1996,0.0,2.6670082253114994e-08,0.39343,1.170144,PRT,851940
28588535,179,9380,1996,2.9604103485815765e-06,4.75554455732508e-06,0.39343,1.170144,PRT,851991
28595061,179,9381,1996,3.1486387748916958e-06,5.685703655008354e-06,0.39343,1.170144,PRT,851999
28601587,179,9382,1996,0.0,8.198658175139565e-09,0.39343,1.170144,PRT,852010
28608113,179,9383,1996,7.247524732203219e-08,3.5495380805492557e-07,0.39343,1.170144,PRT,852020
28614639,179,9384,1996,2.458837987658038e-06,1.5490804003003007e-06,0.39343,1.170144,PRT,852031
28621165,179,9385,1996,3.431500516804422e-08,1.8003738968587087e-07,0.39343,1.170144,PRT,852039
28627691,179,9386,1996,1.153358969855933e-08,4.099866009033328e-07,0.39343,1.170144,PRT,852090
28634217,179,9387,1996,1.24480100240243e-06,1.4667119414437831e-05,0.39343,1.170144,PRT,852110
28640743,179,9388,1996,4.270667654412239e-07,2.325935494254237e-06,0.39343,1.170144,PRT,852190
28647269,179,9389,1996,0.0,4.145133128472248e-08,0.39343,1.170144,PRT,852210
28653795,179,9390,1996,1.0906846070517344e-05,1.4260695386875025e-05,0.39343,1.170144,PRT,852290
28660321,179,9391,1996,2.6061730807607985e-07,2.510564225319427e-06,0.39343,1.170144,PRT,852311
28666847,179,9392,1996,1.544761609232161e-08,3.535137316604161e-07,0.39343,1.170144,PRT,852312
28673373,179,9393,1996,1.514021532011408e-07,6.053976761122233e-06,0.39343,1.170144,PRT,852313
28679899,179,9394,1996,8.121210818906225e-08,3.936451310139224e-06,0.39343,1.170144,PRT,852320
28686425,179,9395,1996,3.1811010116042226e-08,1.014248953266559e-06,0.39343,1.170144,PRT,852390
28692951,179,9396,1996,5.342209654149569e-08,3.7271795410623054e-07,0.39343,1.170144,PRT,852410
28699477,179,9397,1996,3.6786454042073923e-07,4.425276873572168e-07,0.39343,1.170144,PRT,852421
28706003,179,9398,1996,1.0098103245535801e-07,1.3194944396532375e-07,0.39343,1.170144,PRT,852422
28712529,179,9399,1996,5.934768279913176e-07,2.3638066862493183e-06,0.39343,1.170144,PRT,852423
28719055,179,9400,1996,3.134450883769866e-06,2.8555809759594336e-05,0.39343,1.170144,PRT,852490
28725581,179,9401,1996,2.2106642895081785e-07,4.253430850535388e-06,0.39343,1.170144,PRT,852510
28732107,179,9402,1996,1.445141213081231e-06,4.687014950901746e-05,0.39343,1.170144,PRT,852520
28738633,179,9403,1996,3.560469747130753e-06,5.579458166094765e-06,0.39343,1.170144,PRT,852530
28745159,179,9404,1996,2.670604815960685e-08,1.1658583400557066e-06,0.39343,1.170144,PRT,852610
28751685,179,9405,1996,1.793115614420135e-07,9.593238761438631e-07,0.39343,1.170144,PRT,852691
28758211,179,9406,1996,1.9885260185509548e-07,5.866669057100353e-07,0.39343,1.170144,PRT,852692
28764737,179,9407,1996,2.7312516185453584e-07,2.6893766386292085e-06,0.39343,1.170144,PRT,852711
28771263,179,9408,1996,5.87973372328797e-07,1.1869407933249238e-06,0.39343,1.170144,PRT,852719
28777789,179,9409,1996,0.0001635054152591788,1.0993696317732506e-05,0.39343,1.170144,PRT,852721
28784315,179,9410,1996,7.252697574456356e-07,5.24170904518345e-07,0.39343,1.170144,PRT,852729
28790841,179,9411,1996,6.014647934242424e-06,9.523982852734302e-06,0.39343,1.170144,PRT,852731
28797367,179,9412,1996,3.33840753847028e-08,7.027960581818902e-07,0.39343,1.170144,PRT,852732
28803893,179,9413,1996,2.2207002701607504e-06,9.511716185890299e-07,0.39343,1.170144,PRT,852739
28810419,179,9414,1996,7.88494799156829e-07,1.795689422805775e-06,0.39343,1.170144,PRT,852790
28816945,179,9415,1996,2.82639403637323e-06,5.12196581468253e-05,0.39343,1.170144,PRT,852810
28823471,179,9416,1996,3.0556891330769297e-06,2.482096781895443e-06,0.39343,1.170144,PRT,852820
28829997,179,9417,1996,3.4888587614435157e-06,7.711470553603438e-06,0.39343,1.170144,PRT,852910
28836523,179,9418,1996,8.081348720742066e-06,3.298555667006702e-05,0.39343,1.170144,PRT,852990
28843049,179,9419,1996,0.0,3.7094876474054776e-06,0.39343,1.170144,PRT,853010
28849575,179,9420,1996,2.482449118539889e-08,2.9576285676106014e-07,0.39343,1.170144,PRT,853080
28856101,179,9421,1996,1.3817367734430393e-07,1.1855275630035917e-06,0.39343,1.170144,PRT,853090
28862627,179,9422,1996,2.1954184960837297e-07,6.732275280380354e-06,0.39343,1.170144,PRT,853110
28869153,179,9423,1996,4.08918180221649e-08,2.092659358560806e-06,0.39343,1.170144,PRT,853120
28875679,179,9424,1996,6.080680614118544e-08,1.2136821336735094e-06,0.39343,1.170144,PRT,853180
28882205,179,9425,1996,2.7437064408420163e-07,3.1480010326037195e-06,0.39343,1.170144,PRT,853190
28888731,179,9426,1996,4.349248188955944e-08,6.942132691572141e-07,0.39343,1.170144,PRT,853210
28895257,179,9427,1996,4.0695540932102973e-07,1.862090036196249e-07,0.39343,1.170144,PRT,853221
28901783,179,9428,1996,7.240215478826203e-07,3.372179995253078e-06,0.39343,1.170144,PRT,853222
28908309,179,9429,1996,2.0808947383622494e-07,1.1619295332477628e-06,0.39343,1.170144,PRT,853223
28914835,179,9430,1996,8.098331522473192e-08,1.4481972653590222e-05,0.39343,1.170144,PRT,853224
28921361,179,9431,1996,7.110526232495568e-06,8.406075576569239e-07,0.39343,1.170144,PRT,853225
28927887,179,9432,1996,1.3776460764556288e-06,5.374560649780731e-07,0.39343,1.170144,PRT,853229
28934413,179,9433,1996,1.3398540243038413e-07,4.593631581363892e-07,0.39343,1.170144,PRT,853230
28940939,179,9434,1996,6.738301292122843e-08,3.9355150119080414e-07,0.39343,1.170144,PRT,853290
28947465,179,9435,1996,2.190942639019943e-07,2.41146675196404e-07,0.39343,1.170144,PRT,853310
28953991,179,9436,1996,2.5867874983486457e-06,2.4833585473347753e-06,0.39343,1.170144,PRT,853321
28960517,179,9437,1996,8.369637552983523e-07,2.3184865375300484e-07,0.39343,1.170144,PRT,853329
28967043,179,9438,1996,1.1577833106231156e-08,1.224286995444538e-07,0.39343,1.170144,PRT,853331
28973569,179,9439,1996,3.4991080801714366e-08,7.102751753092784e-07,0.39343,1.170144,PRT,853339
28980095,179,9440,1996,2.4336219726184475e-06,4.655202221613472e-06,0.39343,1.170144,PRT,853340
28986621,179,9441,1996,1.171086636628548e-08,1.300016122114613e-07,0.39343,1.170144,PRT,853390
28993147,179,9442,1996,5.321881929583637e-07,8.740293278842234e-06,0.39343,1.170144,PRT,853400
28999673,179,9443,1996,2.070530871633644e-08,2.449150684312885e-07,0.39343,1.170144,PRT,853510
29006199,179,9444,1996,6.226183848321468e-07,1.1829138823483322e-06,0.39343,1.170144,PRT,853521
29012725,179,9445,1996,5.095264771192238e-08,5.354078090245476e-07,0.39343,1.170144,PRT,853529
29019251,179,9446,1996,1.312274926435313e-06,1.1179424080632952e-06,0.39343,1.170144,PRT,853530
29025777,179,9447,1996,7.543925259900563e-08,9.59609902824752e-07,0.39343,1.170144,PRT,853540
29032303,179,9448,1996,1.7668010901147201e-06,4.068485269520106e-06,0.39343,1.170144,PRT,853590
29038829,179,9449,1996,3.267048376562326e-07,2.147679888388132e-06,0.39343,1.170144,PRT,853610
29045355,179,9450,1996,2.527824369551812e-06,6.968865083229667e-06,0.39343,1.170144,PRT,853620
29051881,179,9451,1996,5.392544712376319e-06,4.366089568041327e-06,0.39343,1.170144,PRT,853630
29058407,179,9452,1996,1.8755330827349198e-05,3.5070937759899764e-06,0.39343,1.170144,PRT,853641
29064933,179,9453,1996,2.1042522272425847e-06,4.674311985653663e-06,0.39343,1.170144,PRT,853649
29071459,179,9454,1996,5.103144946350444e-06,1.4737707352377958e-05,0.39343,1.170144,PRT,853650
29077985,179,9455,1996,3.9969373275911234e-07,1.383386105217144e-06,0.39343,1.170144,PRT,853661
29084511,179,9456,1996,1.729714508189371e-06,6.093820310913339e-06,0.39343,1.170144,PRT,853669
29091037,179,9457,1996,1.0367561962257313e-05,5.932000500769067e-05,0.39343,1.170144,PRT,853690
29097563,179,9458,1996,2.1929193496243492e-06,1.4735430739085923e-05,0.39343,1.170144,PRT,853710
29104089,179,9459,1996,6.518435798956981e-07,2.1233142597992347e-06,0.39343,1.170144,PRT,853720
29110615,179,9460,1996,1.653350386547801e-06,2.0625738592201376e-06,0.39343,1.170144,PRT,853810
29117141,179,9461,1996,3.834432200323626e-06,3.101766460231411e-05,0.39343,1.170144,PRT,853890
29123667,179,9462,1996,4.080845253277778e-07,1.5739123551232775e-06,0.39343,1.170144,PRT,853910
29130193,179,9463,1996,9.566000509022393e-08,2.3336880436084307e-06,0.39343,1.170144,PRT,853921
29136719,179,9464,1996,1.1117762273851945e-07,2.5690966192379436e-06,0.39343,1.170144,PRT,853922
29143245,179,9465,1996,1.1790110551944261e-07,1.6687555544625714e-06,0.39343,1.170144,PRT,853929
29149771,179,9466,1996,1.5281824528367803e-07,2.6955005262106476e-06,0.39343,1.170144,PRT,853931
29156297,179,9467,1996,9.078959380185699e-08,2.4079008642934927e-06,0.39343,1.170144,PRT,853939
29162823,179,9468,1996,4.93404906652504e-09,1.626288712459143e-07,0.39343,1.170144,PRT,853940
29169349,179,9469,1996,2.817038373872872e-07,1.866928958028203e-07,0.39343,1.170144,PRT,853990
29175875,179,9470,1996,4.372521433539479e-09,1.2353634863776813e-07,0.39343,1.170144,PRT,854011
29182401,179,9471,1996,0.0,1.4448622870610998e-07,0.39343,1.170144,PRT,854012
29188927,179,9472,1996,1.2091177850039866e-09,1.1432118544491612e-08,0.39343,1.170144,PRT,854020
29195453,179,9473,1996,3.0518860182393857e-09,2.866524263968997e-07,0.39343,1.170144,PRT,854030
29201979,179,9474,1996,0.0,1.308623437181451e-07,0.39343,1.170144,PRT,854041
29208505,179,9475,1996,0.0,4.350058153725463e-09,0.39343,1.170144,PRT,854042
29215031,179,9476,1996,0.0,2.038180390259056e-08,0.39343,1.170144,PRT,854049
29221557,179,9477,1996,7.715323009073057e-10,1.0468974240131521e-07,0.39343,1.170144,PRT,854081
29228083,179,9478,1996,1.262564427545629e-07,3.3815545777199826e-07,0.39343,1.170144,PRT,854089
29234609,179,9479,1996,2.4097811396611495e-06,7.490001387179973e-07,0.39343,1.170144,PRT,854091
29241135,179,9480,1996,1.512730594225915e-08,3.3565678436849836e-07,0.39343,1.170144,PRT,854099
29247661,179,9481,1996,1.2199722686984873e-06,6.39995370631288e-06,0.39343,1.170144,PRT,854110
29254187,179,9482,1996,1.1008032562085042e-07,3.2318353533423164e-06,0.39343,1.170144,PRT,854121
29260713,179,9483,1996,5.040899926422886e-08,2.1171227598853494e-06,0.39343,1.170144,PRT,854129
29267239,179,9484,1996,3.150676092903872e-09,2.015228654857495e-07,0.39343,1.170144,PRT,854130
29273765,179,9485,1996,1.0014889274668107e-07,3.78854800718055e-06,0.39343,1.170144,PRT,854140
29280291,179,9486,1996,5.33235185927584e-07,2.543042339502895e-07,0.39343,1.170144,PRT,854150
29286817,179,9487,1996,2.8881551061497483e-08,2.4904147559513706e-06,0.39343,1.170144,PRT,854160
29293343,179,9488,1996,4.638284916609278e-09,7.310411100614055e-07,0.39343,1.170144,PRT,854190
29299869,179,9489,1996,5.232733129828623e-05,0.00011103153757013604,0.39343,1.170144,PRT,854211
29306395,179,9490,1996,6.812633550418937e-06,1.4149139346967368e-05,0.39343,1.170144,PRT,854219
29312921,179,9491,1996,1.1890597634026298e-07,2.8104799375979104e-06,0.39343,1.170144,PRT,854220
29319447,179,9492,1996,2.5622630138317064e-07,3.980798702997071e-07,0.39343,1.170144,PRT,854280
29325973,179,9493,1996,1.2683887994322897e-07,2.7842248094635355e-06,0.39343,1.170144,PRT,854290
29332499,179,9494,1996,1.8256163368365957e-08,7.700222711808163e-07,0.39343,1.170144,PRT,854310
29339025,179,9495,1996,2.81748080794959e-07,8.977429614712156e-07,0.39343,1.170144,PRT,854320
29345551,179,9496,1996,4.1422132840149105e-08,9.438317033225611e-08,0.39343,1.170144,PRT,854330
29352077,179,9497,1996,1.30809746994368e-05,7.457797368089315e-06,0.39343,1.170144,PRT,854380
29358603,179,9498,1996,9.59421931807993e-07,1.5807866070216715e-06,0.39343,1.170144,PRT,854390
29365129,179,9499,1996,9.507535573117425e-07,8.166341468828163e-06,0.39343,1.170144,PRT,854411
29371655,179,9500,1996,2.6790534886037703e-07,5.919509420639283e-07,0.39343,1.170144,PRT,854419
29378181,179,9501,1996,4.09259915090358e-06,4.5561262914032276e-06,0.39343,1.170144,PRT,854420
29384707,179,9502,1996,0.00021446997566013535,2.1008691860281193e-05,0.39343,1.170144,PRT,854430
29391233,179,9503,1996,6.9566846311317e-05,4.872434348536957e-06,0.39343,1.170144,PRT,854441
29397759,179,9504,1996,6.6043313445814405e-06,2.132806434695316e-05,0.39343,1.170144,PRT,854449
29404285,179,9505,1996,7.078578855712044e-06,2.8550450819381946e-06,0.39343,1.170144,PRT,854451
29410811,179,9506,1996,9.314649770557249e-06,1.4302997838109367e-05,0.39343,1.170144,PRT,854459
29417337,179,9507,1996,1.903156848262974e-06,3.0340609951113204e-06,0.39343,1.170144,PRT,854460
29423863,179,9508,1996,2.5427837929745492e-09,1.2057234329919544e-06,0.39343,1.170144,PRT,854470
29430389,179,9509,1996,2.6527862380764156e-09,1.380123147310597e-06,0.39343,1.170144,PRT,854511
29436915,179,9510,1996,2.1260472571506187e-08,2.029162098269504e-07,0.39343,1.170144,PRT,854519
29443441,179,9511,1996,3.537442265585723e-08,1.1265692776772625e-06,0.39343,1.170144,PRT,854520
29449967,179,9512,1996,4.18409300278372e-08,7.664819038514376e-08,0.39343,1.170144,PRT,854590
29456493,179,9513,1996,0.0,5.818475384252107e-07,0.39343,1.170144,PRT,854610
29463019,179,9514,1996,1.2332143812220722e-06,8.305005082551823e-07,0.39343,1.170144,PRT,854620
29469545,179,9515,1996,1.1740624603500364e-07,2.1404705577245256e-06,0.39343,1.170144,PRT,854690
29476071,179,9516,1996,4.5133185025290916e-07,1.14621463744899e-07,0.39343,1.170144,PRT,854710
29482597,179,9517,1996,1.6748541978615022e-06,2.391247383375822e-05,0.39343,1.170144,PRT,854720
29489123,179,9518,1996,2.5764209042866904e-08,1.225509983222614e-07,0.39343,1.170144,PRT,854790
29495649,179,9519,1996,2.5725480909302114e-07,3.529925864077747e-06,0.39343,1.170144,PRT,854800
29502175,179,9520,1996,0.0,0.0,0.39343,1.170144,PRT,860110
29508701,179,9521,1996,0.0,0.0,0.39343,1.170144,PRT,860120
29515227,179,9522,1996,0.0,0.0,0.39343,1.170144,PRT,860210
29521753,179,9523,1996,0.0,1.3366991267968478e-07,0.39343,1.170144,PRT,860290
29528279,179,9524,1996,5.824674923699656e-09,7.660417608245311e-07,0.39343,1.170144,PRT,860310
29534805,179,9525,1996,0.0,4.796829840675705e-09,0.39343,1.170144,PRT,860390
29541331,179,9526,1996,6.080135147448618e-09,1.4272151368595675e-06,0.39343,1.170144,PRT,860400
29547857,179,9527,1996,0.0,0.0,0.39343,1.170144,PRT,860500
29554383,179,9528,1996,0.0,0.0,0.39343,1.170144,PRT,860610
29560909,179,9529,1996,0.0,0.0,0.39343,1.170144,PRT,860620
29567435,179,9530,1996,0.0,0.0,0.39343,1.170144,PRT,860630
29573961,179,9531,1996,0.0,2.017790631964413e-07,0.39343,1.170144,PRT,860691
29580487,179,9532,1996,0.0,7.764149509270301e-09,0.39343,1.170144,PRT,860692
29587013,179,9533,1996,1.996438315635279e-08,1.1350784885754528e-07,0.39343,1.170144,PRT,860699
29593539,179,9534,1996,2.256716828301927e-09,4.366530373934237e-08,0.39343,1.170144,PRT,860711
29600065,179,9535,1996,0.0,1.8639825186387462e-07,0.39343,1.170144,PRT,860712
29606591,179,9536,1996,1.3246364133240054e-06,6.098778217193078e-07,0.39343,1.170144,PRT,860719
29613117,179,9537,1996,1.7734848750435542e-07,4.296783612953667e-07,0.39343,1.170144,PRT,860721
29619643,179,9538,1996,3.468804376286625e-08,4.6960244930600406e-07,0.39343,1.170144,PRT,860729
29626169,179,9539,1996,1.0515385248029657e-08,5.1529148295671e-07,0.39343,1.170144,PRT,860730
29632695,179,9540,1996,1.611459152371515e-06,1.6128623615404826e-07,0.39343,1.170144,PRT,860791
29639221,179,9541,1996,4.8771368924071305e-06,1.302339136026953e-06,0.39343,1.170144,PRT,860799
29645747,179,9542,1996,1.6636763736465505e-07,4.973373263652504e-06,0.39343,1.170144,PRT,860800
29652273,179,9543,1996,9.321167794225833e-07,1.752759568898289e-06,0.39343,1.170144,PRT,860900
29658799,179,9544,1996,4.9938685779936586e-08,2.9617386682707423e-06,0.39343,1.170144,PRT,870110
29665325,179,9545,1996,4.2473247113097685e-07,3.6891961921392837e-05,0.39343,1.170144,PRT,870120
29671851,179,9546,1996,4.023422764786449e-09,8.269594780597992e-07,0.39343,1.170144,PRT,870130
29678377,179,9547,1996,1.395069797078279e-06,4.3575340890960305e-05,0.39343,1.170144,PRT,870190
29684903,179,9548,1996,8.256632010826673e-06,3.2918267153364677e-06,0.39343,1.170144,PRT,870210
29691429,179,9549,1996,1.8446894880616962e-07,1.6869111228894612e-07,0.39343,1.170144,PRT,870290
29697955,179,9550,1996,1.073235976784491e-07,8.31317159172575e-07,0.39343,1.170144,PRT,870310
29704481,179,9551,1996,3.59953000929012e-06,2.4543812936668247e-05,0.39343,1.170144,PRT,870321
29711007,179,9552,1996,4.031484095486479e-05,0.0003557839622156935,0.39343,1.170144,PRT,870322
29717533,179,9553,1996,0.0002703174367179779,0.00013884912936943958,0.39343,1.170144,PRT,870323
29724059,179,9554,1996,6.107632728353696e-07,5.948972488801841e-06,0.39343,1.170144,PRT,870324
29730585,179,9555,1996,2.2816898076363615e-06,2.174022879411387e-05,0.39343,1.170144,PRT,870331
29737111,179,9556,1996,0.0003128886293415128,0.00019718361701939041,0.39343,1.170144,PRT,870332
29743637,179,9557,1996,8.983033005538328e-07,2.831500048319416e-05,0.39343,1.170144,PRT,870333
29750163,179,9558,1996,1.7516804509873155e-06,3.86360399342318e-07,0.39343,1.170144,PRT,870390
29756689,179,9559,1996,3.9359511235229395e-07,4.727595806549521e-06,0.39343,1.170144,PRT,870410
29763215,179,9560,1996,8.063934060926877e-05,0.0001079534364205599,0.39343,1.170144,PRT,870421
29769741,179,9561,1996,2.3197221681599553e-06,3.175458997389637e-05,0.39343,1.170144,PRT,870422
29776267,179,9562,1996,3.4526343198936896e-07,1.3722655336947096e-05,0.39343,1.170144,PRT,870423
29782793,179,9563,1996,3.057347169931283e-05,8.64659054046347e-06,0.39343,1.170144,PRT,870431
29789319,179,9564,1996,2.4617819924904476e-08,9.810947157586261e-08,0.39343,1.170144,PRT,870432
29795845,179,9565,1996,1.194420488619853e-08,7.507653508876539e-08,0.39343,1.170144,PRT,870490
29802371,179,9566,1996,2.114137901523888e-08,1.9442691805219165e-06,0.39343,1.170144,PRT,870510
29808897,179,9567,1996,0.0,7.73365767306895e-09,0.39343,1.170144,PRT,870520
29815423,179,9568,1996,2.221719080685358e-07,1.0739755002919612e-08,0.39343,1.170144,PRT,870530
29821949,179,9569,1996,5.244571120232706e-08,1.4878624047650497e-06,0.39343,1.170144,PRT,870540
29828475,179,9570,1996,4.746275195773193e-07,4.393540175014595e-06,0.39343,1.170144,PRT,870590
29835001,179,9571,1996,3.445955383557477e-08,1.1536150392383582e-05,0.39343,1.170144,PRT,870600
29841527,179,9572,1996,7.725899001728857e-08,1.0510801085007723e-06,0.39343,1.170144,PRT,870710
29848053,179,9573,1996,2.024139840467502e-06,1.5933929926929173e-06,0.39343,1.170144,PRT,870790
29854579,179,9574,1996,2.3014223674579954e-06,5.6161716626132015e-06,0.39343,1.170144,PRT,870810
29861105,179,9575,1996,1.1026063265896504e-07,3.331063742733568e-06,0.39343,1.170144,PRT,870821
29867631,179,9576,1996,1.2231969767399818e-05,3.058879460611108e-05,0.39343,1.170144,PRT,870829
29874157,179,9577,1996,9.014600373875136e-07,1.1447414177542617e-05,0.39343,1.170144,PRT,870831
29880683,179,9578,1996,2.0126691006508e-05,2.896762023630871e-05,0.39343,1.170144,PRT,870839
29887209,179,9579,1996,1.216271610683778e-05,5.299615428447433e-05,0.39343,1.170144,PRT,870840
29893735,179,9580,1996,4.534822010805754e-07,3.515894979363095e-06,0.39343,1.170144,PRT,870850
29900261,179,9581,1996,6.296818751706576e-07,3.584417095400578e-06,0.39343,1.170144,PRT,870860
29906787,179,9582,1996,1.9025271372962478e-07,1.551993795819439e-05,0.39343,1.170144,PRT,870870
29913313,179,9583,1996,1.3750881408107117e-07,1.0430208179030531e-05,0.39343,1.170144,PRT,870880
29919839,179,9584,1996,2.5965655944811577e-06,6.973777583188107e-06,0.39343,1.170144,PRT,870891
29926365,179,9585,1996,1.517993741516629e-06,9.322239252869095e-06,0.39343,1.170144,PRT,870892
29932891,179,9586,1996,1.9544919287179228e-07,6.346858139362265e-06,0.39343,1.170144,PRT,870893
29939417,179,9587,1996,2.890533946904706e-06,1.3331351282944133e-05,0.39343,1.170144,PRT,870894
29945943,179,9588,1996,5.6779672990895345e-05,0.0001958633556437701,0.39343,1.170144,PRT,870899
29952469,179,9589,1996,1.9279519448556048e-08,7.030853991928009e-08,0.39343,1.170144,PRT,870911
29958995,179,9590,1996,2.091107086571431e-08,2.8203655897541896e-07,0.39343,1.170144,PRT,870919
29965521,179,9591,1996,7.631412053016013e-08,1.3144864869901674e-07,0.39343,1.170144,PRT,870990
29972047,179,9592,1996,5.960374909695843e-07,1.4502182443764677e-08,0.39343,1.170144,PRT,871000
29978573,179,9593,1996,1.2379766082875705e-06,1.3900453896703183e-05,0.39343,1.170144,PRT,871110
29985099,179,9594,1996,4.6687371086431253e-07,2.6269969704212865e-06,0.39343,1.170144,PRT,871120
29991625,179,9595,1996,1.953037350931452e-07,8.208856368616908e-07,0.39343,1.170144,PRT,871130
29998151,179,9596,1996,8.216482633549685e-07,7.370750798693506e-06,0.39343,1.170144,PRT,871140
30004677,179,9597,1996,2.965550765871557e-07,5.870776837729479e-06,0.39343,1.170144,PRT,871150
30011203,179,9598,1996,6.168318925753421e-09,4.485846254722135e-08,0.39343,1.170144,PRT,871190
30017729,179,9599,1996,8.606198871804722e-06,1.5801628501115526e-06,0.39343,1.170144,PRT,871200
30024255,179,9600,1996,3.4272155730751094e-07,2.6674258308942573e-07,0.39343,1.170144,PRT,871310
30030781,179,9601,1996,2.315263584207383e-08,2.3496246680856678e-07,0.39343,1.170144,PRT,871390
30037307,179,9602,1996,6.670148262085901e-08,2.3548944528204667e-07,0.39343,1.170144,PRT,871411
30043833,179,9603,1996,5.001501171891126e-06,4.025404282163623e-06,0.39343,1.170144,PRT,871419
30050359,179,9604,1996,6.609601461724049e-08,5.5137525677098806e-08,0.39343,1.170144,PRT,871420
30056885,179,9605,1996,5.325754742940116e-08,9.78994756256759e-07,0.39343,1.170144,PRT,871491
30063411,179,9606,1996,3.20560761693587e-06,3.153883305526563e-07,0.39343,1.170144,PRT,871492
30069937,179,9607,1996,1.525824824674542e-07,5.211604985594659e-07,0.39343,1.170144,PRT,871493
30076463,179,9608,1996,8.596312288412303e-08,6.050299511962951e-07,0.39343,1.170144,PRT,871494
30082989,179,9609,1996,6.193016444419542e-08,2.0257085663866988e-07,0.39343,1.170144,PRT,871495
30089515,179,9610,1996,1.380536746769201e-07,8.457679695010005e-07,0.39343,1.170144,PRT,871496
30096041,179,9611,1996,2.024096203133908e-06,2.995943879828615e-06,0.39343,1.170144,PRT,871499
30102567,179,9612,1996,4.256605523661531e-06,1.0099197753919714e-06,0.39343,1.170144,PRT,871500
30109093,179,9613,1996,4.145792151443707e-07,1.4877275115331589e-06,0.39343,1.170144,PRT,871610
30115619,179,9614,1996,2.401626109908708e-07,3.6346931618015747e-07,0.39343,1.170144,PRT,871620
30122145,179,9615,1996,8.810559474877922e-07,1.0229467495429945e-06,0.39343,1.170144,PRT,871631
30128671,179,9616,1996,3.8539462704402505e-07,6.0778913093951515e-06,0.39343,1.170144,PRT,871639
30135197,179,9617,1996,1.0788179190400733e-07,3.174152090775407e-06,0.39343,1.170144,PRT,871640
30141723,179,9618,1996,2.406859559569615e-07,8.869501771879459e-07,0.39343,1.170144,PRT,871680
30148249,179,9619,1996,2.857866554116879e-07,6.7888542081839716e-06,0.39343,1.170144,PRT,871690
30154775,179,9620,1996,1.1185097103883996e-09,6.632902386200149e-08,0.39343,1.170144,PRT,880110
30161301,179,9621,1996,0.0,2.1559716792368867e-08,0.39343,1.170144,PRT,880190
30167827,179,9622,1996,2.439963325693383e-08,1.680693439768403e-07,0.39343,1.170144,PRT,880211
30174353,179,9623,1996,7.135055565605129e-07,1.4927039780610208e-06,0.39343,1.170144,PRT,880212
30180879,179,9624,1996,2.6353010009348793e-08,1.1891782975226991e-07,0.39343,1.170144,PRT,880220
30187405,179,9625,1996,2.472777388408013e-06,3.576647642963273e-06,0.39343,1.170144,PRT,880230
30193931,179,9626,1996,8.758657715160326e-06,4.3172920242630935e-06,0.39343,1.170144,PRT,880240
30200457,179,9627,1996,0.0,0.0,0.39343,1.170144,PRT,880250
30206983,179,9628,1996,4.067005551713585e-07,1.2105494289368227e-06,0.39343,1.170144,PRT,880310
30213509,179,9629,1996,1.37395478228542e-07,1.2174445611143545e-06,0.39343,1.170144,PRT,880320
30220035,179,9630,1996,3.6592510337211126e-06,2.174446815364487e-05,0.39343,1.170144,PRT,880330
30226561,179,9631,1996,2.8026956308241907e-07,5.949262161245754e-07,0.39343,1.170144,PRT,880390
30233087,179,9632,1996,2.5118740150120414e-09,3.845182947161537e-07,0.39343,1.170144,PRT,880400
30239613,179,9633,1996,0.0,6.375975522903541e-08,0.39343,1.170144,PRT,880510
30246139,179,9634,1996,1.8388287517303737e-09,7.904710245498489e-08,0.39343,1.170144,PRT,880520
30252665,179,9635,1996,0.0,1.1276013600460778e-07,0.39343,1.170144,PRT,890110
30259191,179,9636,1996,0.0,7.0422194924390605e-06,0.39343,1.170144,PRT,890120
30265717,179,9637,1996,2.2907348571719e-06,2.5819316936806997e-06,0.39343,1.170144,PRT,890130
30272243,179,9638,1996,3.4053596630259704e-05,6.515890959076468e-06,0.39343,1.170144,PRT,890190
30278769,179,9639,1996,4.3940155476679375e-06,1.41145715477051e-06,0.39343,1.170144,PRT,890200
30285295,179,9640,1996,5.083037226674717e-07,5.601201165337345e-07,0.39343,1.170144,PRT,890310
30291821,179,9641,1996,1.672522024810527e-08,1.3776397198251978e-06,0.39343,1.170144,PRT,890391
30298347,179,9642,1996,2.1293564216148402e-07,3.0739178022225133e-06,0.39343,1.170144,PRT,890392
30304873,179,9643,1996,3.6434718951082913e-07,1.0574002044195068e-06,0.39343,1.170144,PRT,890399
30311399,179,9644,1996,0.0,6.741877557319763e-07,0.39343,1.170144,PRT,890400
30317925,179,9645,1996,0.0,6.369810869062833e-07,0.39343,1.170144,PRT,890510
30324451,179,9646,1996,0.0,8.97501943392024e-06,0.39343,1.170144,PRT,890520
30330977,179,9647,1996,4.981928918663043e-10,6.0969188780508e-07,0.39343,1.170144,PRT,890590
30337503,179,9648,1996,2.392841066152501e-08,3.016812558811421e-07,0.39343,1.170144,PRT,890600
30344029,179,9649,1996,1.6273695060221577e-08,1.8297554325027287e-07,0.39343,1.170144,PRT,890710
30350555,179,9650,1996,2.9664901806919865e-08,5.718743879563534e-07,0.39343,1.170144,PRT,890790
30357081,179,9651,1996,6.273836422680334e-08,2.670196610792554e-07,0.39343,1.170144,PRT,890800
30363607,179,9652,1996,4.4604930859170875e-08,1.5414975446432275e-06,0.39343,1.170144,PRT,900110
30370133,179,9653,1996,1.0345381469235864e-08,2.2249760302925548e-08,0.39343,1.170144,PRT,900120
30376659,179,9654,1996,1.2139663776255564e-08,1.2030785976344892e-06,0.39343,1.170144,PRT,900130
30383185,179,9655,1996,2.199971021518345e-06,3.697219654829466e-06,0.39343,1.170144,PRT,900140
30389711,179,9656,1996,1.1955326345524256e-07,3.811121908959616e-06,0.39343,1.170144,PRT,900150
30396237,179,9657,1996,2.0322754758494576e-07,2.493731737437274e-07,0.39343,1.170144,PRT,900190
30402763,179,9658,1996,1.3107473167224797e-07,8.805919664739596e-07,0.39343,1.170144,PRT,900211
30409289,179,9659,1996,5.545047496102556e-07,6.100196750442445e-07,0.39343,1.170144,PRT,900219
30415815,179,9660,1996,8.282002271719036e-10,2.3262652700914148e-07,0.39343,1.170144,PRT,900220
30422341,179,9661,1996,2.0215691772669537e-07,1.0625480218095003e-06,0.39343,1.170144,PRT,900290
30428867,179,9662,1996,4.832168014064303e-07,7.675640326035834e-07,0.39343,1.170144,PRT,900311
30435393,179,9663,1996,6.729049571326811e-07,6.266356377460674e-06,0.39343,1.170144,PRT,900319
30441919,179,9664,1996,4.764378628473979e-08,5.050541803851084e-07,0.39343,1.170144,PRT,900390
30448445,179,9665,1996,1.1262917015460193e-07,4.753234800732827e-06,0.39343,1.170144,PRT,900410
30454971,179,9666,1996,6.594934469043799e-08,8.63735283982647e-07,0.39343,1.170144,PRT,900490
30461497,179,9667,1996,3.2918292304141304e-06,3.785710609248813e-07,0.39343,1.170144,PRT,900510
30468023,179,9668,1996,1.3785003378681417e-07,9.655007930056522e-08,0.39343,1.170144,PRT,900580
30474549,179,9669,1996,1.1347827993745435e-07,7.501014905842701e-07,0.39343,1.170144,PRT,900590
30481075,179,9670,1996,2.484570377811826e-08,1.017201027017053e-07,0.39343,1.170144,PRT,900610
30487601,179,9671,1996,6.739543743982121e-10,1.523050646607414e-07,0.39343,1.170144,PRT,900620
30494127,179,9672,1996,0.0,5.8856535394657164e-08,0.39343,1.170144,PRT,900630
30500653,179,9673,1996,0.0,2.192041532865073e-07,0.39343,1.170144,PRT,900640
30507179,179,9674,1996,2.011377435576414e-06,1.1206432555981302e-06,0.39343,1.170144,PRT,900651
30513705,179,9675,1996,3.2046166858188365e-09,2.9011192407374437e-07,0.39343,1.170144,PRT,900652
30520231,179,9676,1996,2.5605223690805626e-06,2.2788623963863917e-06,0.39343,1.170144,PRT,900653
30526757,179,9677,1996,6.020285332276115e-08,2.1088452206556889e-07,0.39343,1.170144,PRT,900659
30533283,179,9678,1996,1.2071480442514738e-08,2.1056502065145907e-07,0.39343,1.170144,PRT,900661
30539809,179,9679,1996,0.0,1.0143175598980121e-08,0.39343,1.170144,PRT,900662
30546335,179,9680,1996,5.957405146715131e-09,3.4410700019229904e-08,0.39343,1.170144,PRT,900669
30552861,179,9681,1996,9.033152301393418e-07,3.106595439073299e-06,0.39343,1.170144,PRT,900691
30559387,179,9682,1996,5.830887182996042e-08,2.1256124162364105e-07,0.39343,1.170144,PRT,900699
30565913,179,9683,1996,8.596251681004534e-09,1.2570922340011665e-08,0.39343,1.170144,PRT,900711
30572439,179,9684,1996,4.174335210132811e-09,1.196340564699995e-07,0.39343,1.170144,PRT,900719
30578965,179,9685,1996,0.0,0.0,0.39343,1.170144,PRT,900721
30585491,179,9686,1996,1.9547404190897783e-08,2.9129315129354457e-07,0.39343,1.170144,PRT,900729
30592017,179,9687,1996,8.01745093680463e-09,2.2770308976162973e-07,0.39343,1.170144,PRT,900791
30598543,179,9688,1996,7.291374191724542e-09,1.1495090814907447e-07,0.39343,1.170144,PRT,900792
30605069,179,9689,1996,2.4404957617706394e-06,1.4334278484855927e-07,0.39343,1.170144,PRT,900810
30611595,179,9690,1996,1.1439042142438719e-08,1.3950943074524585e-07,0.39343,1.170144,PRT,900820
30618121,179,9691,1996,1.9149031699628048e-07,5.680460053480728e-07,0.39343,1.170144,PRT,900830
30624647,179,9692,1996,2.7539490927550827e-07,3.985183561616026e-08,0.39343,1.170144,PRT,900840
30631173,179,9693,1996,1.0430050017890028e-07,1.7285391079643502e-07,0.39343,1.170144,PRT,900890
30637699,179,9694,1996,3.6171804016178284e-07,1.7783196820270746e-06,0.39343,1.170144,PRT,900911
30644225,179,9695,1996,9.678187851174353e-07,9.17393756744179e-06,0.39343,1.170144,PRT,900912
30650751,179,9696,1996,1.9426492412397385e-07,2.8994968761917306e-06,0.39343,1.170144,PRT,900921
30657277,179,9697,1996,7.165007746524877e-09,2.702166638183667e-07,0.39343,1.170144,PRT,900922
30663803,179,9698,1996,3.2121926117900396e-10,1.574538763497414e-08,0.39343,1.170144,PRT,900930
30670329,179,9699,1996,7.796597542892122e-07,3.5305854157521024e-06,0.39343,1.170144,PRT,900990
30676855,179,9700,1996,5.783946745678469e-08,1.6048546087746038e-06,0.39343,1.170144,PRT,901010
30683381,179,9701,1996,3.855449334152937e-08,7.104518290994449e-07,0.39343,1.170144,PRT,901020
30689907,179,9702,1996,2.337627717674374e-09,1.5370967772401672e-07,0.39343,1.170144,PRT,901030
30696433,179,9703,1996,1.130043300086959e-07,1.1438952692996742e-06,0.39343,1.170144,PRT,901090
30702959,179,9704,1996,2.695514460554e-09,6.091847953117315e-07,0.39343,1.170144,PRT,901110
30709485,179,9705,1996,1.4857906014723174e-08,3.915980350759045e-08,0.39343,1.170144,PRT,901120
30716011,179,9706,1996,1.2663523905312304e-07,6.098758331212947e-07,0.39343,1.170144,PRT,901180
30722537,179,9707,1996,2.518937808387591e-07,6.633780683655949e-07,0.39343,1.170144,PRT,901190
30729063,179,9708,1996,3.5002293172151746e-08,1.448405305854496e-07,0.39343,1.170144,PRT,901210
30735589,179,9709,1996,2.795122735223376e-07,2.374286597778522e-08,0.39343,1.170144,PRT,901290
30742115,179,9710,1996,1.588520157641829e-09,9.728188336939766e-08,0.39343,1.170144,PRT,901310
30748641,179,9711,1996,1.878678122338901e-08,6.930698252996634e-07,0.39343,1.170144,PRT,901320
30755167,179,9712,1996,8.222728226920345e-08,2.2998987804683046e-06,0.39343,1.170144,PRT,901380
30761693,179,9713,1996,4.095242542993453e-09,1.3719039402893218e-07,0.39343,1.170144,PRT,901390
30768219,179,9714,1996,6.390748112267938e-09,1.0547755864751752e-07,0.39343,1.170144,PRT,901410
30774745,179,9715,1996,1.1430981357205358e-06,2.893114802301587e-06,0.39343,1.170144,PRT,901420
30781271,179,9716,1996,2.906549454407829e-07,9.973415615259116e-07,0.39343,1.170144,PRT,901480
30787797,179,9717,1996,3.5683853776225045e-07,1.1322245189936066e-06,0.39343,1.170144,PRT,901490
30794323,179,9718,1996,4.364945507568276e-09,1.6706609627921538e-07,0.39343,1.170144,PRT,901510
30800849,179,9719,1996,6.65608734348335e-08,3.651970764205667e-07,0.39343,1.170144,PRT,901520
30807375,179,9720,1996,5.789219590154426e-09,2.0067837419617294e-07,0.39343,1.170144,PRT,901530
30813901,179,9721,1996,0.0,1.0927578085259896e-07,0.39343,1.170144,PRT,901540
30820427,179,9722,1996,3.806357333859543e-08,6.167364962665989e-07,0.39343,1.170144,PRT,901580
30826953,179,9723,1996,6.601419461675149e-08,1.7463350715838653e-06,0.39343,1.170144,PRT,901590
30833479,179,9724,1996,1.5007000237836446e-08,9.208981967361204e-07,0.39343,1.170144,PRT,901600
30840005,179,9725,1996,4.6241936943028406e-08,1.1077631062670767e-06,0.39343,1.170144,PRT,901710
30846531,179,9726,1996,4.37076381871416e-08,6.431175689418054e-07,0.39343,1.170144,PRT,901720
30853057,179,9727,1996,6.335595371197581e-09,3.8232884830369574e-07,0.39343,1.170144,PRT,901730
30859583,179,9728,1996,3.7381133927109465e-08,9.9208801700822e-07,0.39343,1.170144,PRT,901780
30866109,179,9729,1996,6.125772525499145e-08,2.1585104560336515e-07,0.39343,1.170144,PRT,901790
30872635,179,9730,1996,1.8557382184980986e-08,9.43100562119733e-07,0.39343,1.170144,PRT,901811
30879161,179,9731,1996,6.399766494544058e-07,9.457835785590502e-06,0.39343,1.170144,PRT,901819
30885687,179,9732,1996,1.0927151976416479e-07,7.935864947704218e-08,0.39343,1.170144,PRT,901820
30892213,179,9733,1996,2.6027548229625916e-07,1.6213546693555614e-06,0.39343,1.170144,PRT,901831
30898739,179,9734,1996,3.824388037671005e-08,9.630816635226776e-07,0.39343,1.170144,PRT,901832
30905265,179,9735,1996,1.5751007684505178e-06,5.0551371224264284e-06,0.39343,1.170144,PRT,901839
30911791,179,9736,1996,1.401364482449232e-08,1.0594709978171813e-06,0.39343,1.170144,PRT,901841
30918317,179,9737,1996,2.6123277630198035e-07,3.119317494862309e-06,0.39343,1.170144,PRT,901849
30924843,179,9738,1996,5.513516492210409e-08,2.356282825666635e-06,0.39343,1.170144,PRT,901850
30931369,179,9739,1996,1.0425862652087224e-05,2.243197421313679e-05,0.39343,1.170144,PRT,901890
30937895,179,9740,1996,1.0164498660747424e-07,1.962926869947122e-06,0.39343,1.170144,PRT,901910
30944421,179,9741,1996,2.1042588940574392e-08,2.136844017814578e-06,0.39343,1.170144,PRT,901920
30950947,179,9742,1996,1.3918491194294011e-08,6.252006322764915e-07,0.39343,1.170144,PRT,902000
30957473,179,9743,1996,3.435227872382254e-09,1.3806723317952236e-06,0.39343,1.170144,PRT,902111
30963999,179,9744,1996,2.150276280554681e-06,2.242411394805689e-06,0.39343,1.170144,PRT,902119
30970525,179,9745,1996,3.704930836957078e-09,2.5359331016059493e-07,0.39343,1.170144,PRT,902121
30977051,179,9746,1996,2.5919333703053254e-07,3.299558052978521e-07,0.39343,1.170144,PRT,902129
30983577,179,9747,1996,3.855994800822864e-08,1.88638042949365e-06,0.39343,1.170144,PRT,902130
30990103,179,9748,1996,5.460121365965371e-09,1.0254822120097375e-06,0.39343,1.170144,PRT,902140
30996629,179,9749,1996,0.0,1.7065137278039063e-06,0.39343,1.170144,PRT,902150
31003155,179,9750,1996,4.2136209318490806e-07,1.3148590176846275e-06,0.39343,1.170144,PRT,902190
31009681,179,9751,1996,1.5630983804528606e-07,5.919862065353611e-06,0.39343,1.170144,PRT,902211
31016207,179,9752,1996,5.419726528686917e-08,2.9598060824349806e-07,0.39343,1.170144,PRT,902219
31022733,179,9753,1996,2.431105553047853e-07,6.0232910366146e-07,0.39343,1.170144,PRT,902221
31029259,179,9754,1996,5.840432849719758e-09,2.2444311475210259e-07,0.39343,1.170144,PRT,902229
31035785,179,9755,1996,1.8156100538138308e-07,6.453597132016113e-07,0.39343,1.170144,PRT,902230
31042311,179,9756,1996,3.012436656522138e-07,3.0984527930755293e-06,0.39343,1.170144,PRT,902290
31048837,179,9757,1996,4.6811222324208476e-07,2.4076367121907482e-06,0.39343,1.170144,PRT,902300
31055363,179,9758,1996,2.263595769083779e-08,3.595875728585245e-07,0.39343,1.170144,PRT,902410
31061889,179,9759,1996,9.157324758431822e-08,1.3737026271921994e-06,0.39343,1.170144,PRT,902480
31068415,179,9760,1996,1.1603894291572094e-08,3.4619668527109825e-07,0.39343,1.170144,PRT,902490
31074941,179,9761,1996,1.1666319921574805e-08,4.4224795790336957e-07,0.39343,1.170144,PRT,902511
31081467,179,9762,1996,2.898476547692915e-07,8.671447352761612e-07,0.39343,1.170144,PRT,902519
31087993,179,9763,1996,0.0,0.0,0.39343,1.170144,PRT,902520
31094519,179,9764,1996,1.3060290300276143e-08,6.227768627314861e-07,0.39343,1.170144,PRT,902580
31101045,179,9765,1996,4.497433300952673e-08,5.880277696170217e-07,0.39343,1.170144,PRT,902590
31107571,179,9766,1996,3.41109400260839e-07,2.5958836973408313e-06,0.39343,1.170144,PRT,902610
31114097,179,9767,1996,8.324509277158261e-07,1.4215065348298708e-06,0.39343,1.170144,PRT,902620
31120623,179,9768,1996,1.716676036555892e-06,4.297965834472474e-06,0.39343,1.170144,PRT,902680
31127149,179,9769,1996,1.881884254209914e-07,1.0332407271579705e-06,0.39343,1.170144,PRT,902690
31133675,179,9770,1996,6.548933446546655e-08,1.2642849930146636e-06,0.39343,1.170144,PRT,902710
31140201,179,9771,1996,1.307695733741279e-08,5.880082150698926e-07,0.39343,1.170144,PRT,902720
31146727,179,9772,1996,3.2736788269723225e-08,2.8628788323779245e-06,0.39343,1.170144,PRT,902730
31153253,179,9773,1996,0.0,1.7346540468547298e-08,0.39343,1.170144,PRT,902740
31159779,179,9774,1996,8.000965721891293e-08,3.2657200691870733e-06,0.39343,1.170144,PRT,902750
31166305,179,9775,1996,2.3398495852432084e-06,5.883538996911753e-06,0.39343,1.170144,PRT,902780
31172831,179,9776,1996,1.905551446943952e-07,3.32254127451529e-06,0.39343,1.170144,PRT,902790
31179357,179,9777,1996,2.8258203872586903e-09,6.552891145141797e-07,0.39343,1.170144,PRT,902810
31185883,179,9778,1996,1.251876311185456e-07,8.834555476128691e-07,0.39343,1.170144,PRT,902820
31192409,179,9779,1996,3.8831105550589935e-07,5.309377721240298e-07,0.39343,1.170144,PRT,902830
31198935,179,9780,1996,1.0844413773699779e-06,1.0320899917743718e-06,0.39343,1.170144,PRT,902890
31205461,179,9781,1996,9.678912109697201e-08,1.038330543772581e-06,0.39343,1.170144,PRT,902910
31211987,179,9782,1996,2.9881058126730227e-07,2.9348551431642177e-06,0.39343,1.170144,PRT,902920
31218513,179,9783,1996,1.2579461430735837e-07,1.7130002030897395e-06,0.39343,1.170144,PRT,902990
31225039,179,9784,1996,1.2918772003134073e-08,8.564991072458632e-08,0.39343,1.170144,PRT,903010
31231565,179,9785,1996,4.556495219824171e-08,4.0795988809494945e-07,0.39343,1.170144,PRT,903020
31238091,179,9786,1996,2.800568310811477e-07,1.0703055426587269e-06,0.39343,1.170144,PRT,903031
31244617,179,9787,1996,5.882497421082265e-07,1.997211293992518e-06,0.39343,1.170144,PRT,903039
31251143,179,9788,1996,2.7401427252651625e-07,2.3724073726561126e-06,0.39343,1.170144,PRT,903040
31257669,179,9789,1996,9.252629907149555e-09,2.3898639488813866e-07,0.39343,1.170144,PRT,903081
31264195,179,9790,1996,4.6337120876930596e-07,2.0896234322607584e-06,0.39343,1.170144,PRT,903089
31270721,179,9791,1996,1.6634800056453769e-06,1.1968281026462144e-06,0.39343,1.170144,PRT,903090
31277247,179,9792,1996,2.155472153622771e-08,6.298864320614339e-07,0.39343,1.170144,PRT,903110
31283773,179,9793,1996,2.26265635426335e-08,9.624118374252543e-07,0.39343,1.170144,PRT,903120
31290299,179,9794,1996,0.0,7.11139221145984e-08,0.39343,1.170144,PRT,903130
31296825,179,9795,1996,4.0544840612683804e-08,8.444714035964386e-07,0.39343,1.170144,PRT,903140
31303351,179,9796,1996,2.9347446265763355e-06,8.665614794789097e-06,0.39343,1.170144,PRT,903180
31309877,179,9797,1996,9.661599603667807e-07,3.7102900467037764e-06,0.39343,1.170144,PRT,903190
31316403,179,9798,1996,2.2638412290852462e-07,3.849966188249123e-06,0.39343,1.170144,PRT,903210
31322929,179,9799,1996,6.522660135278524e-08,7.548635199597159e-07,0.39343,1.170144,PRT,903220
31329455,179,9800,1996,2.2924751988860047e-08,1.2526576604318828e-07,0.39343,1.170144,PRT,903281
31335981,179,9801,1996,9.942646456754873e-06,1.1538119767282587e-05,0.39343,1.170144,PRT,903289
31342507,179,9802,1996,1.06093721856284e-06,1.1240391181385547e-06,0.39343,1.170144,PRT,903290
31349033,179,9803,1996,2.8114624923580667e-07,1.3919413853026384e-06,0.39343,1.170144,PRT,903300
31355559,179,9804,1996,5.495710035807694e-07,2.4521080609914133e-06,0.39343,1.170144,PRT,910111
31362085,179,9805,1996,0.0,4.907197030404511e-09,0.39343,1.170144,PRT,910112
31368611,179,9806,1996,4.454644471067319e-09,4.884394439853935e-08,0.39343,1.170144,PRT,910119
31375137,179,9807,1996,9.497180797499985e-10,1.0463923201178167e-06,0.39343,1.170144,PRT,910121
31381663,179,9808,1996,2.9346106842051643e-09,3.640095519737249e-07,0.39343,1.170144,PRT,910129
31388189,179,9809,1996,0.0,8.730807003453592e-08,0.39343,1.170144,PRT,910191
31394715,179,9810,1996,9.703245983916704e-10,1.253731503358974e-07,0.39343,1.170144,PRT,910199
31401241,179,9811,1996,9.465264936568502e-07,1.215983604440707e-05,0.39343,1.170144,PRT,910211
31407767,179,9812,1996,5.747885338055543e-08,9.786036653141765e-07,0.39343,1.170144,PRT,910212
31414293,179,9813,1996,1.0783724545929666e-07,8.048906801760687e-07,0.39343,1.170144,PRT,910219
31420819,179,9814,1996,5.3801195877094685e-09,1.828046232510442e-06,0.39343,1.170144,PRT,910221
31427345,179,9815,1996,1.0196287246122591e-08,3.8288200998434856e-07,0.39343,1.170144,PRT,910229
31433871,179,9816,1996,3.3611959237916587e-08,2.934584030968427e-07,0.39343,1.170144,PRT,910291
31440397,179,9817,1996,1.3304538153587727e-08,2.6980303543163533e-07,0.39343,1.170144,PRT,910299
31446923,179,9818,1996,1.2525429926709218e-08,2.8793573498137397e-07,0.39343,1.170144,PRT,910310
31453449,179,9819,1996,1.8937693668735373e-08,1.1949319744406933e-07,0.39343,1.170144,PRT,910390
31459975,179,9820,1996,9.355874626285108e-08,2.6118610880773373e-07,0.39343,1.170144,PRT,910400
31466501,179,9821,1996,1.1378434734669096e-08,3.479138396554374e-07,0.39343,1.170144,PRT,910511
31473027,179,9822,1996,1.0120224949371714e-08,1.95573643096464e-07,0.39343,1.170144,PRT,910519
31479553,179,9823,1996,1.6294998564052598e-07,3.4367912018647356e-07,0.39343,1.170144,PRT,910521
31486079,179,9824,1996,5.262116964782011e-08,1.3120769690642563e-07,0.39343,1.170144,PRT,910529
31492605,179,9825,1996,1.4833966088654172e-08,2.592087795166765e-07,0.39343,1.170144,PRT,910591
31499131,179,9826,1996,1.2267969658503858e-07,5.447697970373692e-07,0.39343,1.170144,PRT,910599
31505657,179,9827,1996,2.3795377401470688e-08,5.757886117122008e-07,0.39343,1.170144,PRT,910610
31512183,179,9828,1996,2.5636933486550694e-09,7.268763229559034e-07,0.39343,1.170144,PRT,910620
31518709,179,9829,1996,1.2870589113957223e-08,2.5061737323394346e-07,0.39343,1.170144,PRT,910690
31525235,179,9830,1996,9.036564498450846e-09,1.2227504720463919e-06,0.39343,1.170144,PRT,910700
31531761,179,9831,1996,0.0,1.3697927120653803e-07,0.39343,1.170144,PRT,910811
31538287,179,9832,1996,0.0,2.3219201834327224e-08,0.39343,1.170144,PRT,910812
31544813,179,9833,1996,8.554735606682341e-10,6.224212351201378e-08,0.39343,1.170144,PRT,910819
31551339,179,9834,1996,0.0,1.0185930456262452e-08,0.39343,1.170144,PRT,910820
31557865,179,9835,1996,0.0,7.022071017370011e-09,0.39343,1.170144,PRT,910891
31564391,179,9836,1996,0.0,4.941666062632127e-10,0.39343,1.170144,PRT,910899
31570917,179,9837,1996,1.328938630164532e-08,6.864971774332611e-09,0.39343,1.170144,PRT,910911
31577443,179,9838,1996,3.0334007588696506e-09,1.488959448002294e-07,0.39343,1.170144,PRT,910919
31583969,179,9839,1996,1.4991545348855195e-08,1.4997674782036645e-07,0.39343,1.170144,PRT,910990
31590495,179,9840,1996,2.612482311909616e-09,1.4567143312193643e-08,0.39343,1.170144,PRT,911011
31597021,179,9841,1996,0.0,6.22762611112392e-10,0.39343,1.170144,PRT,911012
31603547,179,9842,1996,0.0,0.0,0.39343,1.170144,PRT,911019
31610073,179,9843,1996,0.0,4.528965688306873e-08,0.39343,1.170144,PRT,911090
31616599,179,9844,1996,0.0,3.6953785445023086e-08,0.39343,1.170144,PRT,911110
31623125,179,9845,1996,6.96091230086067e-08,8.196669577126434e-09,0.39343,1.170144,PRT,911120
31629651,179,9846,1996,0.0,1.664489680291402e-08,0.39343,1.170144,PRT,911180
31636177,179,9847,1996,9.788156962201947e-08,8.074768518921464e-08,0.39343,1.170144,PRT,911190
31642703,179,9848,1996,0.0,0.0,0.39343,1.170144,PRT,911210
31649229,179,9849,1996,2.363567688199773e-08,1.1136148873537186e-09,0.39343,1.170144,PRT,911280
31655755,179,9850,1996,2.1958063834934556e-09,4.707342930084781e-09,0.39343,1.170144,PRT,911290
31662281,179,9851,1996,4.006149653572106e-09,8.807997749663318e-08,0.39343,1.170144,PRT,911310
31668807,179,9852,1996,2.589354525104728e-07,5.372207475465192e-07,0.39343,1.170144,PRT,911320
31675333,179,9853,1996,1.8981937076407197e-08,6.521163063842282e-07,0.39343,1.170144,PRT,911390
31681859,179,9854,1996,1.190128878075686e-06,1.9475135781803408e-07,0.39343,1.170144,PRT,911410
31688385,179,9855,1996,4.0057011587546105e-07,1.4596176843185366e-07,0.39343,1.170144,PRT,911420
31694911,179,9856,1996,0.0,1.3337526874073913e-08,0.39343,1.170144,PRT,911430
31701437,179,9857,1996,0.0,0.0,0.39343,1.170144,PRT,911440
31707963,179,9858,1996,4.4418563080279287e-08,4.7486262248373944e-07,0.39343,1.170144,PRT,911490
31714489,179,9859,1996,7.008034560401552e-09,3.9568692402390536e-07,0.39343,1.170144,PRT,920110
31721015,179,9860,1996,0.0,1.9498435521857265e-07,0.39343,1.170144,PRT,920120
31727541,179,9861,1996,1.6103388244388935e-09,1.4740151339336096e-08,0.39343,1.170144,PRT,920190
31734067,179,9862,1996,1.1926022663867642e-08,6.816913989015264e-08,0.39343,1.170144,PRT,920210
31740593,179,9863,1996,1.373060823020818e-08,4.54314107781048e-07,0.39343,1.170144,PRT,920290
31747119,179,9864,1996,7.077127005258923e-09,2.826062923061812e-08,0.39343,1.170144,PRT,920300
31753645,179,9865,1996,0.0,3.2851440317133386e-07,0.39343,1.170144,PRT,920410
31760171,179,9866,1996,3.3758326127680227e-10,3.582525607257088e-08,0.39343,1.170144,PRT,920420
31766697,179,9867,1996,0.0,1.9761759042096115e-07,0.39343,1.170144,PRT,920510
31773223,179,9868,1996,5.15284180857338e-09,5.711266751034159e-07,0.39343,1.170144,PRT,920590
31779749,179,9869,1996,2.0681368790267436e-08,3.116875496502183e-07,0.39343,1.170144,PRT,920600
31786275,179,9870,1996,4.627799835065133e-08,1.4368084651079167e-06,0.39343,1.170144,PRT,920710
31792801,179,9871,1996,3.0024909809071428e-09,3.443940211721944e-07,0.39343,1.170144,PRT,920790
31799327,179,9872,1996,1.894890603917275e-09,8.996682557809292e-08,0.39343,1.170144,PRT,920810
31805853,179,9873,1996,1.5136397053424593e-08,2.2204685414627897e-08,0.39343,1.170144,PRT,920890
31812379,179,9874,1996,0.0,2.5763612992129155e-08,0.39343,1.170144,PRT,920910
31818905,179,9875,1996,3.6528084662752015e-09,1.4286750992342082e-08,0.39343,1.170144,PRT,920920
31825431,179,9876,1996,2.1355020127626802e-09,9.147584003705765e-08,0.39343,1.170144,PRT,920930
31831957,179,9877,1996,0.0,6.21834598706264e-09,0.39343,1.170144,PRT,920991
31838483,179,9878,1996,9.072928943112622e-10,4.4085229353115334e-08,0.39343,1.170144,PRT,920992
31845009,179,9879,1996,3.104978107445576e-08,1.9383859133000665e-08,0.39343,1.170144,PRT,920993
31851535,179,9880,1996,3.8842681565473935e-08,2.1367021644896412e-07,0.39343,1.170144,PRT,920994
31858061,179,9881,1996,6.672814988027765e-08,2.8144064243748385e-07,0.39343,1.170144,PRT,920999
31864587,179,9882,1996,9.834976184703981e-08,3.780378846542605e-06,0.39343,1.170144,PRT,930100
31871113,179,9883,1996,1.7572484535391108e-06,3.4634715585409183e-07,0.39343,1.170144,PRT,930200
31877639,179,9884,1996,0.0,9.350387857744973e-09,0.39343,1.170144,PRT,930310
31884165,179,9885,1996,1.3067632887727434e-06,2.629844642776091e-06,0.39343,1.170144,PRT,930320
31890691,179,9886,1996,2.0321960801452792e-06,3.8285251244715375e-07,0.39343,1.170144,PRT,930330
31897217,179,9887,1996,5.692550774761877e-09,6.963109086280657e-08,0.39343,1.170144,PRT,930390
31903743,179,9888,1996,7.831749839398503e-08,3.170773131318094e-07,0.39343,1.170144,PRT,930400
31910269,179,9889,1996,9.113899550764887e-08,1.110130863634712e-06,0.39343,1.170144,PRT,930510
31916795,179,9890,1996,1.2353556409385732e-06,1.3797297363369992e-06,0.39343,1.170144,PRT,930521
31923321,179,9891,1996,4.5630862754191176e-07,3.6625222652633432e-06,0.39343,1.170144,PRT,930529
31929847,179,9892,1996,3.4882048075136816e-07,8.124433754299426e-07,0.39343,1.170144,PRT,930590
31936373,179,9893,1996,2.2555046801465343e-09,6.594224154844738e-08,0.39343,1.170144,PRT,930610
31942899,179,9894,1996,1.4374531634056543e-07,2.3742368828281938e-07,0.39343,1.170144,PRT,930621
31949425,179,9895,1996,1.677194855949565e-07,5.654992741592556e-07,0.39343,1.170144,PRT,930629
31955951,179,9896,1996,3.422882143419581e-07,2.0142091669427626e-06,0.39343,1.170144,PRT,930630
31962477,179,9897,1996,1.0127449352377853e-06,1.2580875273067388e-06,0.39343,1.170144,PRT,930690
31969003,179,9898,1996,0.0,3.2350843910627714e-08,0.39343,1.170144,PRT,930700
31975529,179,9899,1996,4.458917293315077e-08,1.3392876185439409e-08,0.39343,1.170144,PRT,940110
31982055,179,9900,1996,2.428056091325924e-06,2.2249213438471936e-06,0.39343,1.170144,PRT,940120
31988581,179,9901,1996,3.180310084932829e-07,1.4834092709476435e-06,0.39343,1.170144,PRT,940130
31995107,179,9902,1996,9.623213901956917e-08,2.1852438419901846e-07,0.39343,1.170144,PRT,940140
32001633,179,9903,1996,2.8752457282948185e-08,3.584825752292277e-07,0.39343,1.170144,PRT,940150
32008159,179,9904,1996,1.4801753251424618e-06,5.534716367964314e-06,0.39343,1.170144,PRT,940161
32014685,179,9905,1996,2.6923659057203683e-07,7.183909752338707e-07,0.39343,1.170144,PRT,940169
32021211,179,9906,1996,1.1577236123264624e-06,3.045890170392434e-06,0.39343,1.170144,PRT,940171
32027737,179,9907,1996,5.542377739790304e-07,1.0107808383316575e-06,0.39343,1.170144,PRT,940179
32034263,179,9908,1996,4.038774621174494e-07,1.532858080575177e-06,0.39343,1.170144,PRT,940180
32040789,179,9909,1996,3.9457432805740545e-05,1.278130341534691e-05,0.39343,1.170144,PRT,940190
32047315,179,9910,1996,5.397089661884962e-09,8.481897504479926e-07,0.39343,1.170144,PRT,940210
32053841,179,9911,1996,2.4829794333578734e-07,2.082319643191528e-06,0.39343,1.170144,PRT,940290
32060367,179,9912,1996,3.5431684534717974e-06,2.536071640600864e-06,0.39343,1.170144,PRT,940310
32066893,179,9913,1996,2.5679613223102062e-06,9.469387882881786e-06,0.39343,1.170144,PRT,940320
32073419,179,9914,1996,1.5295685442524717e-06,2.9841249789705694e-06,0.39343,1.170144,PRT,940330
32079945,179,9915,1996,1.3399540265266611e-06,6.0177305851368825e-06,0.39343,1.170144,PRT,940340
32086471,179,9916,1996,1.0970989617493287e-05,4.082694796622939e-06,0.39343,1.170144,PRT,940350
32092997,179,9917,1996,1.6745239480965653e-05,1.7431383008478553e-05,0.39343,1.170144,PRT,940360
32099523,179,9918,1996,1.625375522306537e-07,3.1070690568334265e-06,0.39343,1.170144,PRT,940370
32106049,179,9919,1996,3.394675455843599e-07,2.048119403128688e-06,0.39343,1.170144,PRT,940380
32112575,179,9920,1996,1.7011287212777893e-06,6.259752243459064e-06,0.39343,1.170144,PRT,940390
32119101,179,9921,1996,7.110279257308907e-08,3.3244519857729074e-07,0.39343,1.170144,PRT,940410
32125627,179,9922,1996,8.319366738609009e-08,3.002434995176479e-07,0.39343,1.170144,PRT,940421
32132153,179,9923,1996,2.5831355989934867e-06,1.0147494170998637e-06,0.39343,1.170144,PRT,940429
32138679,179,9924,1996,5.5143346922152995e-08,1.864830987124349e-07,0.39343,1.170144,PRT,940430
32145205,179,9925,1996,1.742894801157031e-06,2.289087435936912e-06,0.39343,1.170144,PRT,940490
32151731,179,9926,1996,1.7365585997117557e-06,8.862219194522368e-06,0.39343,1.170144,PRT,940510
32158257,179,9927,1996,1.774880057570411e-06,1.97097538897227e-06,0.39343,1.170144,PRT,940520
32164783,179,9928,1996,1.1461860831463982e-07,3.607691315113269e-07,0.39343,1.170144,PRT,940530
32171309,179,9929,1996,1.6173441316659454e-06,5.932216561943193e-06,0.39343,1.170144,PRT,940540
32177835,179,9930,1996,2.5422222653415637e-06,7.183750664497658e-07,0.39343,1.170144,PRT,940550
32184361,179,9931,1996,1.0694222556505874e-06,2.4990303568432634e-06,0.39343,1.170144,PRT,940560
32190887,179,9932,1996,6.979712718750807e-07,9.317237928866069e-07,0.39343,1.170144,PRT,940591
32197413,179,9933,1996,2.451675707244863e-07,4.7386699774516485e-07,0.39343,1.170144,PRT,940592
32203939,179,9934,1996,8.598775979538138e-07,1.7108952720928397e-06,0.39343,1.170144,PRT,940599
32210465,179,9935,1996,3.597876033132087e-06,1.2127553144261892e-05,0.39343,1.170144,PRT,940600
32216991,179,9936,1996,7.230857695066573e-08,5.984344344527418e-07,0.39343,1.170144,PRT,950100
32223517,179,9937,1996,2.3793104623679327e-07,5.884181314069995e-06,0.39343,1.170144,PRT,950210
32230043,179,9938,1996,1.9893472489262334e-08,1.407128639761927e-07,0.39343,1.170144,PRT,950291
32236569,179,9939,1996,2.1103499385382862e-08,1.8861752724652953e-07,0.39343,1.170144,PRT,950299
32243095,179,9940,1996,5.42409026204633e-08,3.7491966353976944e-07,0.39343,1.170144,PRT,950310
32249621,179,9941,1996,1.446168508642926e-07,1.3969619324197913e-06,0.39343,1.170144,PRT,950320
32256147,179,9942,1996,9.28729734439378e-08,2.1141319084735993e-06,0.39343,1.170144,PRT,950330
32262673,179,9943,1996,1.163434951397633e-06,2.0075871355590346e-06,0.39343,1.170144,PRT,950341
32269199,179,9944,1996,6.185331425114354e-07,1.7195917426372664e-06,0.39343,1.170144,PRT,950349
32275725,179,9945,1996,3.1458881076900714e-08,5.475803488959285e-07,0.39343,1.170144,PRT,950350
32282251,179,9946,1996,1.0930545991251579e-08,7.383472191616511e-07,0.39343,1.170144,PRT,950360
32288777,179,9947,1996,3.135787883185264e-07,1.7407003791136567e-06,0.39343,1.170144,PRT,950370
32295303,179,9948,1996,1.2487429082037664e-07,2.9425984123943503e-06,0.39343,1.170144,PRT,950380
32301829,179,9949,1996,4.210889355980904e-06,1.0219315371139907e-05,0.39343,1.170144,PRT,950390
32308355,179,9950,1996,9.236841677425568e-08,1.0791797275789271e-05,0.39343,1.170144,PRT,950410
32314881,179,9951,1996,5.696217522931939e-08,5.18855050596242e-07,0.39343,1.170144,PRT,950420
32321407,179,9952,1996,1.071623819737819e-07,6.070062530450455e-06,0.39343,1.170144,PRT,950430
32327933,179,9953,1996,4.910715214533735e-09,1.891822890822589e-07,0.39343,1.170144,PRT,950440
32334459,179,9954,1996,1.2591401090066451e-07,2.0493400708757485e-06,0.39343,1.170144,PRT,950490
32340985,179,9955,1996,1.664649122541253e-07,1.960387761717355e-06,0.39343,1.170144,PRT,950510
32347511,179,9956,1996,2.5920788280839723e-07,1.4130009696947045e-06,0.39343,1.170144,PRT,950590
32354037,179,9957,1996,5.095567808231087e-09,5.901164603968143e-09,0.39343,1.170144,PRT,950611
32360563,179,9958,1996,1.9788318636782037e-09,3.283506752682527e-09,0.39343,1.170144,PRT,950612
32367089,179,9959,1996,3.7219918222442266e-08,5.414720386655925e-08,0.39343,1.170144,PRT,950619
32373615,179,9960,1996,7.3986493034767754e-09,1.6091039112956639e-07,0.39343,1.170144,PRT,950621
32380141,179,9961,1996,1.348184512501776e-07,1.0111430946030495e-06,0.39343,1.170144,PRT,950629
32386667,179,9962,1996,1.0730117293757434e-07,6.762943438938871e-07,0.39343,1.170144,PRT,950631
32393193,179,9963,1996,4.891017807008608e-10,1.7318236090160392e-07,0.39343,1.170144,PRT,950632
32399719,179,9964,1996,1.8412833517450433e-08,2.0463700997431364e-07,0.39343,1.170144,PRT,950639
32406245,179,9965,1996,3.2031015006245963e-10,2.2164946597665482e-07,0.39343,1.170144,PRT,950640
32412771,179,9966,1996,0.0,3.8366949479754866e-07,0.39343,1.170144,PRT,950651
32419297,179,9967,1996,0.0,6.02372852817749e-08,0.39343,1.170144,PRT,950659
32425823,179,9968,1996,9.418391167399475e-10,1.3700081435168028e-07,0.39343,1.170144,PRT,950661
32432349,179,9969,1996,8.787771089556543e-08,1.3494152167918181e-06,0.39343,1.170144,PRT,950662
32438875,179,9970,1996,1.2471489333794252e-08,9.779328449177468e-08,0.39343,1.170144,PRT,950669
32445401,179,9971,1996,4.453129285873079e-08,1.2481408914780567e-06,0.39343,1.170144,PRT,950670
32451927,179,9972,1996,5.194391216969845e-07,2.8720217431762993e-06,0.39343,1.170144,PRT,950691
32458453,179,9973,1996,8.01365994344864e-07,2.9632695573078512e-06,0.39343,1.170144,PRT,950699
32464979,179,9974,1996,4.487096707557564e-07,9.63354764316481e-07,0.39343,1.170144,PRT,950710
32471505,179,9975,1996,1.6235333601473794e-06,3.095276007749552e-07,0.39343,1.170144,PRT,950720
32478031,179,9976,1996,6.043801006490729e-08,5.249119887112388e-07,0.39343,1.170144,PRT,950730
32484557,179,9977,1996,2.645713353589701e-07,1.0124665065807888e-06,0.39343,1.170144,PRT,950790
32491083,179,9978,1996,1.6130237326030876e-07,5.357690709969332e-07,0.39343,1.170144,PRT,950800
32497609,179,9979,1996,7.666837082857359e-10,4.659749150970497e-08,0.39343,1.170144,PRT,960110
32504135,179,9980,1996,3.774629355892145e-09,1.8296096019817657e-07,0.39343,1.170144,PRT,960190
32510661,179,9981,1996,1.6085812096135744e-08,8.667662387876618e-07,0.39343,1.170144,PRT,960200
32517187,179,9982,1996,1.677761535212211e-07,1.4049478106075258e-07,0.39343,1.170144,PRT,960310
32523713,179,9983,1996,8.458642561663604e-08,8.3661511571256e-07,0.39343,1.170144,PRT,960321
32530239,179,9984,1996,8.427399442958362e-08,5.29186148707463e-07,0.39343,1.170144,PRT,960329
32536765,179,9985,1996,9.297782425937924e-09,4.0701497260570974e-07,0.39343,1.170144,PRT,960330
32543291,179,9986,1996,1.6847253263649407e-07,1.71975281907633e-07,0.39343,1.170144,PRT,960340
32549817,179,9987,1996,2.445933155358691e-08,4.4522157479900576e-07,0.39343,1.170144,PRT,960350
32556343,179,9988,1996,1.244054925212786e-07,1.079264176707885e-06,0.39343,1.170144,PRT,960390
32562869,179,9989,1996,3.094311203678122e-09,4.272337114712235e-08,0.39343,1.170144,PRT,960400
32569395,179,9990,1996,1.2059389264664698e-07,3.4314087299091926e-07,0.39343,1.170144,PRT,960500
32575921,179,9991,1996,4.917078992349546e-08,2.1189191267572113e-06,0.39343,1.170144,PRT,960610
32582447,179,9992,1996,1.0573750181711805e-07,2.967228193085992e-06,0.39343,1.170144,PRT,960621
32588973,179,9993,1996,3.1765857597253855e-08,9.786686261826054e-07,0.39343,1.170144,PRT,960622
32595499,179,9994,1996,2.41939923223715e-07,1.7035367965782482e-06,0.39343,1.170144,PRT,960629
32602025,179,9995,1996,1.6277634541726603e-08,9.821851303358267e-08,0.39343,1.170144,PRT,960630
32608551,179,9996,1996,5.270847461871225e-07,1.4242491429229815e-06,0.39343,1.170144,PRT,960711
32615077,179,9997,1996,8.116365256655044e-07,2.187695783340376e-06,0.39343,1.170144,PRT,960719
32621603,179,9998,1996,2.981672336338277e-08,2.38069352914383e-06,0.39343,1.170144,PRT,960720
32628129,179,9999,1996,3.9935069483113627e-07,4.688317350027147e-06,0.39343,1.170144,PRT,960810
32634655,179,10000,1996,3.0679591027798897e-07,1.4513036874586354e-06,0.39343,1.170144,PRT,960820
32641181,179,10001,1996,6.618328928442875e-10,1.9393470690064133e-07,0.39343,1.170144,PRT,960831
32647707,179,10002,1996,2.668332038169324e-08,8.980216966260562e-07,0.39343,1.170144,PRT,960839
32654233,179,10003,1996,1.0937515843145085e-08,3.5022227051568107e-07,0.39343,1.170144,PRT,960840
32660759,179,10004,1996,3.506896132069833e-08,6.165339907022616e-07,0.39343,1.170144,PRT,960850
32667285,179,10005,1996,4.639194027725822e-09,2.6423761245888424e-07,0.39343,1.170144,PRT,960860
32673811,179,10006,1996,0.0,4.36063086649528e-08,0.39343,1.170144,PRT,960891
32680337,179,10007,1996,9.519454019855322e-08,2.4985441446290525e-07,0.39343,1.170144,PRT,960899
32686863,179,10008,1996,7.980571329176815e-08,8.712823448754838e-07,0.39343,1.170144,PRT,960910
32693389,179,10009,1996,3.470380168888635e-09,1.281018382429162e-07,0.39343,1.170144,PRT,960920
32699915,179,10010,1996,1.7676756550088357e-08,5.065015483056661e-07,0.39343,1.170144,PRT,960990
32706441,179,10011,1996,5.079603817024567e-07,1.092426375523801e-07,0.39343,1.170144,PRT,961000
32712967,179,10012,1996,8.257759308611186e-09,3.603028052772475e-07,0.39343,1.170144,PRT,961100
32719493,179,10013,1996,2.4225529387004425e-06,2.9679006706474327e-06,0.39343,1.170144,PRT,961210
32726019,179,10014,1996,1.961861789502709e-09,5.8413078037728806e-08,0.39343,1.170144,PRT,961220
32732545,179,10015,1996,1.518488297964029e-08,1.286994782324627e-06,0.39343,1.170144,PRT,961310
32739071,179,10016,1996,3.245253952728369e-08,4.898032907893997e-07,0.39343,1.170144,PRT,961320
32745597,179,10017,1996,0.0,3.6155031909748546e-08,0.39343,1.170144,PRT,961330
32752123,179,10018,1996,6.909820256110878e-08,6.432942227319718e-07,0.39343,1.170144,PRT,961380
32758649,179,10019,1996,2.1694421611136693e-09,1.4574766271243982e-07,0.39343,1.170144,PRT,961390
32765175,179,10020,1996,0.0,0.0,0.39343,1.170144,PRT,961410
32771701,179,10021,1996,3.427348909372203e-10,6.969041737019834e-08,0.39343,1.170144,PRT,961420
32778227,179,10022,1996,0.0,3.349561350018716e-08,0.39343,1.170144,PRT,961490
32784753,179,10023,1996,1.4850936162829668e-08,2.829977146817659e-07,0.39343,1.170144,PRT,961511
32791279,179,10024,1996,4.498887878739144e-09,2.613501681438171e-07,0.39343,1.170144,PRT,961519
32797805,179,10025,1996,6.1177117402657846e-09,3.4694075236101167e-07,0.39343,1.170144,PRT,961590
32804331,179,10026,1996,2.3003844655999405e-08,2.0215523965392536e-07,0.39343,1.170144,PRT,961610
32810857,179,10027,1996,8.230485975114856e-10,1.829543315381328e-08,0.39343,1.170144,PRT,961620
32817383,179,10028,1996,4.564171148018194e-07,6.522107647898519e-07,0.39343,1.170144,PRT,961700
32823909,179,10029,1996,3.766871607697633e-08,4.578836412146193e-07,0.39343,1.170144,PRT,961800
32830435,179,10030,1996,2.0574948242964756e-06,2.3241142699072107e-06,0.39343,1.170144,PRT,970110
32836961,179,10031,1996,1.3676061563215517e-08,8.996516841308198e-08,0.39343,1.170144,PRT,970190
32843487,179,10032,1996,1.5276097128333575e-09,1.2410276763850848e-07,0.39343,1.170144,PRT,970200
32850013,179,10033,1996,7.110339864716676e-08,4.550207229417141e-07,0.39343,1.170144,PRT,970300
32856539,179,10034,1996,7.31484138001294e-07,6.702437030059318e-08,0.39343,1.170144,PRT,970400
32863065,179,10035,1996,1.3994644402156543e-07,1.0727926159071502e-06,0.39343,1.170144,PRT,970500
32869591,179,10036,1996,2.875966956447277e-07,3.3535683750151764e-07,0.39343,1.170144,PRT,970600
32876117,179,10037,1996,0.0,0.0,0.39343,1.170144,PRT,999999
32882643,179,10038,1996,0.0,0.0,0.39343,1.170144,PRT,9999AA
32889169,179,10039,1996,0.0,0.0,0.39343,1.170144,PRT,XXXXXX
32894308,179,11003,1996,0.0004878896325454683,0.0007291526048149348,0.39343,1.170144,PRT,ict
32898665,179,11004,1996,8.787388535598701e-05,9.24709318313647e-05,0.39343,1.170144,PRT,financial
32903022,179,11002,1996,0.00043940370632976957,0.0005866364138738339,0.39343,1.170144,PRT,transport
32907379,179,11001,1996,0.0014515474160824802,0.0007589815750119094,0.39343,1.170144,PRT,travel
32911736,179,11000,1996,0.0,0.0,0.39343,1.170144,PRT,unspecified
